time,Fx,Fy,Fz
0.0,0.06722126983149672,0.008051527574278142,-0.010691319957037244
0.0016570091247558594,0.06868811718012605,0.009108420826029607,-0.013032630544921589
0.006131649017333984,0.06890338453504101,0.01062610576198014,-0.01620288853676788
0.007118940353393555,0.06833070848905423,0.010676724078838174,-0.015872745768779513
0.008397102355957031,0.06781051659879811,0.007744991157676348,-0.01530162629617971
0.009853601455688477,0.06872543752874528,0.008190271026856903,-0.013702421436005035
0.011606693267822266,0.06749431184914235,0.010539550314470018,-0.017411639389678935
0.013299942016601562,0.06996247998246614,0.011895287457875981,-0.01313105725117605
0.018990516662597656,0.06874251622346368,0.008374278340782122,-0.011903874273743016
0.020404815673828125,0.06881438252551822,0.009420249469907075,-0.014916310527090778
0.02154684066772461,0.06956361111165117,0.008279615226876341,-0.014680571995282344
0.023207664489746094,0.0699951621501863,0.011271944181713957,-0.016357154349097163
0.02493429183959961,0.06728277497473328,0.009179355202133633,-0.015137584601628298
0.03160524368286133,0.07216664996751804,0.010611366400333149,-0.013647811524153248
0.032947540283203125,0.07456766980996282,0.010568547206096655,-0.013366167728624534
0.033992767333984375,0.07639133274033227,0.010065752004869664,-0.014263537699369808
0.03499293327331543,0.07663441142050988,0.010446059817817243,-0.015599288305929533
0.03667473793029785,0.08005120718969957,0.011433835766523605,-0.010022622309871245
0.03826165199279785,0.08276853611694239,0.010358084881916713,-0.009947136375926983
0.04373526573181152,0.09112811583545753,0.012774967299871116,-0.007632495448517829
0.04494047164916992,0.09252966688729772,0.012208863764141487,-0.004645639787627095
0.046694040298461914,0.09776541610695877,0.012216314491838489,-0.0009736966215635736
0.04824686050415039,0.09881706814204058,0.01221086020348671,-0.00024621705001428977
0.05001950263977051,0.10663770023745961,0.009867731069973303,0.0030101948447379514
0.05145001411437988,0.10814526919244735,0.012754230777777778,0.0043871003558460415
0.05408763885498047,0.11714124367851003,0.00907972330931232,0.005006959790114613
0.055138349533081055,0.11962305898739255,0.007885178178796562,0.007747163570200572
0.056542396545410156,0.12104579838087057,0.007958075037371134,0.016089919136168383
0.05818033218383789,0.1263271405637978,0.009465497823428325,0.0168994062209652
0.05995440483093262,0.1336392796597599,0.009653576266504716,0.018969620489854244
0.06168055534362793,0.13946327639785408,0.010251221092703863,0.02653515761430615
0.06322860717773438,0.14532172723595024,0.010049925009867011,0.03166340864049764
0.06876873970031738,0.16164438849828033,0.01884545104600172,0.03852871684494124
0.0699617862701416,0.16538603161263973,0.02021322323688736,0.043166313323015196
0.07158994674682617,0.1669123125919452,0.019777438439518947,0.03973705383974269
0.07325530052185059,0.17045979105553113,0.022801737619340658,0.050071606295677654
0.07499837875366211,0.17869097071188575,0.025618417648747026,0.05185551335699286
0.08151602745056152,0.17925944967511157,0.030138302794731543,0.07048823170505254
0.08291840553283691,0.1765467233135569,0.03743000607323015,0.07444756419661794
0.08396100997924805,0.1749453558945861,0.0407157006396448,0.07615586306960756
0.08493351936340332,0.1766528935310799,0.04131737358722429,0.07699759060040104
0.08651924133300781,0.17796810720360567,0.04539994383330949,0.07582366085849192
0.08825016021728516,0.18433812150171183,0.041310023442225396,0.07016989235820256
0.09364199638366699,0.17558624508929577,0.029831338481690138,0.06308259906450704
0.09504818916320801,0.17936408272225352,0.025985626498591548,0.06464898408957746
0.09663939476013184,0.17198488778512155,0.03054553337880332,0.05835953006303683
0.09821391105651855,0.1638002522277412,0.03105804574048096,0.056642661143286574
0.10009121894836426,0.17147672748814055,0.03800263298081991,0.05687081713250366
0.10146284103393555,0.17584657310629098,0.04098364248486539,0.06370032092955782
0.1061704158782959,0.17037779207362497,0.047606333444781296,0.05300945307102642
0.10721993446350098,0.17241162495513004,0.053105437209488425,0.05383154757959417
0.10817790031433105,0.17605678177050588,0.056774355803943986,0.05446629339754216
0.10981082916259766,0.1657082999429963,0.054223801773560586,0.052930093326267545
0.11159443855285645,0.16475750342257556,0.05737901892694456,0.052263802101991115
0.11318683624267578,0.1675219416015424,0.06346068774721508,0.04780728425992574
0.11795377731323242,0.1675538135534379,0.07620449684606363,0.04618340446562087
0.11875605583190918,0.1695936976254017,0.07753838351613804,0.04391013522830795
0.11997175216674805,0.16393649997149642,0.08141315472446556,0.0440757875391924
0.1215825080871582,0.1563326145566186,0.0876995557639583,0.04554471741268028
0.12387204170227051,0.1631990205172464,0.09225702723795662,0.038460321699024885
0.12492084503173828,0.1613537485357299,0.09510395363222238,0.03887187820768447
0.12646961212158203,0.1645916299883312,0.09650638030943344,0.032431419761985096
0.1313624382019043,0.16975734008056395,0.10732647241188319,0.027960300502517625
0.13255834579467773,0.16785607820249535,0.11196532415015059,0.02935593749706009
0.13356375694274902,0.16729783158525743,0.11393972863014484,0.030232974316219702
0.1350080966949463,0.16982220565010026,0.11543887850200515,0.026045627171011172
0.1366252899169922,0.17903808582859185,0.11430308205318084,0.029749862687491066
0.1381216049194336,0.17458686020536224,0.11666389442855106,0.026965106644181402
0.1439208984375,0.19410206161271842,0.1161003753125179,0.017110433314809513
0.14503931999206543,0.19700978219550272,0.11538901627012318,0.01824333534588943
0.1464982032775879,0.19605312231232994,0.11971600740168982,0.022464616135042244
0.14823365211486816,0.20668337702920964,0.1205953493768614,0.030034780144902636
0.14995884895324707,0.21137171292472212,0.1192771627606585,0.031045480662445477
0.15782380104064941,0.23246708613205883,0.12538565060470588,0.045815615776764705
0.15900874137878418,0.23650035455721036,0.1252072671281684,0.047291338095231276
0.15998220443725586,0.239437571087355,0.12505133605427468,0.049492455738651006
0.16172122955322266,0.24278145365465464,0.1304320592096382,0.04902283564178464
0.16321659088134766,0.24651854104001145,0.13228461758545298,0.04551887375635896
0.16493558883666992,0.24642543559235852,0.13444621572996265,0.04732435295116346
0.1687300205230713,0.2558442476267751,0.13317321792609954,0.05802714004866952
0.17003631591796875,0.25548530551744103,0.13584010323507514,0.06323235775003447
0.1714615821838379,0.25805462028478354,0.1351418046047488,0.06690691272419286
0.17371177673339844,0.2598647448784916,0.13646558644832402,0.07954802109916201
0.17480778694152832,0.26279824595195533,0.13590295859106147,0.08401874099553072
0.17876696586608887,0.27123167873065784,0.13319866897724453,0.08830273361150186
0.17988801002502441,0.27191659496731485,0.13446469560860572,0.0937529533844987
0.18153977394104004,0.274174281975705,0.1364190870660882,0.1006123940736081
0.18315649032592773,0.276767480967898,0.1366443152044855,0.10397862519700968
0.18492412567138672,0.27664402300381163,0.1362802647559216,0.11120949475741901
0.18651413917541504,0.27280189884340994,0.13336043699516323,0.11270422524486096
0.19354557991027832,0.27770386707502204,0.12904091723609884,0.13668912382068255
0.19484758377075195,0.27802736717728055,0.13237198027710842,0.14591501668502582
0.19661951065063477,0.28384174733885714,0.13146357306514286,0.1584707615422857
0.1981337070465088,0.28857307257492487,0.1350423540854444,0.16322606801674538
0.1998612880706787,0.29271201987643874,0.13727424880113717,0.17474247859312164
0.20615911483764648,0.31920865805867055,0.14417177016286126,0.199542188366763
0.2070319652557373,0.3212511746113074,0.14706829983392225,0.20397354177561838
0.2081456184387207,0.32776336012190815,0.14635217886572438,0.2128210257840106
0.21002936363220215,0.3368461135180218,0.149875744736798,0.23070928766610785
0.21190524101257324,0.3469389037379695,0.15329572645422535,0.24271007108245307
0.21343564987182617,0.34580746087008546,0.15567367036837607,0.2442930104440171
0.21876311302185059,0.3748521142635503,0.16829155411041008,0.28113321778864353
0.2199687957763672,0.38925027501175796,0.16696106857728704,0.28972514055205045
0.22149443626403809,0.39060145078219805,0.17239210087664567,0.29999020754979966
0.22311043739318848,0.3977581540365976,0.17402000290779127,0.3111919193912795
0.22481799125671387,0.4099370423782288,0.1828307661900369,0.3297329804541584
0.23147201538085938,0.45783111084857264,0.19569569831850459,0.3739201252835821
0.23290634155273438,0.46591850888740455,0.2025745351125954,0.386014412370229
0.23420333862304688,0.47068134918231347,0.2068207632334451,0.39803055172422463
0.2353975772857666,0.4791570623921712,0.20602940772657968,0.40877955147192496
0.2365260124206543,0.48131001465019796,0.2090101922850022,0.42014321246840636
0.23834013938903809,0.49243400749236477,0.2110243540258313,0.4331497826915941
0.23977327346801758,0.49888799752233626,0.21540889986641606,0.4384897303449472
0.2438192367553711,0.5134117961605045,0.22444528887044998,0.46881274853453714
0.2449049949645996,0.5198892242009172,0.22856795367354543,0.4846406565173402
0.24663996696472168,0.5282411275913192,0.23783097953717233,0.5187075427110729
0.2482600212097168,0.53681692574188,0.2489908850796967,0.5460219180910001
0.24997711181640625,0.5452094781299507,0.25640752112473575,0.5703385315963354
0.25162839889526367,0.5534979832770124,0.260119229137781,0.5795252374590283
0.25629687309265137,0.5794249949435426,0.2779382840116363,0.6076577693901739
0.2573893070220947,0.5860141194051576,0.28317657003610314,0.6156630310186246
0.2585721015930176,0.5870559123472779,0.28535135303094555,0.6202622298373925
0.2598607540130615,0.5906803201083578,0.2905225765346493,0.6292920109735405
0.26160454750061035,0.5946762181380569,0.29592457981081083,0.6419583034280496
0.26317858695983887,0.6048225579648672,0.2975702735621251,0.647411471680377
0.2686431407928467,0.6364182156077981,0.31185036966743124,0.6538501449380735
0.27008485794067383,0.6362932422518635,0.31703772221831994,0.6620489815035837
0.2715268135070801,0.6368143528426032,0.3176490988625287,0.6659687903444668
0.2738161087036133,0.6383978044628906,0.32507461378515623,0.6816773093649554
0.2749624252319336,0.639816601126953,0.32740282205078125,0.6857260505033482
0.28136324882507324,0.6770459583441658,0.3353860365350889,0.6823305431994677
0.2825596332550049,0.6842454553989409,0.3373433200425125,0.6837693502347749
0.2835359573364258,0.6890211831879964,0.3389450367040306,0.6877926353274493
0.285001277923584,0.6827132576571819,0.3449432440593707,0.6973486399770178
0.28661370277404785,0.685754430646944,0.3472965087957651,0.6990974392847275
0.2881460189819336,0.6984565930892628,0.34936128637102526,0.6973314484816768
0.29357099533081055,0.7433386491962052,0.34365025282147477,0.6747710058046571
0.29503536224365234,0.7462040745152192,0.3440457922887462,0.6717046696713209
0.29670000076293945,0.7553174145397825,0.3460253931373784,0.671017731765312
0.29882216453552246,0.7652557776183682,0.34661004216110264,0.6692071779499931
0.29999470710754395,0.7690232994346863,0.3447063585500762,0.6632766224500624
0.30380678176879883,0.8042324669335605,0.34274780232708685,0.6342663200448609
0.3047785758972168,0.8089263663134583,0.3421044053798978,0.6292073519080068
0.30648255348205566,0.8200066562312562,0.34025496713973236,0.6133928322950065
0.3083808422088623,0.8290804693005316,0.3398102347085189,0.6050652646944404
0.3099980354309082,0.8338996317905029,0.3441683444553073,0.6024065475
0.31154847145080566,0.8431452646171094,0.3454388526336761,0.5989204066273921
0.31327271461486816,0.8559589283254655,0.3406118599256707,0.5861321949209793
0.31890368461608887,0.8999847737477064,0.33338703008142206,0.5554010490556193
0.3201427459716797,0.8983382723658256,0.3311815308569381,0.552557803581852
0.32166361808776855,0.8964913798870736,0.33402257962224136,0.5552869021805674
0.32329750061035156,0.8962010823069887,0.33551626312848365,0.5553281129626984
0.3247976303100586,0.8915436600187965,0.33656966659279003,0.5531931578684248
0.3313472270965576,0.9020271771941887,0.3263913515415708,0.506568376145138
0.3325669765472412,0.9035573933512595,0.32521610580413246,0.49952766719912256
0.33354997634887695,0.9065139262813473,0.32535745596801585,0.49675179297254457
0.33508753776550293,0.905546347263498,0.3232115791789202,0.4850098062043366
0.33665037155151367,0.9058173523779574,0.32568470015031736,0.48596671995845353
0.3382277488708496,0.9110779059040822,0.3221531012706252,0.4759421271193263
0.33986353874206543,0.9141529938495692,0.32140540045874105,0.45938122941258946
0.34366297721862793,0.9312416607272728,0.3216704190783699,0.432418601862069
0.3452901840209961,0.9344100581030567,0.3241854423119742,0.43024333787352775
0.3466196060180664,0.9329823745909983,0.3268577059115255,0.43031071115227143
0.34820127487182617,0.934697317547661,0.3323795578949691,0.4331395073396587
0.3498873710632324,0.9359784209499722,0.33423941529919177,0.43169062305239686
0.35641050338745117,0.9717045068559227,0.35003828295197426,0.39326092917768135
0.3576328754425049,0.9766611904467304,0.3552113710683321,0.3889834282233652
0.35866379737854004,0.9786469053419805,0.3609849174308229,0.38984646174184096
0.35991644859313965,0.9848937559935844,0.36779096588465826,0.3964549539334728
0.36179280281066895,0.9857708802100841,0.37856435017647055,0.4000152484705882
0.3632340431213379,0.9908723819677742,0.38157329720048483,0.3847207831115072
0.36496686935424805,0.9960409047794017,0.39540338139038383,0.3768947368164185
0.3688395023345947,1.0183364834864517,0.41718684457935484,0.3555441983987097
0.3699522018432617,1.0232229375357706,0.4270764912428674,0.35880741431240143
0.37154531478881836,1.0224173142957504,0.4373812577284304,0.3597668873594219
0.37323713302612305,1.0286397813921568,0.45169876549019605,0.3633046449607843
0.374786376953125,1.031741616340081,0.46548939459919025,0.36732360609615383
0.3817009925842285,1.0744667897213918,0.5231438642457733,0.32206661313692886
0.38303256034851074,1.0790246553182954,0.5355466981548861,0.31927422248949305
0.3841056823730469,1.0818677291598102,0.5450759347509413,0.32011826758081163
0.38510727882385254,1.0848487496208339,0.5530801824774787,0.3212385156961372
0.3866603374481201,1.088413319435256,0.565582865309741,0.32345844889405534
0.38828325271606445,1.0988961909518173,0.5796563583093371,0.30884872269536706
0.39374375343322754,1.1171785719483798,0.6268102365428736,0.27358988153971897
0.39529919624328613,1.1155678174154022,0.6387248428935013,0.2772076841325508
0.396700382232666,1.114833089782422,0.6488307372590896,0.27576405199742343
0.3983573913574219,1.1213569141220314,0.660862722065093,0.279533884874392
0.3999309539794922,1.1243785591998041,0.6717389710540465,0.28199384761789414
0.4016540050506592,1.1293661760972973,0.6825928904628196,0.2683653507897736
0.40620851516723633,1.138984127690749,0.7068084140493293,0.24631911165693124
0.40714168548583984,1.144188312895031,0.7115338126939136,0.23996297528800353
0.408341646194458,1.1462908860114671,0.7174711381678918,0.2388264562584534
0.40998077392578125,1.1491032415278424,0.7256057305044465,0.24461622933575045
0.4117240905761719,1.1490567324754395,0.7328745198724651,0.24678102735872012
0.4133412837982178,1.1506369398666667,0.7409762788888888,0.23570119206666665
0.4149293899536133,1.1545909657773405,0.7493547987284228,0.22307001119117234
0.4205453395843506,1.1747954581457438,0.7711991100644884,0.22054125211521927
0.4216628074645996,1.1779694847391804,0.7747432934568644,0.22474335785182
0.4232149124145508,1.1780733918098512,0.7786798095498282,0.2273151815910653
0.42502498626708984,1.1810365246747605,0.7848297303837936,0.23212854186651866
0.42650485038757324,1.1823127882069804,0.7872290718585324,0.2218818899313403
0.43136096000671387,1.1890003760217267,0.8028629782338479,0.20248528165008578
0.4326612949371338,1.1872200036866056,0.8071152038113909,0.19853474866485404
0.4336528778076172,1.1842306651180088,0.8102983310683725,0.20009530501384226
0.43484973907470703,1.1867833491560402,0.8137638135264261,0.20460819446854026
0.43645358085632324,1.185816870345679,0.8175233155884774,0.20693341588065842
0.438201904296875,1.189612409415967,0.8192626426225985,0.1769335692265547
0.44359636306762695,1.17990629058453,0.83064110499121,0.18495220580808672
0.4454174041748047,1.1772635695254876,0.8412070979395544,0.18895782122632312
0.44675350189208984,1.171750397253064,0.8477915185200557,0.1903261143154596
0.44841551780700684,1.169867720919317,0.850662000676384,0.194377421159894
0.4499368667602539,1.164829469585342,0.8543630488504946,0.19438292241312527
0.45147085189819336,1.1604937691640087,0.8586890655180687,0.18971466347022678
0.4562208652496338,1.154377898863763,0.8775737110658224,0.17968259506415252
0.45742249488830566,1.151003081831464,0.8801142901897875,0.17499221240392562
0.4584357738494873,1.1444635473716058,0.8850037558775089,0.1773719972696281
0.459928035736084,1.136705899018263,0.8890580584691203,0.1791584567147637
0.46207189559936523,1.1289435037030804,0.8960989153223047,0.18082133177410156
0.4635183811187744,1.1209779558010553,0.8995701962678265,0.17966487608927553
0.46498990058898926,1.115199332978296,0.9032061463649786,0.17394659780879965
0.4687771797180176,1.0951228683486107,0.9141009432424806,0.17086908521140076
0.46995997428894043,1.0893193197344602,0.9158112312947579,0.1722108673130908
0.4716184139251709,1.0814481979722144,0.9249428206840448,0.1770651088175308
0.4733138084411621,1.0726944217885248,0.9305516015757619,0.18004062737816567
0.4748392105102539,1.0670988703117035,0.9354462585192618,0.1823472949523949
0.48131322860717773,1.0271539999018413,0.9537780280946788,0.18003724387284328
0.48261499404907227,1.0179084040041237,0.9547722502860088,0.18055042914403535
0.48379015922546387,1.0106387767492104,0.9550008093842879,0.1812511771902211
0.4848935604095459,1.0030380415562423,0.9579527958059332,0.18116997584425218
0.4865584373474121,0.9893752649735821,0.9609770423898507,0.18362749034985074
0.4882843494415283,0.9718504859241084,0.9636257156984308,0.18522274676005707
0.4916675090789795,0.9453120559894966,0.9713226916937663,0.18750641912522165
0.4936988353729248,0.9284001447663176,0.9777907234887391,0.19175262493903314
0.4949767589569092,0.9213127277185482,0.9839037116052216,0.1925876046779515
0.49663496017456055,0.9074760689526059,0.9873082754906185,0.19838880210993745
0.4983699321746826,0.8925539986863469,0.9950657756686347,0.20180868983321035
0.4998171329498291,0.8863512888516624,0.9999390858823529,0.20544429123017904
0.5061688423156738,0.8474947922246214,1.0227567467251462,0.22074215065437097
0.5071637630462646,0.8425711873697178,1.027772314103137,0.22467094381277755
0.5083653926849365,0.8353893873525282,1.0315241490150406,0.22574656327130785
0.5099196434020996,0.8320888850841343,1.0387570942072712,0.22882294546719598
0.5114974975585938,0.827522690984,1.044709378168,0.230063774936
0.5132372379302979,0.8212922990589185,1.0536207827907729,0.24000931257272995
0.5187771320343018,0.7875673451439633,1.0766073673038428,0.26808688751878407
0.5199992656707764,0.7851845122102094,1.0799904045562088,0.27142015758818466
0.5216457843780518,0.7853796589392337,1.089669407302688,0.27524652415799256
0.5237720012664795,0.7821643369473684,1.1029233059473684,0.280596801
0.5249381065368652,0.7807673728898873,1.109610091255741,0.28408946542547425
0.531348705291748,0.7820568907603789,1.1501985627060463,0.3505662752872667
0.532630205154419,0.7827551396551066,1.1581600283034534,0.3634827624919912
0.533616304397583,0.7863596088778413,1.163948280737833,0.3678525740970576
0.5348069667816162,0.7880234347381118,1.1701929821091896,0.3708856034957468
0.5366404056549072,0.7962277743093344,1.1808775269883687,0.37742981897099526
0.5381112098693848,0.789561775252885,1.1883110010216555,0.39878356234249895
0.5435547828674316,0.7630465055139465,1.2138589422390216,0.4739431354542984
0.5452015399932861,0.7609463505191812,1.2232373781663326,0.4805129579918408
0.5467128753662109,0.7591636691039966,1.228971471210285,0.4853420030118894
0.548163652420044,0.7588852730000001,1.2394478284674115,0.49239225673556797
0.5499081611633301,0.7561181185199544,1.248585815504846,0.5007208039173319
0.5548944473266602,0.7098217856151545,1.2781679350734938,0.5746295694486541
0.5567052364349365,0.6886530957966394,1.2890547636820338,0.6088778086790178
0.5583467483520508,0.6835998565970449,1.2962842868975757,0.6195507302440109
0.5599565505981445,0.6788069265676577,1.3054005696039177,0.6253668959459572
0.5615408420562744,0.6814694088234946,1.3143944575011806,0.6312196153037191
0.5631821155548096,0.6577904507337041,1.3205277753869633,0.6594963062894024
0.5686872005462646,0.561294184773842,1.329514275253406,0.7416070055258855
0.5698633193969727,0.55701308924853,1.33547663593776,0.7456667350638175
0.5715055465698242,0.5464942728334765,1.3418822891350228,0.7535905704581902
0.5737199783325195,0.5335479908445946,1.350671509355764,0.760639233874931
0.5748605728149414,0.5261455589527028,1.3530946040364038,0.7635682207232487
0.581390380859375,0.41108746138336916,1.3755674341729032,0.8614061509162724
0.5826108455657959,0.397979406496994,1.3797071353864874,0.875750842380189
0.5835971832275391,0.39767593806412826,1.384937921826367,0.8823263296988262
0.5848367214202881,0.3921390103773894,1.3894062134079739,0.8862934644462043
0.5866992473602295,0.3835077392861741,1.4001888376950988,0.8982959217037307
0.5882577896118164,0.3491027366086702,1.4037424172094317,0.924746099089045
0.5935897827148438,0.2361832044290754,1.4083031206445684,0.9955842992538586
0.5952227115631104,0.21093388320412254,1.413447892848268,0.9967716171279702
0.5966019630432129,0.1945674755036384,1.415837433941086,1.0022818070649313
0.5982353687286377,0.16865875732077126,1.417352124456617,1.0013719445162137
0.599907398223877,0.1478987408741002,1.4180820495726458,1.004575753617012
0.6061971187591553,-0.0006248184194155119,1.4017752100028935,1.0422956201403355
0.6072640419006348,-0.022838442133077605,1.391729745783712,1.0462640525081144
0.6081902980804443,-0.02318222909604603,1.3793649640789318,1.0483807120485393
0.6098237037658691,-0.016975117172413793,1.339843660597701,1.0489923617816093
0.6116175651550293,-0.0020179862854824444,1.299163641792564,1.056860580067719
0.6133027076721191,-0.02573163941500788,1.2563357054440785,1.0669372072636403
0.6170284748077393,-0.0786251679190853,1.181903299,1.1118604837493404
0.6186351776123047,-0.11013941403251218,1.1239177619581782,1.134238007661415
0.6199557781219482,-0.10849620407447723,1.1155176185605844,1.1611576111274706
0.6216199398040771,-0.11169736933040272,1.1079369739098128,1.2051600804818492
0.6238083839416504,-0.124288742656327,1.1145502696070446,1.264341078369039
0.6247787475585938,-0.13361703458124366,1.1173880695853022,1.2930180299460792
0.6313621997833252,-0.34901744534897927,1.1486247835031247,1.485387143879739
0.632695198059082,-0.3813610612132544,1.155555005870055,1.518084898200693
0.633673906326294,-0.38654993734140747,1.16065077045607,1.5459659591950694
0.6348741054534912,-0.38825468625354737,1.169008881481439,1.5802511818002007
0.6364829540252686,-0.38742735914204046,1.1774578273349456,1.6317498420669891
0.638115644454956,-0.45266858109903246,1.1821730201098462,1.6776149218552932
0.6435847282409668,-0.6588181107183326,1.213964945538676,1.8411720941249083
0.64481520652771,-0.6642495897734443,1.2220975833054202,1.891304742727273
0.6467499732971191,-0.6750217270836415,1.2334152897157895,1.970739621837838
0.6483161449432373,-0.6765916745022292,1.2414466225186251,2.0309837350360995
0.649883508682251,-0.6815874412475866,1.2458485578969336,2.0967578693321975
0.6561648845672607,-0.9614472131255435,1.2673076249915836,2.262375286821153
0.6570441722869873,-1.0178521732387533,1.272168523887974,2.283698862548662
0.6581776142120361,-1.0300217024451632,1.27314580147339,2.3417854710673334
0.6597716808319092,-1.044243573407045,1.2792224794355604,2.4212287908554657
0.6615645885467529,-1.0581710889563605,1.288014225723902,2.5042906698901883
0.6633453369140625,-1.1645658595387773,1.2901054340922153,2.548402538534379
0.6687140464782715,-1.4347439151433692,1.2973774483978493,2.7077509630573475
0.6699700355529785,-1.445243395630251,1.2938886615849463,2.7714445550281006
0.671647310256958,-1.4659396471337152,1.2943669099088047,2.8628454620565496
0.6737816333770752,-1.49060117923156,1.2952620863732678,2.982301292945016
0.6749265193939209,-1.5099432567100282,1.2923254920010432,3.0430312910868724
0.6779758930206299,-1.7347879116583833,1.2971435129117088,3.1034262955787164
0.6790735721588135,-1.796684201390719,1.296255333010885,3.131105369195073
0.6800220012664795,-1.8145689230409623,1.2934659077914636,3.1732452091575483
0.6816403865814209,-1.926136052010613,1.2920200568451334,3.1851036696197457
0.6832025051116943,-1.9794104606480882,1.2830263224095588,3.238463483578382
0.6849370002746582,-2.01753735988796,1.2700003268177258,3.297203052409699
0.6864821910858154,-2.0523847889767506,1.2565092628758205,3.341619501969639
0.6924853324890137,-2.400557368860269,1.2203131451071223,3.3616330767038045
0.6932885646820068,-2.4583503796959385,1.2165012184562358,3.350576009548913
0.694998025894165,-2.5145102745227303,1.1979306415397963,3.3740300526421914
0.696662425994873,-2.555245015870504,1.1804770033159935,3.409123727681793
0.6982212066650391,-2.592262745055671,1.1656832472706544,3.4473935975288716
0.6999099254608154,-2.6394411006223404,1.149364070826008,3.4914197722922733
0.7062289714813232,-2.954866140631594,1.1176732006168926,3.547044087184203
0.7072529792785645,-3.004225245060241,1.1145093838559954,3.5579673182584624
0.7082052230834961,-3.0328106880240964,1.1066581995519218,3.583365275393861
0.7099037170410156,-3.0765033272860522,1.0956238909218468,3.628641211348491
0.7115449905395508,-3.114254508982332,1.0822950607040636,3.670585596409894
0.7132048606872559,-3.1906432627345307,1.0778752823353293,3.677823016536926
0.7188093662261963,-3.3909170862256492,1.0670320297349016,3.7581880812998136
0.7200107574462891,-3.4177844711240852,1.0589791359591163,3.7941499713676663
0.721541166305542,-3.4591631926119764,1.0484474768663712,3.8424016785802486
0.7232043743133545,-3.500303557116079,1.041364335021496,3.897367207087991
0.7249689102172852,-3.5447278566314515,1.0379162086239158,3.9610360971163088
0.731417179107666,-3.706636942681838,1.0560112597234865,4.152870371492057
0.7326364517211914,-3.722547700502369,1.0493534169164394,4.180003087389663
0.7336337566375732,-3.7356973882054145,1.0400662362111446,4.19902498452428
0.7348413467407227,-3.7723344965186936,1.044576224379745,4.2199569012862055
0.7364327907562256,-3.819084623787575,1.0564628329166905,4.251483017307758
0.7382183074951172,-3.8285213499452992,1.0701207447941596,4.301645015901425
0.7436189651489258,-3.82635096649607,1.0966386623092754,4.445692549323424
0.744830846786499,-3.8469178734509075,1.1036664913358583,4.462298929712591
0.7466073036193848,-3.8671480696703013,1.1124119230077474,4.479297589093257
0.7481231689453125,-3.8890848639329803,1.1216489653314756,4.4952559362181965
0.749870777130127,-3.9093877279676605,1.1323940683628728,4.502850779066499
0.7535808086395264,-3.8263860621965047,1.1835420567936554,4.581419974153032
0.7561771869659424,-3.788307869717373,1.2114223121411698,4.584946026978969
0.7570755481719971,-3.755222727788009,1.227461395453676,4.593751071502498
0.7582852840423584,-3.7574241592869377,1.235909963277516,4.571112506023555
0.759894609451294,-3.7657572472701193,1.2493940715075311,4.535531632298235
0.7616760730743408,-3.762204234052112,1.2625458556539728,4.498756591409735
0.7632405757904053,-3.68333924251113,1.2867008013613015,4.499450443894692
0.7686488628387451,-3.355859137608521,1.3505530054599055,4.361774708049204
0.7699763774871826,-3.3536959308697463,1.3612328320236695,4.329782846699039
0.7716639041900635,-3.350468910720748,1.3824883736349887,4.305900213897831
0.773784875869751,-3.3634005224615384,1.4111117586998738,4.274175559387138
0.7749133110046387,-3.364222405888889,1.420008589752277,4.252425066176685
0.7813701629638672,-3.0388047829442972,1.5329122048992043,4.409162696807483
0.7825493812561035,-2.9856377607353677,1.5489968621935721,4.434935312860386
0.7835571765899658,-2.981207603624797,1.5540367816588532,4.428888200810408
0.7847747802734375,-2.991165417410303,1.5625806278985004,4.426086438722994
0.7866578102111816,-2.998645055806423,1.5678910013541545,4.410701727447554
0.7881572246551514,-2.883247475875304,1.5923220081886171,4.481187688764193
0.7935903072357178,-2.5094871168097552,1.6820184055768845,4.7025666180821055
0.7950863838195801,-2.50821513701402,1.686404616290415,4.707775462409442
0.7964849472045898,-2.519824083677294,1.6918374632624251,4.717131130504525
0.7985732555389404,-2.528649411992933,1.7001330402155477,4.730123817992933
0.799797773361206,-2.5293979771396677,1.7049387699370728,4.743476568915446
0.8061659336090088,-2.04969273207607,1.7828359244389858,5.015271558952456
0.8070847988128662,-1.9576353668720732,1.7974072283746432,5.064851881621074
0.8082327842712402,-1.9597218884126215,1.795217658684466,5.086628286279127
0.8098487854003906,-1.9550390376730769,1.789173651115106,5.112335461609949
0.8115415573120117,-1.954541885522627,1.7872758626957097,5.144072174448722
0.8133335113525391,-1.7863235607579444,1.8153615823734612,5.236108076323218
0.818650484085083,-1.3419322215111047,1.8705005236519068,5.451016462669647
0.819953203201294,-1.345034027992457,1.8701616930666294,5.482660343620617
0.8216257095336914,-1.345947985211731,1.869322173725322,5.519224892832618
0.8238487243652344,-1.3410980055482558,1.8640225065599294,5.566293560878919
0.8248636722564697,-1.3349117848077916,1.8631914282887199,5.58154343503502
0.828791618347168,-0.934841883757476,1.908806144000823,5.712753150156105
0.831193208694458,-0.8159893045958688,1.923198500627451,5.761617807235145
0.832716703414917,-0.7159705762072368,1.9350933229539473,5.797484367766447
0.8337373733520508,-0.7083398969894256,1.931750491569877,5.817630815034867
0.8349204063415527,-0.7019751017256358,1.9275422482995141,5.842736500742498
0.8365340232849121,-0.6881376866080912,1.9237027676575837,5.870683522033783
0.8381075859069824,-0.5391927310902666,1.9434227469511118,5.907563902112354
0.8436484336853027,-0.030309628677675587,1.996169984125,6.025980601867057
0.8450088500976562,-0.008497196086538462,1.993674322375,6.051855331942307
0.8467133045196533,0.019562587668760706,1.9903667530171332,6.084576783278697
0.8481483459472656,0.048571140951359906,1.9878992712794648,6.113588023152684
0.8498787879943848,0.08432532325404554,1.9847734563011599,6.14927943708578
0.8561060428619385,0.6848488400365169,2.0390307466036517,6.212700952393258
0.8571147918701172,0.803585984274013,2.050807476712434,6.2149995942237775
0.8582777976989746,0.8332769100359458,2.049283695293459,6.2348210489960225
0.8598551750183105,0.870288890647721,2.0463260332441635,6.258455853492218
0.8616971969604492,0.9174343064925021,2.0436632119023814,6.294438614347104
0.8633480072021484,1.1142060399884137,2.0550970762494636,6.293534208151481
0.8686645030975342,1.7090002504075932,2.0822847376690543,6.253576151080946
0.8698837757110596,1.7470900924382522,2.0752278206346704,6.26329567221533
0.87148118019104,1.79425665661228,2.070163498342207,6.280356556848433
0.8737277984619141,1.85952093206383,2.0626190170709218,6.300122947950355
0.8747913837432861,1.8939200455018774,2.0599591642765955,6.314757317694618
0.8813424110412598,2.8312760825007333,2.1071682760616017,6.127093387242593
0.8825232982635498,2.985830104449377,2.1129944954188744,6.1008500674132895
0.8834950923919678,3.033926371528283,2.1113962183614494,6.114725271063296
0.8849132061004639,3.1109536160487385,2.1128429898365826,6.14056763490711
0.8865227699279785,3.2018041173129204,2.111965405467878,6.168997343066104
0.8896801471710205,3.802952954227396,2.126122411397192,5.959607826810431
0.8904380798339844,3.932681130708506,2.127479706765404,5.912965758736383
0.893657922744751,4.348926546064598,2.1185331009924497,5.770876757837668
0.8948779106140137,4.41588598396085,2.113974796974273,5.7720048624468685
0.8965327739715576,4.508682430316754,2.1053037681697475,5.768122522439994
0.8987977504730225,4.635179543837203,2.0828722371483046,5.758376120702828
0.8999245166778564,4.692114737782046,2.072461157058534,5.746671616138877
0.9045665264129639,5.303015491096355,2.00040525242508,5.327253730057254
0.9053800106048584,5.341534330764731,1.9864313609568744,5.3008848917438085
0.9064831733703613,5.484502401502989,1.9621299177013947,5.169376803513236
0.9083633422851562,5.594973373251105,1.9324422615660914,5.069690464593184
0.909982442855835,5.64281141372769,1.905096064917647,5.014305065254806
0.9115660190582275,5.694645570475186,1.8819661614010268,4.953324174950941
0.9131972789764404,5.82882346487834,1.836947098712978,4.7679104898070275
0.9186971187591553,6.12724276512265,1.690835428353752,4.1695431695556175
0.9200305938720703,6.124432856872616,1.6750891805145482,4.091538711237923
0.9214870929718018,6.110034653891086,1.6554990474158786,4.002044153146317
0.9237520694732666,6.085788714335689,1.6220260247827563,3.8534903831867138
0.9248809814453125,6.074302223399293,1.612270044837173,3.7792672818679858
0.9313621520996094,6.164704564101678,1.4969575927625074,3.0767695610766626
0.9325540065765381,6.168821430201427,1.4839663014395021,2.967252556735767
0.9335191249847412,6.157826914414604,1.4801081169101973,2.9067433562366762
0.935002326965332,6.136128614902703,1.4754155068733998,2.8059706808455194
0.9366264343261719,6.112882162525199,1.4734017343872678,2.696233243238727
0.9435997009277344,6.0611305089326,1.4058554184987861,2.0254358308213622
0.9448351860046387,6.026681931514922,1.4055339613461375,1.9406572127079822
0.9466288089752197,5.973890085210692,1.4020753920548947,1.8193950710636377
0.9487621784210205,5.900964527015499,1.400971045252666,1.6760052365279399
0.9498891830444336,5.858074176194085,1.3941892728613678,1.600904101547135
0.9561007022857666,5.66685562759799,1.318094942603015,1.0665257603944722
0.9569923877716064,5.638477194026282,1.308185426548636,0.9912560232958149
0.9581089019775391,5.608674876344236,1.3048385424359377,0.9262028963636623
0.9599289894104004,5.564779820882526,1.3020678062735929,0.8390298944323719
0.9616861343383789,5.5349053860495285,1.307568306801313,0.7612620857063945
0.9633195400238037,5.522139489634655,1.2992475641829662,0.6648492996343612
0.9656388759613037,5.499266310393772,1.3001224332225607,0.5585116459134948
0.9664928913116455,5.492992299815225,1.2977627995226297,0.5178725421003461
0.9686236381530762,5.46907243166886,1.2851782327453722,0.40278323375976965
0.9698388576507568,5.453468532618675,1.2833070361949814,0.36550843525503907
0.9715023040771484,5.428041352247307,1.2818446658020646,0.304334367404997
0.9737768173217773,5.385339591227558,1.2698276642405009,0.23145933945093944
0.9749176502227783,5.3627361502881,1.2641599785870563,0.1943243263507307
0.9806597232818604,5.2397033321690385,1.185654172139428,-0.0589685756277131
0.9816124439239502,5.218931867418715,1.1671024012416271,-0.0987864743754492
0.9831523895263672,5.182812266293696,1.1458006411702006,-0.15216770047106018
0.9849541187286377,5.13835162297396,1.1209877731293745,-0.20723734358046292
0.9867784976959229,5.08467118038074,1.0992921885404965,-0.2609761628246396
0.9882385730743408,5.055895200367534,1.0717772608559588,-0.3126974663541012
0.9936625957489014,4.95655964370007,0.9718801070495476,-0.4591267999187195
0.994903564453125,4.931699067760613,0.9525652271560194,-0.48375940120473204
0.9965777397155762,4.903454190130137,0.9264247369280822,-0.51126755994863
0.998842716217041,4.85385102232842,0.8831164778168674,-0.5500369945448618
0.9998185634613037,4.832933768744579,0.8654953139421687,-0.5665490000915663
1.0061521530151367,4.648786214028837,0.7172852843577444,-0.6925342043484654
1.0070393085479736,4.621527887656864,0.6957278913533208,-0.7075691558280017
1.0081524848937988,4.581093911633482,0.6748984810400229,-0.7299291354713814
1.0099539756774902,4.519964701087028,0.6410327694033088,-0.7601013438511053
1.0118556022644043,4.4406967037125975,0.6017497021137203,-0.766437198982425
1.0132904052734375,4.405671751145136,0.569325034058966,-0.8117795570875943
1.018639326095581,4.218945570807339,0.4771132434220184,-0.867936192555046
1.0199272632598877,4.170534832290137,0.45249975368291284,-0.8868581680822821
1.0215480327606201,4.11499898122063,0.42562731127335246,-0.9059615281489971
1.0237572193145752,4.039358589007512,0.39574896504294826,-0.9252321846897236
1.0248699188232422,4.008992428372077,0.3786521934479093,-0.9341740687080086
1.0313355922698975,3.829269544276001,0.2937705417401325,-0.9061167648493229
1.0324761867523193,3.796585491975111,0.2797710518858533,-0.901517119428408
1.0334486961364746,3.7663073999648122,0.26500346794206836,-0.9107149919505079
1.0348796844482422,3.7186265726526284,0.2449538706636585,-0.9171591894608222
1.0364797115325928,3.6611440602547507,0.2253330658936991,-0.9255606703491928
1.041832447052002,3.4739843324892488,0.18404156800614355,-0.8599020081144931
1.0436735153198242,3.4083187219499282,0.17419686777610874,-0.8184966072939914
1.0450456142425537,3.3537357348412016,0.1587545569613734,-0.8234921226609443
1.0466015338897705,3.292548237100344,0.14169072680504588,-0.8337450539541285
1.0487732887268066,3.20305295505427,0.11491093810054691,-0.8410372438334035
1.0499041080474854,3.156906175001262,0.10268699595582667,-0.8453782687635675
1.056161642074585,2.9646984548714563,0.11172821083880065,-0.6992505480057889
1.0570621490478516,2.941821306661699,0.11683233277188709,-0.6671874909839518
1.0581979751586914,2.9045384494953432,0.10821349428614414,-0.6700106459849549
1.0597856044769287,2.853551351797964,0.09670043484718349,-0.6746584745543781
1.0617363452911377,2.7971552185861026,0.0844418193856999,-0.6749706892749245
1.0631191730499268,2.7678944102492347,0.08926639400349803,-0.6262740298128553
1.0686876773834229,2.6677895645864487,0.1144853955112448,-0.4690788603167168
1.0699107646942139,2.6367881684540895,0.10948561050479874,-0.47497011968929953
1.0715744495391846,2.5975476293490103,0.09957621793203328,-0.48051296811155725
1.0738070011138916,2.5476290808383304,0.09142737124726814,-0.4877085448680303
1.074946403503418,2.522399446334828,0.08700824039170636,-0.48863999861473806
1.0812907218933105,2.409338383432522,0.10568423003600749,-0.31918808625262857
1.0823960304260254,2.389928428053702,0.10681072008277244,-0.2947270066744952
1.0833261013031006,2.370936997524846,0.10253259343562938,-0.2998454817920665
1.0849652290344238,2.33807133745831,0.09620108031645215,-0.3040520458102966
1.0864672660827637,2.311736904821836,0.09134374206898518,-0.30429378934236034
1.0884604454040527,2.2847534550562947,0.09748767988433982,-0.24182276864585464
1.093609094619751,2.2356946583429673,0.11702958815195307,-0.09049640732980398
1.094907283782959,2.2316652710858493,0.11813095918572042,-0.0839523579586493
1.096463680267334,2.2258621066386577,0.12204463742844852,-0.07462600160825926
1.0988163948059082,2.2209010425083875,0.12790606485650907,-0.05941390937085817
1.0999553203582764,2.2241496905986415,0.13428913027117703,-0.04872387744405934
1.1037743091583252,2.214075847103448,0.17051476868965518,0.1151417028275862
1.1048359870910645,2.209977210853662,0.17610414662496437,0.11904651048218866
1.1065080165863037,2.20133016601002,0.1916712103464071,0.17412051357686803
1.1083624362945557,2.1997260998360657,0.2060728452076503,0.20004152373224043
1.109980821609497,2.1990162985560393,0.2193392339053319,0.2069421532100109
1.1116912364959717,2.196253172934461,0.2350631981627907,0.2256010361745696
1.1132934093475342,2.1834519334043523,0.25460340868112646,0.29538189735940834
1.1187915802001953,2.1336995930303986,0.31342119837797533,0.4735507754277316
1.119844913482666,2.1264096725738457,0.3196841815314024,0.47684558539991395
1.1215505599975586,2.1088395563710973,0.3336400702272988,0.4837836959033228
1.123769998550415,2.084887927586065,0.35672991053984365,0.4930068821301605
1.124901294708252,2.067550162258949,0.3645809871493622,0.49307788271512826
1.1312386989593506,1.904098098820059,0.4299060502684366,0.6283233178141593
1.1323881149291992,1.87128460017922,0.4408554140878502,0.6492594058369703
1.1333365440368652,1.8497481982186401,0.4501310409618471,0.6522202951381106
1.1350224018096924,1.81499036441565,0.46608281752713504,0.6564692919890618
1.1365764141082764,1.780637895351794,0.48237588648325147,0.6644789467723686
1.1382081508636475,1.7326930871592467,0.5008381440706335,0.7087618930809075
1.1435272693634033,1.5723245374219688,0.5709006455262543,0.8953606448699721
1.1448569297790527,1.539688847605769,0.5836624186538462,0.9098195326538462
1.1464478969573975,1.5017449463159285,0.6031522510023467,0.9258799971317102
1.148848533630371,1.4369873737774217,0.6302765287718863,0.948135018604807
1.1498126983642578,1.411642955410051,0.6412478383299344,0.9594373429643117
1.1562411785125732,1.1451977899214563,0.7043552168490755,1.1601080285579763
1.1572988033294678,1.0980460630981406,0.7147145855631641,1.1980332100084121
1.158233642578125,1.0755590754400828,0.7227775457178277,1.2114058320091499
1.1598715782165527,1.0434849455058366,0.7378840458054475,1.230404336626459
1.162306308746338,0.9828646586531049,0.7590714729764454,1.276306566130621
1.1636288166046143,0.9053050476390053,0.7714697879394246,1.3305881666163075
1.1649885177612305,0.8354002394530866,0.7729609488841984,1.3747231287342778
1.1688385009765625,0.6357967651625402,0.8014440704246748,1.462349278998881
1.1699352264404297,0.6095008867180025,0.8104116961065884,1.4720222791947126
1.171464443206787,0.5654319384540112,0.820248100288569,1.483775414635028
1.173198938369751,0.5167955819648622,0.8292988003220968,1.4970465575027851
1.174938440322876,0.47457397253333333,0.8426676937555555,1.5127731957977777
1.1813795566558838,0.06732914855436492,0.9026360130677239,1.6473093528738392
1.1826729774475098,0.00027358047783675177,0.9144222746146894,1.6741127562279443
1.183694839477539,-0.029782965567375884,0.9227872771702128,1.6957082936241135
1.1849749088287354,-0.06291075577875122,0.9330169088022529,1.7235047728566264
1.1867375373840332,-0.11482769423974623,0.9445924817095014,1.7606167408185305
1.1882944107055664,-0.23981960212455414,0.958011388222999,1.784272414547011
1.1939136981964111,-0.634860048480447,1.0049298327511818,1.8553981836055007
1.1957533359527588,-0.6976251250847022,1.0139720600599913,1.9076804676174832
1.1969196796417236,-0.7400294080254249,1.025201746331667,1.9458487613995143
1.198197603225708,-0.7907348730411348,1.0397127263214183,1.9923583069102129
1.1998631954193115,-0.8593455281888951,1.0576037901582032,2.0548557153475167
1.2015280723571777,-0.9976612063454914,1.0809484507487335,2.085381368362715
1.206303596496582,-1.3885830570945448,1.1308665211785032,2.1832576390288194
1.2074344158172607,-1.490801320417133,1.1400816426517357,2.197628976245241
1.2084376811981201,-1.5661099373174692,1.1478744298409855,2.222936724661814
1.2099759578704834,-1.6228656046865586,1.142760324234113,2.296379985694162
1.2117114067077637,-1.693990366941681,1.1458732644854202,2.3345240652907377
1.213196039199829,-1.823150324220937,1.1562970122540264,2.31520078406369
1.2148480415344238,-1.9267203280786058,1.1631231534230715,2.333577621112586
1.2185883522033691,-2.240006833449435,1.1584011295269632,2.280204835216421
1.2198896408081055,-2.304206247105648,1.1559240415204988,2.300374869344037
1.221562147140503,-2.376526777501923,1.1569970790640935,2.331293070136875
1.2237575054168701,-2.4865256668409788,1.163124952266055,2.388165901972914
1.2249009609222412,-2.5483309219520898,1.1695209829327218,2.4320453803856124
1.2289185523986816,-2.8770557093947255,1.2057760749280115,2.499238570834355
1.229940414428711,-2.930942456477263,1.2134486808923735,2.5475644476751245
1.2316358089447021,-3.06514672953613,1.2280750248407466,2.581101127178897
1.2332751750946045,-3.1728091516737913,1.2634911618912146,2.6326777736942804
1.234832525253296,-3.254785182478261,1.2749515488695653,2.7033379176086956
1.2364616394042969,-3.357704116018941,1.2807501471337353,2.7667611936328025
1.243520975112915,-3.835432614579738,1.3520765203726992,2.9215430546741277
1.2449264526367188,-3.923824520295539,1.3642863871486988,2.9684272196858736
1.2465341091156006,-4.008019012466981,1.387731905987514,3.0353690518274137
1.2481648921966553,-4.106799080833679,1.4106681714092926,3.1081524437493337
1.249854564666748,-4.201558383353424,1.4348306341396435,3.1963606275797964
1.256140947341919,-4.638035484704899,1.5096771248420227,3.3437965746986147
1.2571516036987305,-4.712473990462445,1.5227624571708396,3.3511363611428573
1.258392572402954,-4.77298687355302,1.529830144994109,3.3996585608571426
1.2599244117736816,-4.8422338528628,1.5389188208549915,3.4523244204472947
1.2615516185760498,-4.918281355327756,1.5472235667331573,3.5027041186514016
1.2631876468658447,-5.022572081055357,1.5592752253607496,3.5154539640924045
1.268681287765503,-5.356635826234094,1.5869826339825963,3.5511285919134092
1.269819974899292,-5.40607293600756,1.5906528612145505,3.587857681370756
1.271630048751831,-5.481715418111779,1.5940392355570363,3.6442550476852964
1.2738144397735596,-5.564284913486425,1.5974045339445702,3.7142557051883487
1.2748980522155762,-5.599229570152149,1.5958682095483596,3.750401957154553
1.2814128398895264,-5.920508230764638,1.595452975288046,3.8161805824495345
1.2825591564178467,-5.96630745197681,1.5930763755622674,3.836024419192385
1.28352689743042,-6.00027349050959,1.5894475795946177,3.8607610145130264
1.284942388534546,-6.044164909210162,1.5775961629097723,3.885951504097307
1.2865583896636963,-6.087504017060493,1.5713987872852637,3.9140389820718178
1.2897324562072754,-6.183827867796952,1.5608325473471385,3.9315119304268045
1.2904977798461914,-6.20404483140745,1.55682813320955,3.939650276828707
1.2935609817504883,-6.254279555821643,1.5344077207161466,3.991150300885342
1.2949113845825195,-6.275840209468079,1.5322076867613799,4.009656643538219
1.2964909076690674,-6.293166796379903,1.5195561609633554,4.028802327137703
1.2988348007202148,-6.328532483735806,1.5120453214727532,4.054741498464479
1.2999632358551025,-6.34030058927903,1.5059294941637662,4.070517848022397
1.3055775165557861,-6.372284144787155,1.4646746917755684,4.237258975037334
1.306734323501587,-6.361266923329852,1.4519230201663567,4.29904685752682
1.3081719875335693,-6.380682984441937,1.4436516889088702,4.326365147236395
1.3098978996276855,-6.404067325314335,1.4282536171205786,4.346437975918803
1.3117079734802246,-6.424161968369311,1.4130462941812194,4.362748761025766
1.313293695449829,-6.388528277432059,1.3895614135937768,4.449230861425778
1.3186237812042236,-6.233645137591623,1.3185207126208434,4.74942548605398
1.3198535442352295,-6.234095142835613,1.3050192886323593,4.746397177255075
1.3215405941009521,-6.230525348573521,1.2882802686163126,4.749591168384836
1.3238320350646973,-6.224187337141735,1.2701841097256308,4.7444605842281815
1.3249711990356445,-6.214642571008272,1.259123184653247,4.741107916371295
1.331284999847412,-5.774636886314796,1.1826288966533238,5.197240014100214
1.332425594329834,-5.6957432762857145,1.1741563053127413,5.278436173970399
1.333385705947876,-5.691561780111112,1.1713191015525526,5.279554024368369
1.3348236083984375,-5.691714488739664,1.1637136462333242,5.278113786167861
1.3365871906280518,-5.694442888135796,1.1579201895705777,5.286268711880286
1.3381121158599854,-5.537561817851693,1.1454658331414487,5.457285705125161
1.3436005115509033,-4.91993041059791,1.1159145174566276,6.020367378474949
1.3449292182922363,-4.909149502726023,1.1087689757661037,6.022294072907815
1.3466765880584717,-4.896404115017896,1.1020032294838942,6.022758988032212
1.3487532138824463,-4.88467572440154,1.0918293316586425,6.022998647320504
1.34987473487854,-4.873347439679916,1.0876907656258923,6.0230732760007
1.351665735244751,-4.604192910536606,1.0784220069456711,6.213367117625218
1.3560705184936523,-4.031786538143529,1.061893559715366,6.566112220277501
1.3570036888122559,-3.8498558336839612,1.0597023241236923,6.668494284955712
1.3581340312957764,-3.8360267939998565,1.054549338222732,6.664648804610865
1.3599600791931152,-3.817570780841261,1.0453601435621425,6.657916050520575
1.3617136478424072,-3.7928680730221833,1.0344242547158806,6.647598596369766
1.363335371017456,-3.4811828672256637,1.0310621876781332,6.796175602072937
1.3666431903839111,-3.039052142868716,1.0168322642438954,6.9649168191855795
1.3686192035675049,-2.678487076714511,1.012789581033123,7.0924024053154575
1.3698620796203613,-2.657572839893031,1.0033502620028678,7.092870581152853
1.3715384006500244,-2.6315866023438304,0.9885238837792728,7.098257061883052
1.373828411102295,-2.5909024627453627,0.9594091753153456,7.1142650754300165
1.374950885772705,-2.5650170689376055,0.944319783242833,7.117533439028105
1.3812885284423828,-1.5432282797216865,0.8992497173020578,7.368734889650166
1.38248610496521,-1.384517727013171,0.8872172871881174,7.389010600073157
1.3834600448608398,-1.352586228259413,0.8689610835746601,7.382916329223479
1.3849031925201416,-1.3043367784004667,0.8478588962052444,7.377840931664744
1.3865227699279785,-1.2457195492842288,0.8248314832848065,7.366374507275563
1.393585205078125,-0.08823396592898985,0.7687479908656951,7.262167327556794
1.394897699356079,-0.03311868425730181,0.7434473961012518,7.197545553501808
1.3966784477233887,0.04487937782260619,0.7075558282969042,7.098066583575378
1.398808479309082,0.1451431989934921,0.6644987351827748,6.957319961724037
1.3999543190002441,0.19746098958031016,0.6469700646593741,6.8751570003097475
1.4061574935913086,1.0398363338403176,0.6033964275959418,6.267170419002646
1.4070537090301514,1.168129254981116,0.6018907706437768,6.1664332289931325
1.4081752300262451,1.2103681829948498,0.5872145127210301,6.067554274816309
1.409792423248291,1.2669335742566274,0.5723731337218598,5.929949545801943
1.411719799041748,1.3393511557250997,0.5557338411226206,5.767392545544489
1.4133431911468506,1.5409966296228572,0.5632066586585714,5.603290762228571
1.418783187866211,2.022545875902953,0.5687855197733259,5.082760331067933
1.4200000762939453,2.0503986650115067,0.5628971709054486,4.998799858691945
1.421642780303955,2.0888015999442144,0.5506282916370381,4.882399413499786
1.4238204956054688,2.1449876499062808,0.5391936449180835,4.739190199570606
1.4249463081359863,2.1743642058020236,0.5317991607789799,4.670784980076437
1.4313461780548096,2.634635045798312,0.5947555883069662,4.196130201179088
1.4325380325317383,2.706800477580167,0.610159381165322,4.121871986872525
1.433504581451416,2.7365131302625785,0.6148339101810181,4.08788991556051
1.4349877834320068,2.7617497875456323,0.6358943569550657,4.041023084825286
1.436568021774292,2.8102074231331153,0.6572129644330865,3.986730702209567
1.4425461292266846,3.2523381658404515,0.771900949755035,3.6207587262858163
1.4434115886688232,3.326926471508213,0.7870083974096558,3.5505840246374807
1.4451584815979004,3.3755957260210807,0.8184330751969845,3.4857175804725675
1.4468276500701904,3.424128667335386,0.8424240856063296,3.417894750002721
1.4481620788574219,3.4530018805428906,0.8648731067273795,3.365415112372503
1.449831247329712,3.486267725105591,0.8970375476123986,3.3009963289539397
1.4561889171600342,3.846481577593416,0.9522287067084224,2.730542932302266
1.457228422164917,3.908483703059637,0.9595463792324979,2.6255407568547966
1.458162784576416,3.920583134576059,0.973530534738548,2.5836776364235092
1.459784984588623,3.9461297070987422,0.9937145025620177,2.5065846070841666
1.4616484642028809,3.969606779947097,1.0177933060984379,2.423383729525641
1.463216781616211,4.045742625766695,1.0242681822251711,2.259049919902397
1.4685587882995605,4.246048894509293,1.0486793387211895,1.7686473370297398
1.4699280261993408,4.257483653856725,1.061594682157924,1.715671631092913
1.4715301990509033,4.254768459003998,1.075507816201742,1.6545984954870074
1.473815679550171,4.249253966826488,1.0926757559173097,1.573612140880237
1.4749317169189453,4.25789575923677,1.0939444720683573,1.5363783875923374
1.4813127517700195,4.405962641087721,1.0513656122826274,1.0237381631084717
1.4824295043945312,4.4275456016524855,1.0431426474218595,0.9551526598355536
1.4834015369415283,4.434408663199111,1.0429919257368572,0.937392290053001
1.484832525253296,4.4537232877505,1.0398043563943984,0.9206305052729351
1.4865477085113525,4.4729379174305555,1.0342140428429267,0.8992519909959908
1.488778829574585,4.534676295169058,1.0065323670394661,0.7495965041610219
1.4936628341674805,4.658555435521157,0.9272860246288646,0.49765509662644253
1.495068073272705,4.679455667845135,0.913425603874911,0.4873211806030774
1.4965572357177734,4.694502924154526,0.8973575020105045,0.4729756793285418
1.4988477230072021,4.708609590080358,0.8709237124128858,0.4480086034812971
1.4998037815093994,4.713080253017352,0.856412724671455,0.4392904374437491
1.5039305686950684,4.737225980984167,0.7475369153547282,0.19577767947240052
1.5047879219055176,4.738619425598631,0.736838984614463,0.18613191032734275
1.506479263305664,4.73689118542943,0.7015155269935586,0.10541823008746064
1.5083045959472656,4.721823420521869,0.6691138736623785,0.054114346817610064
1.5099451541900635,4.707531815481814,0.6456506866934034,0.03583435934269119
1.511650562286377,4.692300597947686,0.6184297595412475,0.01280815664587525
1.5131611824035645,4.675937130818619,0.5882123957746972,-0.05557306519407559
1.5187127590179443,4.604795117585838,0.48367028049913297,-0.249033872475
1.520002841949463,4.591758781562428,0.46443309486300577,-0.26172442605
1.5216655731201172,4.5648911190594825,0.43977005970452343,-0.27460965770853507
1.523824691772461,4.523638300063981,0.40867915438345864,-0.2960895402048518
1.5249311923980713,4.499445688153355,0.39222890306766917,-0.3072698593180593
1.5314583778381348,4.35262687941406,0.27207985625289327,-0.47471424879725677
1.5325767993927002,4.322735486246119,0.25503898993156987,-0.4956352754847614
1.5335233211517334,4.29551754464031,0.24048447282547442,-0.5081626624212191
1.5349576473236084,4.259978917153552,0.21698543451775956,-0.5241792245379782
1.5366108417510986,4.212191291606192,0.19032279979137232,-0.5485803556388096
1.543652057647705,3.9928506164434676,0.0628985175496929,-0.7212281978290062
1.5449271202087402,3.9559757197349246,0.043959223520658855,-0.7427778973895868
1.5466299057006836,3.90735024629441,0.01677668231180124,-0.7698955578703934
1.5488088130950928,3.840681401290414,-0.013833042173567782,-0.8036278767010777
1.5499484539031982,3.8084180375524674,-0.024007456541123084,-0.8121378180680658
1.5562145709991455,3.644073638194842,-0.0794442057017146,-0.8893028927948137
1.5571179389953613,3.6245219840450345,-0.0848998495455479,-0.8951532535502421
1.5582339763641357,3.5939680622398416,-0.0953891602800352,-0.900512903790377
1.5598375797271729,3.5615013833197993,-0.10936592907994977,-0.9057350633034742
1.5617656707763672,3.5156856038191444,-0.12913174913453904,-0.9133418846678429
1.5631165504455566,3.489812379349986,-0.13646828337367972,-0.9159254820248358
1.5669517517089844,3.4178137496273195,-0.1600232667690551,-0.9254864662029689
1.5686607360839844,3.3862935165708516,-0.16507910859702116,-0.9231215318865534
1.56986403465271,3.364043857115256,-0.17272188312639197,-0.9256909361219376
1.5714709758758545,3.335927098196946,-0.18189636460967604,-0.923529727842586
1.5738039016723633,3.297025601410541,-0.19153281342347153,-0.9286960369617708
1.5749092102050781,3.279935078306114,-0.1954041314496135,-0.9296136724018271
1.5813775062561035,3.1932108327018582,-0.2079679048399493,-0.8932276606245777
1.582495927810669,3.1806544805803467,-0.21135551685780346,-0.8873679609109827
1.5834407806396484,3.168002115722977,-0.21818176660447977,-0.8890663933276012
1.5848512649536133,3.1519452484006627,-0.22728518508352893,-0.8899524010051083
1.586440086364746,3.141657077803259,-0.23470418508775603,-0.8845339666198235
1.593550443649292,3.134057868220329,-0.2229572325378966,-0.7740040718278496
1.5950372219085693,3.128749808722731,-0.2254077837868443,-0.7649940367518734
1.5965101718902588,3.1202659579846426,-0.23090681748021263,-0.7617434085410514
1.5988430976867676,3.1048805058129596,-0.2370286229116137,-0.7585264209207715
1.5998811721801758,3.0974793377380325,-0.23982962233911473,-0.7568120976101013
1.6062872409820557,3.068563400180617,-0.20378726164845815,-0.6325202530039647
1.6072065830230713,3.063886258506473,-0.19647115615161104,-0.612101368435702
1.608095645904541,3.051068116558688,-0.19695646790794016,-0.613045474317031
1.609938383102417,3.027528984649624,-0.19769769989718586,-0.6157060453872946
1.6116859912872314,3.004305208542567,-0.1970239260264667,-0.6221657804605205
1.6134724617004395,2.99379901827711,-0.18849077199604128,-0.583317830265234
1.61869215965271,2.9690441669522416,-0.17027603459565582,-0.4737084367198552
1.6198861598968506,2.9636213473810913,-0.17361252569005847,-0.4745808690896686
1.6215178966522217,2.952212003487815,-0.1743211379020949,-0.47538555599273197
1.6237916946411133,2.930545626619576,-0.1783480031765893,-0.4826718322371342
1.6248912811279297,2.9263209501848064,-0.1791569022355485,-0.4817667759367162
1.6280708312988281,2.9258784097284676,-0.15750686292286814,-0.3783947585440651
1.6290373802185059,2.923788091160672,-0.15468872793911825,-0.35907976262883134
1.6298131942749023,2.9217388690624215,-0.15526071009307207,-0.3589402423122463
1.6315348148345947,2.929614289840304,-0.14651802133079847,-0.30583276174904944
1.6331408023834229,2.9323067844850215,-0.14743660507560627,-0.2866411737689016
1.6348648071289062,2.936186266676269,-0.1501050905252412,-0.2846526045937631
1.6365137100219727,2.941821837593137,-0.1540586193259804,-0.2821264326176471
1.6435775756835938,2.990875671201373,-0.11203854020251716,-0.028293719205949655
1.6449813842773438,2.9956395490771097,-0.1107248877356847,-0.02215789325274882
1.6464929580688477,3.0009314250562262,-0.10963358096947323,-0.013891587311514979
1.6488304138183594,3.0039096636391007,-0.10851838238268349,-0.006111072281531844
1.6499817371368408,3.0043920456958513,-0.10799796399417233,-0.0007009707774386018
1.6561195850372314,2.994527186599471,-0.07400752646194533,0.2159555762195122
1.657008171081543,2.993007536857063,-0.06670103179516557,0.2583258646941456
1.6581165790557861,2.9914369686363003,-0.06733347442797262,0.2647394840067067
1.6600205898284912,2.9949142615055226,-0.0630747115050977,0.2744230551189465
1.661778450012207,3.0033711214663503,-0.054178946830418025,0.2915755502813519
1.6631195545196533,3.0003733775558405,-0.04577466006889174,0.3549004529144202
1.66876220703125,2.9841372125860537,0.0046840015653563,0.5721266574853452
1.669959545135498,2.983191654185998,0.013857953145297957,0.5816629562362828
1.6716060638427734,2.9795993709267665,0.024700419219414127,0.5905811877892015
1.6738572120666504,2.9865131592543706,0.04302420220192704,0.6083558034587749
1.6749567985534668,2.9896541585215415,0.053855290263041984,0.6200945769227805
1.6815333366394043,2.9550066903337506,0.15388048599262966,0.9303941007578919
1.6832776069641113,2.952978303287574,0.17518229729112425,0.9732988739881657
1.6849453449249268,2.955504825267535,0.19226696977779317,0.9926124002405046
1.6865296363830566,2.958989149365009,0.20991833256039075,1.0237096621551214
1.691368579864502,2.9225095196515434,0.28490511538316027,1.3099705718985921
1.6921989917755127,2.9205503174744893,0.29563688231842217,1.3537571473770187
1.6937639713287354,2.8988295922852148,0.32161275232745834,1.4800941436796755
1.6951203346252441,2.899725672253602,0.33484321852902504,1.5420657902095398
1.6966984272003174,2.897524501124947,0.3548074686770081,1.6235787489783255
1.6982128620147705,2.891851225284636,0.3716722382705743,1.7023504991481646
1.6999495029449463,2.8807621547187754,0.39647124804217687,1.795503402625578
1.706110954284668,2.6186882750004266,0.524322043422393,2.2968585016177268
1.7069752216339111,2.561260483493811,0.5460436323753023,2.369727511042965
1.7082006931304932,2.521904280353372,0.5678755620923753,2.420157202967742
1.70979642868042,2.4719836694194983,0.5912910888987813,2.4782741793508243
1.7117559909820557,2.408056432339931,0.6162692607041022,2.542705616333907
1.7131779193878174,2.305305698310463,0.6438308658900801,2.6395089393454834
1.718648910522461,1.8741568463593792,0.7018811137323359,2.922577788411194
1.7198669910430908,1.8294499310160708,0.7076124604305902,2.9370896983530064
1.7214550971984863,1.7663669804641169,0.7159348066239793,2.959239788782553
1.7238729000091553,1.673227179201446,0.7217865391711387,2.992188363565828
1.7249863147735596,1.6323084690999583,0.7270285969662171,3.0132111557721393
1.7312819957733154,1.0153703476415095,0.7736054117118354,3.3022318306243568
1.7324423789978027,0.9021174563732861,0.7825839825994398,3.349285284448032
1.7333943843841553,0.8612979657328615,0.7851479359943977,3.3719607914803182
1.7348260879516602,0.8057778664626928,0.7876139125985827,3.3996533601062944
1.7365083694458008,0.7278701045309734,0.793423707130531,3.43356714140708
1.7391304969787598,0.3886609780947522,0.7995103756217201,3.5182114385317784
1.7437047958374023,-0.10718524391227065,0.8118337664151376,3.6457747598434636
1.74483060836792,-0.1467862089162844,0.8162419537752293,3.6803068203016056
1.7466092109680176,-0.23934495343580214,0.8316555794958536,3.7435903958973404
1.7481071949005127,-0.3262061411939507,0.8388602801202695,3.8027245492915713
1.7498128414154053,-0.41855420829084833,0.8483213442061568,3.8773907137655663
1.754199743270874,-1.049156766304299,0.8268452222601899,4.036658302139587
1.7550041675567627,-1.0871558120938023,0.8445769053132328,4.084073640318258
1.7566556930541992,-1.3302026494852748,0.8441748220923077,4.099437416402198
1.7583541870117188,-1.447084729570692,0.88284763649735,4.15888684266108
1.7599341869354248,-1.5240187375591219,0.9007421410691955,4.243479240751285
1.761777400970459,-1.6189923372333528,0.9025553461555686,4.330945653331762
1.7631547451019287,-1.8271460655037195,0.8989789306037196,4.33782804995794
1.7687873840332031,-2.4839019420272286,0.8958708544012611,4.336470201233592
1.769791603088379,-2.5300851270813984,0.9018539490942964,4.362230575329894
1.7714743614196777,-2.6122508826928144,0.9111101329178357,4.406250061446607
1.7738184928894043,-2.712850929705595,0.91481683373964,4.4671800763581695
1.774949550628662,-2.7108851132758476,0.927532916241105,4.510269388179573
1.7813780307769775,-3.4331215403671074,0.9711042869637297,4.391678968251836
1.7825160026550293,-3.522049004503005,0.9756945097091544,4.381259612831447
1.7834804058074951,-3.5566998573220125,0.9786217899949685,4.396497733309434
1.7848889827728271,-3.6164687416766124,0.9901745683088945,4.423734607980393
1.7865464687347412,-3.6824595158295352,1.0081137298540988,4.449681321146789
1.7936162948608398,-4.265770077718835,1.0628910535824647,4.2342862916317285
1.7948555946350098,-4.310056276166928,1.0689701201493644,4.257616848459374
1.7966713905334473,-4.374861671966289,1.0830879473633626,4.293231884013341
1.7988080978393555,-4.432950958090169,1.0920380555312945,4.342965664178766
1.7999083995819092,-4.4596817879122606,1.0926887784449844,4.368410764761075
1.8062779903411865,-4.8321739095216705,1.105103996721356,4.322343998254041
1.807417392730713,-4.890696148290327,1.10319955298407,4.324700995116963
1.8083620071411133,-4.918738352429535,1.0973336999700056,4.34898554020221
1.8098015785217285,-4.956887075803476,1.0903777712449236,4.385467255926287
1.811619758605957,-5.011621126217073,1.0812150062651364,4.429279074719799
1.8133008480072021,-5.1012837045097115,1.0720579860176573,4.421795172304885
1.8160028457641602,-5.237039174181729,1.0580445605520628,4.4124262263975575
1.8168563842773438,-5.2625688962053045,1.0554729108074654,4.430777240585041
1.818636417388916,-5.360580457986278,1.050240238584061,4.423653485041164
1.8198127746582031,-5.401005220566736,1.0423368411290368,4.441814037299792
1.8216896057128906,-5.441181505775234,1.0352813294994798,4.4782023925150884
1.8238160610198975,-5.499577753466943,1.0276966237749776,4.515464138985918
1.8249223232269287,-5.52873863477142,1.0219789400987251,4.534946904025941
1.8313965797424316,-5.727452374781392,1.0152131762055676,4.571946621858461
1.8325915336608887,-5.755183235390433,1.0156341155116013,4.5910582979355485
1.8335652351379395,-5.773147895048983,1.0150301105124606,4.608495513264107
1.8349833488464355,-5.802698913396221,1.0168220745555396,4.637203852435013
1.8366084098815918,-5.829093839216855,1.0145252066460004,4.667685392849571
1.8435401916503906,-5.9171378897034135,1.0132552920583215,4.836698332322191
1.845118761062622,-5.954421614643678,1.011590800141092,4.867049569457758
1.8464984893798828,-5.9694744485896845,1.008347223443553,4.886389039217765
1.8481733798980713,-5.987492236244985,1.000126908056338,4.902861113902119
1.8499035835266113,-5.998152320707538,0.9906759652753769,4.916680894320604
1.8562684059143066,-5.95849831563109,0.9580133199037005,5.028635768751251
1.8571531772613525,-5.946492001543462,0.9526148922221108,5.048308650304883
1.8582689762115479,-5.949048792172133,0.9478587576094801,5.051561700678648
1.8598523139953613,-5.956116065515927,0.9405553791816664,5.050261490121852
1.8619067668914795,-5.9564733113393125,0.9262531853613644,5.038881152317847
1.8631927967071533,-5.917929870628007,0.9192974749158076,5.068828870539519
1.8648452758789062,-5.897374587402411,0.9072489841086525,5.065953313285674
1.8686981201171875,-5.75071603891034,0.8750170107326982,5.139523474703559
1.8700006008148193,-5.743389478584057,0.8658669418755954,5.115083955902914
1.871626377105713,-5.730068275456572,0.8533101694336854,5.080704621038732
1.873802900314331,-5.708500406522177,0.8391319178697356,5.031759741406045
1.8749396800994873,-5.694576437537148,0.8327343032644466,5.006378351812649
1.8768341541290283,-5.596075670843356,0.8239288194804928,5.042186889922558
1.8815264701843262,-5.343905189122872,0.8116363235388356,5.100376042788013
1.8827016353607178,-5.293928206192842,0.807942350100358,5.0903432422933435
1.8836839199066162,-5.272627309337595,0.8038134122186719,5.059435242049598
1.8848645687103271,-5.247898207395943,0.7976158211700473,5.023753095576688
1.886474847793579,-5.213113200847114,0.7901524707842561,4.974497933351887
1.8881940841674805,-5.086444890160996,0.7904893722633686,5.00944463199185
1.8925275802612305,-4.772320811761401,0.7961344404263045,5.072176424071766
1.893306016921997,-4.688135011815725,0.8021243006707648,5.108971463630022
1.8952312469482422,-4.608430522669958,0.796270508508659,5.06087512129927
1.8966517448425293,-4.576402718161725,0.7966486953944995,5.0178522050535745
1.8981897830963135,-4.542797747039078,0.7939635763393931,4.974634640079731
1.8999109268188477,-4.501435018311868,0.7892646540512961,4.924358947554707
1.9061644077301025,-3.9624427634107278,0.8350544500345334,5.129279058742836
1.9070253372192383,-3.8599673124046423,0.8449659275525727,5.180608621493288
1.9082117080688477,-3.836741831013143,0.8481326561789709,5.168333580902685
1.9098353385925293,-3.8067899229943247,0.8503325446790578,5.156205690404938
1.911818504333496,-3.761886188623489,0.8507663204142666,5.154329405850172
1.9132487773895264,-3.5898154659217254,0.8698740192356806,5.259350765397801
1.9186184406280518,-3.0418268765736904,0.9117874681640505,5.559422021873455
1.919764518737793,-3.011473772519378,0.9122994961289068,5.570595862323934
1.9215984344482422,-2.9565874699111174,0.9092321074169497,5.584799583908903
1.923858404159546,-2.8933179603068995,0.9108326409421701,5.6014846999138275
1.924797773361206,-2.869756988156885,0.9084762868883481,5.608915571496994
1.931366205215454,-2.167930797320901,0.9344928047942906,5.862301383858557
1.9325628280639648,-2.0571482968236836,0.9353734867634534,5.894135009655243
1.9335260391235352,-2.025879747329736,0.9316477171032521,5.89948712647601
1.934962511062622,-1.9800298939465841,0.9251213836218724,5.9058123547683445
1.9364376068115234,-1.9345452229978646,0.91546028204627,5.907415836090119
1.9381685256958008,-1.7295042102142857,0.9176952057394784,5.961739207255039
1.9445724487304688,-1.046436214474666,0.90898672739755,6.102186943248608
1.9459569454193115,-0.9862392236209132,0.9004260081703976,6.106660641372754
1.947077989578247,-0.9375765308965086,0.8902887995290026,6.110436716253442
1.948173999786377,-0.8903642365678119,0.8830955361916818,6.1154056512169985
1.9499719142913818,-0.8037748946591381,0.8666934332401189,6.111875435788708
1.9516468048095703,-0.5677017366893575,0.867256476040051,6.12298414792556
1.955021619796753,-0.19756422701798912,0.8558263588266629,6.10314296579933
1.9564759731292725,-0.010126206764441842,0.8501895708631824,6.073868112783987
1.9584472179412842,0.13311754942975088,0.8380380136769988,6.028977243443366
1.9598119258880615,0.19284003410673922,0.8232213085755546,5.990326778271243
1.9619040489196777,0.29711568912716846,0.8012129012097913,5.919158924781241
1.9633064270019531,0.4923142558283433,0.7945407656201882,5.852796550680211
1.9686143398284912,1.0239188891878905,0.7514353752796834,5.566009757870296
1.9698412418365479,1.073554749743369,0.7368965674960422,5.493811562957645
1.971602439880371,1.1338420797889868,0.7230956790605578,5.3934512241628845
1.973803997039795,1.2036821845769927,0.7010727547091389,5.261982575949089
1.9749383926391602,1.2523083197957992,0.6940195296603144,5.190197005782724
1.9813499450683594,1.7291633533892992,0.698408701428452,4.703386615683015
1.9825305938720703,1.8027783648984697,0.7079104652107122,4.621573162589464
1.983492136001587,1.8311706172466156,0.7152126852736904,4.564191715736316
1.984895944595337,1.8699023665690857,0.7189914060746208,4.482971416643434
1.9865152835845947,1.9118099667782282,0.736801009057057,4.386765442861411
1.9881932735443115,2.023782458548125,0.75525833641694,4.256888370833167
1.993640422821045,2.349860211098762,0.8518029134996442,3.8459287499601538
1.9949548244476318,2.3925480181332004,0.8775398114865518,3.7715031314938097
1.9966044425964355,2.4351212545136223,0.9033846702659879,3.6822451413788357
1.9982085227966309,2.4747525422912346,0.9277661390055405,3.5926910967959937
1.9999330043792725,2.524677383392487,0.9535562831221934,3.5006648465189985
2.0015368461608887,2.6186707029649368,0.9791696104960346,3.368075107618339
2.006155252456665,2.8749359834040864,1.0654295629388506,3.0422551778847566
2.0070416927337646,2.9323854632057857,1.0844371977942144,2.966153976615495
2.0081539154052734,2.961072045308034,1.1054002106919663,2.931503571800229
2.009986162185669,3.021761639098509,1.13252207560666,2.8611402850087777
2.0119271278381348,3.037370628,1.172769075,2.813071827
2.013328790664673,3.134149687838258,1.194903483983012,2.693151874217987
2.0176267623901367,3.3344172386314095,1.24086526400879,2.4047760009375914
2.0184836387634277,3.3895762241845886,1.2509132092531499,2.320367626002637
2.019843578338623,3.420214834743447,1.2594233536017847,2.2820243990552145
2.0214719772338867,3.4476957288419112,1.2665674750461584,2.231425452146291
2.023865222930908,3.488106360294765,1.272225899214477,2.161383604371102
2.024792194366455,3.5036530245126287,1.2752467709785522,2.1376119362260475
2.0314230918884277,3.8068180105933016,1.2706493890557276,1.6214323382655502
2.032658338546753,3.8506684906223527,1.262208221404706,1.5438433527635294
2.0336692333221436,3.870718131087087,1.254333020151437,1.518038213984556
2.034876823425293,3.888266003574574,1.2437799814720434,1.4881445187979407
2.0364816188812256,3.911404710378311,1.232272438910692,1.448994964147275
2.038179636001587,3.9754489462127784,1.2113973181804634,1.2935853372241404
2.0436267852783203,4.122998385957723,1.113571555255337,0.8135258333231478
2.0449748039245605,4.130271575748151,1.1009486827256871,0.7829384964167713
2.0466055870056152,4.137300445744554,1.0824221124953324,0.7541335173236209
2.048274040222168,4.140813896493678,1.0675562112040755,0.7196410671871188
2.0497756004333496,4.1396515238827405,1.0500630718761528,0.6877915638458498
2.056091547012329,4.164249084758044,0.9193694897794937,0.24495570025997426
2.056976795196533,4.177620396645128,0.8934412899512806,0.16678225629805712
2.0580968856811523,4.192303630537092,0.8751224858709156,0.15199905886826612
2.0599277019500732,4.194600038485483,0.8499309116890006,0.12867558371970966
2.0619986057281494,4.188665905354691,0.8261507470938215,0.1027453649450801
2.0634098052978516,4.186987608967248,0.7927313145949657,-0.007687022246138445
2.0687973499298096,4.170456922115651,0.666037115051978,-0.2669112642659544
2.0697860717773438,4.165096606076235,0.6518917878657233,-0.2776887400629512
2.07143235206604,4.159087067955683,0.6318556360810849,-0.2971247961017755
2.073808193206787,4.148701932008877,0.6010887057580668,-0.3165720818409187
2.074993371963501,4.137966931080034,0.582891702898126,-0.33246170297844163
2.0781772136688232,4.102088381757546,0.4891193922064082,-0.5223178062978115
2.081181526184082,4.068983988960171,0.42275937819700216,-0.6159746782132762
2.0822436809539795,4.055441868504302,0.39796719617211707,-0.6577916141462995
2.08319091796875,4.043647669255594,0.38343656639041884,-0.6713508625235227
2.0848658084869385,4.029039675828718,0.3605497180916357,-0.6866395865743649
2.0864832401275635,4.013960343504532,0.3435287199969788,-0.6967571997885196
2.0930697917938232,3.9441793746413136,0.23042735402852205,-0.845625589190147
2.0943005084991455,3.931890894476324,0.21559322057144853,-0.8630910152444475
2.0954880714416504,3.9136239945045252,0.21345062777828053,-0.8715233774117647
2.09676194190979,3.8990353628923926,0.20577488092901583,-0.8720298427389706
2.098281145095825,3.884453075736693,0.19442922382182792,-0.8717091076786939
2.0999197959899902,3.867350193475598,0.18388452162864646,-0.870975863908475
2.106260061264038,3.780172868439378,0.11038496549237602,-0.9482539766368616
2.107304573059082,3.762836673069707,0.09753860610929432,-0.9599675798937177
2.1082351207733154,3.748512189469879,0.09122570066265061,-0.9621995892650602
2.1098852157592773,3.7251177824282324,0.0823202604939322,-0.9638915299370903
2.1116251945495605,3.693462662627589,0.069433185866461,-0.9724905057236668
2.1133735179901123,3.6636416237327327,0.051707634316888317,-0.9921826491149721
2.118656873703003,3.553518202343602,0.004091753272233063,-1.0425391186099806
2.1198244094848633,3.530929815085308,-0.002494573159185949,-1.0471670238865347
2.121659755706787,3.495391548227592,-0.013946367980209378,-1.0529352748330705
2.123823642730713,3.453846193142527,-0.030135356638514892,-1.0618776759389366
2.1249985694885254,3.4346485053068134,-0.03499339150428397,-1.0665816305479396
2.1313984394073486,3.31783779910672,-0.08257575847553146,-1.0651154939310885
2.1325759887695312,3.29669717832349,-0.09145796311043851,-1.061058214136424
2.133556842803955,3.2777259821049753,-0.09839312236217333,-1.0615034135650376
2.134772777557373,3.251982745181922,-0.10552618141816367,-1.0628882197694611
2.136646032333374,3.2153656239045025,-0.11751057741841124,-1.066635345088615
2.1381897926330566,3.1854470396931887,-0.1264569414922725,-1.0592383582936464
2.1435680389404297,3.075277711657436,-0.15389396701128205,-1.025311408582564
2.144988775253296,3.043181571946721,-0.16114833366606068,-1.0268277627944342
2.146630048751831,3.003657729125777,-0.16927271417467496,-1.027202607774166
2.148155689239502,2.9701190807167905,-0.17715654472332837,-1.0274331857313521
2.149905204772949,2.9314563591036884,-0.1856388507099513,-1.0278408817856646
2.1545300483703613,2.877091285719603,-0.18798077068734492,-0.968311492687345
2.1553564071655273,2.8674005276837415,-0.19050289860905717,-0.9673020159970305
2.1565513610839844,2.8592220376169264,-0.18524673346636972,-0.9371216682405346
2.158541202545166,2.8378604404583987,-0.19058388742102247,-0.9231832263133324
2.1599225997924805,2.8224990608637994,-0.1946920003076923,-0.9190033000843673
2.1615827083587646,2.805198361372124,-0.19616457945495028,-0.9161800950915838
2.1632487773895264,2.8076792735874876,-0.18910232602737048,-0.8762315168621702
2.168661594390869,2.805861347212867,-0.16257103747193435,-0.7395638517452505
2.1698718070983887,2.801407578751727,-0.1604274100885147,-0.7333948884188256
2.171558380126953,2.795435846161555,-0.15871748333822894,-0.7223482548336934
2.1737823486328125,2.786508100171493,-0.15190597259367977,-0.7114523533294989
2.1749019622802734,2.7815901239832077,-0.14979591629961655,-0.7073057604927939
2.1813743114471436,2.790703070359914,-0.10001305334502505,-0.522168628641088
2.1825931072235107,2.786700162472683,-0.09125321516919337,-0.4929669372797483
2.1835601329803467,2.781204885187786,-0.08581088515889589,-0.4882657432339817
2.184988498687744,2.7781623845430925,-0.07900053532728034,-0.4821204817311077
2.1864473819732666,2.7731330859587504,-0.07270264745462582,-0.47701828492192105
2.1881721019744873,2.772875801142573,-0.06058215824566884,-0.4265766062465209
2.1935691833496094,2.776642953557945,-0.024414004070284313,-0.25019023161307546
2.1948955059051514,2.7779126632453153,-0.017859310940374788,-0.24112985089608177
2.1966116428375244,2.776174457843225,-0.012344732927432104,-0.23043605713751977
2.1987903118133545,2.7906014801758245,-0.0003623905054945054,-0.20591534442857143
2.199953556060791,2.7948498962335164,0.006748491959890111,-0.19641352677857143
2.206232786178589,2.8271477940441323,0.04636291276529589,0.06239260473921765
2.2071540355682373,2.8308711812174225,0.05257034398169075,0.10470579067858675
2.2083067893981934,2.8450789113640393,0.05729189265355457,0.12144562021513373
2.209937334060669,2.8590270497710244,0.06327175724396336,0.139335678489592
2.2117559909820557,2.869258857922405,0.06844491681267585,0.15996402006012145
2.2133266925811768,2.8788761293106657,0.08075270957392777,0.24926878631659144
2.2170183658599854,2.9080620143794276,0.09594805271465004,0.3964795597327855
2.2185511589050293,2.9128946803805613,0.10694020078960045,0.4970080483163786
2.2198493480682373,2.925835905184385,0.11296682682598674,0.5242326494906367
2.2215232849121094,2.944531771168031,0.11602774008071233,0.55345382223352
2.2237319946289062,2.9787405396437436,0.12278692552894406,0.5977694345519597
2.224879503250122,2.9970784207664947,0.12503113162547078,0.6230871908457246
2.2313191890716553,3.0508548242164015,0.17416786226034064,1.011237573033777
2.2324717044830322,3.060692307270699,0.18259404256928358,1.0782364202972974
2.23355770111084,3.0771806985848706,0.18710878296110395,1.108529098990991
2.2347819805145264,3.1029339162766756,0.19570254378604135,1.1449742996769807
2.2366647720336914,3.1432470448780485,0.20965736643414634,1.210491451204878
2.238178014755249,3.1519823407206555,0.23217034404871795,1.3381515034861824
2.243666410446167,3.1651659280334092,0.29723124108274096,1.763346806620415
2.2450828552246094,3.194235946284333,0.3118886762786466,1.8261941945567244
2.2465903759002686,3.213783256874982,0.32807199969640555,1.897437518206788
2.2486236095428467,3.247853188550218,0.3547874158231441,2.0064020284541484
2.249786138534546,3.2621758849432316,0.36755886085753275,2.0529478626713975
2.2563252449035645,3.143932847534874,0.47165437473926686,2.564600212638568
2.2572736740112305,3.119989289892171,0.48559284883395465,2.6339686031041007
2.2581567764282227,3.115191251829653,0.49769898087066244,2.669382552946372
2.259984016418457,3.1020597311837244,0.5265804595583947,2.740152692776559
2.2617125511169434,3.0851724182938733,0.5514697717619048,2.808098981218217
2.2632763385772705,3.011608752709859,0.5803170147485915,2.9158816864232393
2.2686495780944824,2.7450788075568213,0.6861556142407613,3.2100631070661296
2.2698771953582764,2.7201927219897195,0.7025443840811336,3.2446915226824116
2.2714931964874268,2.6853137798043574,0.7307433928996704,3.2928937552076825
2.2739036083221436,2.6339844137067048,0.77594940661398,3.367053264193723
2.274796485900879,2.617029324747361,0.7903909098051356,3.3974425939854496
2.279632568359375,2.334687784103591,0.8734880724332523,3.655289925689226
2.280562400817871,2.291765976501806,0.8866310313470409,3.6921148666369823
2.281677007675171,2.184609702675743,0.9045920319235898,3.763592093175604
2.283093214035034,2.125379131901479,0.9190889733219876,3.816962062350711
2.2848331928253174,2.0733728884190703,0.9349024724910241,3.86304518014641
2.286695957183838,2.0135728974536615,0.9515159605117277,3.9116696571996568
2.2881863117218018,1.8506095523023722,0.968639856913118,4.009851067398399
2.293733596801758,1.2186852923060518,1.035169916358953,4.357174817424041
2.295072078704834,1.1681662761811382,1.0413980231192357,4.407403308854591
2.2965776920318604,1.1090004100953064,1.0482094925296397,4.473899316093153
2.298860788345337,1.0125895550477553,1.0695264376396911,4.5968550780474695
2.30000638961792,0.9553944494465256,1.0795527234932798,4.664203507958821
2.30633282661438,-0.03466865528352328,1.1602880697100042,5.114866932520754
2.3072350025177,-0.2050278166854875,1.1697003038370526,5.163888705978433
2.308105230331421,-0.2823624800447806,1.1765350608536769,5.217867741465928
2.3099381923675537,-0.3533008446850021,1.1882997838220304,5.320575561102632
2.311842441558838,-0.43353002279611363,1.1600481084638599,5.411492749004858
2.31318998336792,-0.7744770458124554,1.1772091596223395,5.445392708404514
2.31868052482605,-1.80099923036,1.2263355009927401,5.535493501515872
2.3198091983795166,-1.8721330718,1.2201203782875445,5.58632467927331
2.321620464324951,-1.9794691737900305,1.2131700501035922,5.67193063492342
2.3238039016723633,-2.117511583169928,1.2147524712543771,5.784396476632338
2.324934482574463,-2.1913417555498014,1.2107043834559366,5.845658413701339
2.331397294998169,-3.3647808879909222,1.2240809125956076,5.7026652067748165
2.3325111865997314,-3.538125029455053,1.2098443038288667,5.681068730654662
2.333479404449463,-3.6019601151998883,1.1995453045576494,5.706081497055974
2.334918975830078,-3.6863445912595583,1.1823333831907392,5.7473694624205605
2.336528778076172,-3.780164729542228,1.1719290442561205,5.802471358132551
2.3414347171783447,-4.571387748877227,1.1553465857534653,5.6484192068960395
2.3437352180480957,-4.9454814926942925,1.1492363170975304,5.566129185257989
2.345106601715088,-5.022648388099344,1.142833052976978,5.617451022032092
2.3467559814453125,-5.118481174330933,1.1311837275518002,5.671963798658633
2.3481948375701904,-5.198078371166228,1.125973016975343,5.716987857728217
2.349912405014038,-5.296426329324912,1.1161229271910462,5.7710745024729615
2.3561975955963135,-6.058841759273525,1.1102179692790868,5.533239100050783
2.3570964336395264,-6.166368506858328,1.108554243553091,5.48336255496451
2.358247995376587,-6.2192092197175155,1.1054627732997997,5.511907827317115
2.359833002090454,-6.291946629346756,1.1016156327732103,5.546440423263143
2.3618524074554443,-6.3826563162114285,1.0962493729085714,5.58627805724
2.363240957260132,-6.544565232565267,1.0980358114495858,5.5089270305715505
2.3686611652374268,-7.019304016493622,1.098093854692909,5.3609935951226175
2.3698408603668213,-7.073918418532299,1.0994065168133316,5.385573721991908
2.371439218521118,-7.138164318902471,1.0947143932353558,5.419055898914756
2.373777389526367,-7.237799907796862,1.0867245289789018,5.469619092720314
2.3749356269836426,-7.28410537432594,1.082993967364079,5.493093533467405
2.381401777267456,-7.746850688257131,1.0793993966471476,5.441869564581047
2.3826353549957275,-7.82483693766218,1.078417860557649,5.4496962376357105
2.38358998298645,-7.873723670577389,1.076531002352774,5.473117422172873
2.3847851753234863,-7.926673070267647,1.0741054305070032,5.498646387349466
2.3865983486175537,-8.013032099142366,1.0698930072307031,5.5378854631835335
2.3938252925872803,-8.386756448205302,1.0593578055430566,5.561896409985206
2.3949341773986816,-8.427949369180322,1.056513461663922,5.568751454296999
2.396679162979126,-8.477235361469026,1.0464373883310336,5.584295177703464
2.3983066082000732,-8.513957335768074,1.0402122435848247,5.594352885840372
2.399975299835205,-8.54364606095864,1.026726495989313,5.602838378940597
2.403884172439575,-8.64856254830296,1.00140049197883,5.6190085764222575
2.404829978942871,-8.675614985875555,0.9948705915129452,5.632181765687741
2.4067041873931885,-8.71247844979661,0.9764166657618644,5.660109194425424
2.408177614212036,-8.749215262676104,0.964275830013299,5.67252078365251
2.409918785095215,-8.785213016513167,0.9477511965859944,5.685571762462185
2.411728858947754,-8.82062217641791,0.9332844926865671,5.698108844298507
2.413189649581909,-8.82490398538056,0.9147124926320488,5.734073345175403
2.418801784515381,-8.815900034705008,0.8752163010997258,5.896885201426901
2.4200453758239746,-8.82119772092351,0.8679925837332949,5.902160449586232
2.4214699268341064,-8.826819886484536,0.8610719861134021,5.9115158262808585
2.423898696899414,-8.830581593110345,0.8505574294870689,5.9156478425706895
2.4247729778289795,-8.828345110885056,0.8461689972895114,5.915022447311782
2.4315783977508545,-8.630513959167525,0.7902431001170669,6.114704105822327
2.433359384536743,-8.601294841310827,0.7766098131567809,6.1239581772283325
2.434818983078003,-8.579983167776051,0.7679452126991596,6.110875834987395
2.4365828037261963,-8.553752924594349,0.7541570780934913,6.092778689694976
2.4381229877471924,-8.4315332527425,0.7274559709361765,6.204496923624853
2.4436988830566406,-8.04374288516364,0.6397546609434042,6.430848292634712
2.4448161125183105,-8.010389416436137,0.6325674940370318,6.401831683510621
2.4465219974517822,-7.95871847173576,0.6197605055413975,6.353633949796535
2.4481611251831055,-7.910393161747388,0.612155653386432,6.317081792893373
2.4498181343078613,-7.854871652087217,0.6016428153917643,6.271937023225622
2.4563112258911133,-7.228219354472753,0.5332350932131635,6.550431219294976
2.4573988914489746,-7.116696648819301,0.5212979772743848,6.596014471730507
2.458366870880127,-7.081470356127335,0.5150249107549659,6.565304708765787
2.4597911834716797,-7.031549018006114,0.5069336499966648,6.524542352027932
2.4615864753723145,-6.97063565509301,0.4960069368788873,6.478774615701426
2.463238477706909,-6.754446497717285,0.4772573563868106,6.597618330860713
2.4659576416015625,-6.421453114369092,0.4418246021575558,6.763923515560761
2.466823101043701,-6.363703172827785,0.4486344632590766,6.77358687445513
2.468662738800049,-6.046772195639467,0.4431619612306411,6.969887472645572
2.4698824882507324,-6.011887559029975,0.4359388422764363,6.959377484853178
2.471515655517578,-5.967810549057232,0.4301349504942325,6.951321531354037
2.473818778991699,-5.909612817780035,0.421324031590389,6.955927447592535
2.4749526977539062,-5.878130953284611,0.4175900383089245,6.958881698347112
2.4807679653167725,-5.064163168694619,0.39101729413079567,7.468962983917859
2.4817771911621094,-4.851885261781482,0.38868494929321695,7.595548073964653
2.4831113815307617,-4.784512183131244,0.3817699181469148,7.615561827351616
2.4847781658172607,-4.733441426785144,0.3750746823120901,7.622284853346307
2.486480712890625,-4.677214805798423,0.36760280267225803,7.627639083207885
2.4937069416046143,-3.485120478605244,0.35942670432655105,8.113313388947988
2.4950242042541504,-3.432747095702966,0.3549354849469838,8.110701868142714
2.49676775932312,-3.3635744262749356,0.3470193171901972,8.108218276966705
2.498317003250122,-3.2995744839478585,0.3406245808273886,8.104822852801032
2.4999301433563232,-3.229230059675378,0.33870405054725244,8.106990241034609
2.506120204925537,-2.1886349190740684,0.3356760986521802,8.304367209815622
2.506995677947998,-2.0009315123794638,0.3349872688762369,8.330810267927578
2.50813364982605,-1.9398056179720349,0.32953272102839526,8.312969766598309
2.509962797164917,-1.840166508463626,0.3200818900451875,8.279121172107443
2.511838436126709,-1.737359810874091,0.3072618816154285,8.22988925195765
2.513453245162964,-1.3906469104232013,0.3007357962555066,8.22717144226373
2.518751382827759,-0.534073974771404,0.28200048939194033,8.045245482266742
2.5200235843658447,-0.4582745168520006,0.27487366948085473,7.965704267793775
2.521451950073242,-0.3796638251605128,0.2709407351775115,7.879055995046119
2.5238893032073975,-0.23770160422739017,0.2622742056847545,7.709926990764858
2.5247745513916016,-0.1854905943186908,0.25852427396726957,7.642972009647718
2.5315489768981934,0.7657425660248323,0.2677392698839732,7.098403358146283
2.53332257270813,0.881559096618161,0.27887915572271554,6.942771799657405
2.534940004348755,0.9469520015572243,0.29330682189236545,6.809903382496453
2.5364937782287598,1.0217484829997092,0.30853585051656973,6.674106764082558
2.5414772033691406,1.5049335001198791,0.38693184432039673,6.198815268463562
2.5437357425689697,1.7613182772234302,0.4336153270170219,5.975599234093978
2.544928550720215,1.809465904735231,0.45780645078200544,5.875208387729223
2.546466112136841,1.8557684977039954,0.491204347705141,5.750936193505083
2.548173189163208,1.8988096347142858,0.5275435922090767,5.623396852905666
2.549861192703247,1.950167265105823,0.5642508920189792,5.494411861706398
2.556245803833008,2.407293507581349,0.6912517593251105,4.848092602983745
2.5572509765625,2.4718736096672407,0.706780277261331,4.747209334785285
2.5581796169281006,2.4891123210040162,0.7203874619959839,4.674625733246988
2.5598881244659424,2.5219315573313312,0.7442316082162161,4.538789073174746
2.5616846084594727,2.5531528456210584,0.7678649407195444,4.398885732753855
2.56315279006958,2.632797179309086,0.7865463180964511,4.232212211735238
2.5686964988708496,2.867985961757241,0.8613210766145685,3.702173513339834
2.569855213165283,2.8783768933287925,0.8725092161327789,3.6186108350146258
2.5714645385742188,2.8912072918176497,0.88810517190046,3.511755013427436
2.573831796646118,2.9050783577966977,0.9036115990811199,3.338106381378607
2.574815511703491,2.9283882442613067,0.9090539234070352,3.2756766443015075
2.581346035003662,3.1371065833920446,0.9160113921304908,2.721513255830448
2.582556962966919,3.169242386248783,0.9132688755585793,2.6341815413968774
2.583523750305176,3.1742863398831282,0.9130532636236035,2.590111774100258
2.5849504470825195,3.1757929982609667,0.9173682911757474,2.5293454247823415
2.586568593978882,3.180963278811183,0.9178284302071136,2.4589525381980386
2.5888588428497314,3.2587822283863037,0.898242587453029,2.2706911011672517
2.5936331748962402,3.4157656292003726,0.8415699830679375,1.8826114788548087
2.5949864387512207,3.4169351365811953,0.8350927778794611,1.8444131687111938
2.596644878387451,3.419479917063985,0.8216119268973662,1.8013053351056398
2.5981948375701904,3.4248776338158535,0.8087562193721562,1.7624967436943768
2.599914789199829,3.4318578845327363,0.7946179697491385,1.726982408148863
2.604487180709839,3.5615228835635095,0.7231022137955432,1.3859683950743733
2.605250597000122,3.563881376422284,0.7166488931844011,1.3719013923103063
2.6066501140594482,3.6032314723301484,0.6883717893188299,1.2365070683508745
2.6084020137786865,3.6092274647582796,0.6699707012249463,1.179450243131613
2.610001802444458,3.6061964892057303,0.6524149992377358,1.1495720807766596
2.6115963459014893,3.6103742554584626,0.6347086997983894,1.121261312561882
2.6133599281311035,3.6447872928305185,0.5966864005730371,0.9675852567736296
2.6186952590942383,3.6864895031518317,0.4818942192469949,0.5938650093817973
2.6198651790618896,3.675903328278477,0.46782165247281055,0.573599189263881
2.621607780456543,3.658010407535673,0.44248669519054445,0.5445573514868195
2.623805522918701,3.643613839138332,0.4098703773972887,0.5078728178748099
2.6249337196350098,3.6324888652448473,0.395603996343201,0.49163509242841336
2.6314311027526855,3.5678330527654647,0.24833511710290238,0.07452571126121374
2.63265323638916,3.547896653397763,0.22612734503297963,0.021162685250358474
2.6336331367492676,3.5319374732630844,0.21336058569353483,0.005867338106353205
2.634815216064453,3.5079704131486147,0.20221524938539043,-0.00792253059949622
2.6365818977355957,3.470950479679146,0.18713450258818368,-0.03222658245276397
2.63822603225708,3.4403821505805716,0.15567647505685714,-0.12687770088314287
2.6398019790649414,3.403176933331791,0.14745825409917593,-0.2016134256705219
2.643709182739258,3.3151494225480866,0.07059584666045578,-0.3674109171711337
2.6451354026794434,3.2826145703336675,0.060342522895800485,-0.3802195409326358
2.646582841873169,3.2588390627979393,0.056253660461362334,-0.3857888363789353
2.6482677459716797,3.2266556661660464,0.0576017671470083,-0.3947509212580876
2.6498632431030273,3.1958131275659576,0.05387307869574468,-0.3949640541617021
2.65152645111084,3.1513718241881845,0.039928053866570605,-0.4495834653010086
2.656353235244751,3.045257299619606,0.008235783088310945,-0.5716741414121178
2.6573779582977295,3.023048771598825,0.0013854178962304715,-0.5911703010859969
2.6583120822906494,3.006666893679662,-0.0015723054054751322,-0.5918096269271893
2.6599385738372803,2.977942939463186,-0.008144692544792834,-0.5926836075865062
2.661609649658203,2.9521365084508138,-0.011827303099545522,-0.5937653656155989
2.66318678855896,2.9110476086583073,-0.02182966054231975,-0.6267181728401254
2.6665267944335938,2.8470367622060415,-0.04453489152693075,-0.6790818066759761
2.668659210205078,2.781683742699469,-0.05794949163477263,-0.7156751459639936
2.6698296070098877,2.7600945811024244,-0.06398141253306555,-0.7202056508671639
2.6716551780700684,2.7192962607200344,-0.07055173731805814,-0.7268937655370185
2.673811197280884,2.6590325652030318,-0.08396804746585435,-0.7268117793620006
2.674837589263916,2.63261834840153,-0.09168135707622556,-0.725041399042505
2.681621789932251,2.440871616964048,-0.15306006033703498,-0.7963529968317602
2.6831912994384766,2.3983368504685747,-0.16813094295928002,-0.8015100966040131
2.684865951538086,2.3604493773827264,-0.18046297731979907,-0.8006681440905539
2.6865243911743164,2.3266341815248643,-0.19277476727988851,-0.800310837449318
2.69380259513855,2.211344926062509,-0.2383878396911828,-0.8115993319222939
2.6952595710754395,2.193179452447025,-0.24589896572731185,-0.805669218398423
2.696716785430908,2.1842104471936454,-0.24958601013067122,-0.7968998350595392
2.698258399963379,2.180994041799314,-0.2546925960994854,-0.7902517958507719
2.6998531818389893,2.1803619948419084,-0.2623315674106227,-0.7813987649280266
2.7063817977905273,2.1892320929049016,-0.3051342372826533,-0.7757873191209276
2.7074172496795654,2.1933178839172522,-0.31091267374472964,-0.7730026149258569
2.7083563804626465,2.196939057514126,-0.31456878937286675,-0.7697468012318945
2.7099788188934326,2.207069527438645,-0.32322995700388674,-0.7666749075569128
2.711890459060669,2.2176164829336784,-0.3372733635533017,-0.7598781965406416
2.7131454944610596,2.2240079892361986,-0.3443200585728511,-0.75869808852936
2.7185981273651123,2.259643120066953,-0.3671098815909871,-0.7477824294137339
2.719768524169922,2.2619582124772957,-0.371421761434465,-0.7429694808907034
2.721475601196289,2.272700329682176,-0.37596165015676447,-0.7363419864967787
2.723865509033203,2.2840810574980925,-0.3864174472129433,-0.731799123331779
2.7247583866119385,2.2835750665633743,-0.38795951988851207,-0.7297595625701568
2.728261947631836,2.288638968358368,-0.39064460998373746,-0.7090590738959196
2.7296993732452393,2.2907453313081336,-0.39419077314675083,-0.7055026665667766
2.7305188179016113,2.2913566647646553,-0.39615310370474965,-0.703012633516474
2.731684446334839,2.2888891304688346,-0.3967951547154472,-0.6960090911571816
2.7332112789154053,2.286756551163972,-0.400510608638718,-0.692122227898698
2.7349936962127686,2.284992881178925,-0.4053332454787097,-0.688312841310681
2.736640453338623,2.285252627555985,-0.4047277403281853,-0.6808816418494209
2.7381861209869385,2.288089412961747,-0.4072228384581787,-0.6720534030665144
2.7438273429870605,2.2999597528812448,-0.4105516648784538,-0.6251205670307005
2.745469093322754,2.2913198473401057,-0.40839920437601945,-0.6203050656232652
2.7465178966522217,2.2902129584850477,-0.4134711758459007,-0.6175238685253971
2.748206377029419,2.29090085705917,-0.41409616945098615,-0.6142964217699441
2.7497897148132324,2.2864182201852428,-0.4139556729939102,-0.6094799056694519
2.756347894668579,2.2757747708847385,-0.39409347312428833,-0.5574987079409803
2.757385492324829,2.2732796812577885,-0.3892520399444855,-0.5511393254841281
2.7583611011505127,2.270913354326148,-0.38560886099276537,-0.5494405237997932
2.760108470916748,2.2640356581865517,-0.3877772940186551,-0.548613006955868
2.7617952823638916,2.2613153552871244,-0.3844840146694166,-0.5430791774622864
2.763129949569702,2.2661343442280826,-0.3780674136878118,-0.5274450013435495
2.768709659576416,2.3057924506149656,-0.36742792999068236,-0.4582923352174598
2.769853353500366,2.3168675174885323,-0.36690449381077983,-0.4538433095699541
2.771470785140991,2.334584484691425,-0.36591672487238314,-0.44384212174046456
2.7738049030303955,2.347288071378371,-0.3663220086019165,-0.43283456068596854
2.7749218940734863,2.35644563725243,-0.36541010622067077,-0.421420764870089
2.7815675735473633,2.410167376169185,-0.3292799666020336,-0.2967326188046886
2.7827913761138916,2.418835832058601,-0.32401643351606807,-0.2811281906994329
2.783768892288208,2.4242474360270343,-0.32197083556217937,-0.2751096379204215
2.784954309463501,2.4324461606303895,-0.32009615374989603,-0.26817285489310966
2.7865607738494873,2.443160298724846,-0.3194402912616621,-0.25956478303674463
2.7881431579589844,2.458840870766417,-0.3082504174411635,-0.2234930140233583
2.7917284965515137,2.5009301445557655,-0.2938575319277141,-0.15618129523695212
2.793954372406006,2.540696599402439,-0.27845039369268293,-0.08712710876097561
2.7954177856445312,2.569866589293158,-0.2720878787393358,-0.06939610915774407
2.7965004444122314,2.592348984091039,-0.2702129703008875,-0.0569620100392213
2.7982358932495117,2.6283551444954334,-0.26331510522425183,-0.03544175977279753
2.7998387813568115,2.657521480937879,-0.25420228568108183,-0.01286798986054374
2.8061304092407227,2.752128294969222,-0.19648291940381876,0.2169779794554004
2.8070175647735596,2.7589958478787073,-0.18627722205092334,0.2589144231495523
2.808126926422119,2.7763875660811417,-0.18073452522775602,0.2776971175562395
2.8099141120910645,2.80332530628866,-0.16691871184879725,0.3151208525429553
2.81193470954895,2.833533726742712,-0.14959460290036797,0.3621068862388904
2.813416004180908,2.85370753175211,-0.12785405288464385,0.4617164568405153
2.818695306777954,2.9264862062095824,-0.034117828883230526,0.8049584250995553
2.819873332977295,2.943018456241429,-0.017049732327499643,0.8509625975561612
2.8214759826660156,2.961541573408017,0.009536363160057265,0.9182075233918396
2.8238184452056885,2.97602081050717,0.04577112730808854,1.010591050079354
2.8249638080596924,2.975192074694278,0.0659834112317973,1.0523876284221076
2.8313348293304443,2.7921357383464565,0.2012496101624016,1.4634782247185039
2.8325445652008057,2.749061646861427,0.22624890542177575,1.529071826298567
2.833519220352173,2.727349150116856,0.24475540039592258,1.5616795840648545
2.834942102432251,2.701366646550587,0.2771886320824483,1.6177169151607043
2.8365752696990967,2.669529137949133,0.31614191104327266,1.6833634256025218
2.845362424850464,2.25380224478297,0.48216673439736235,2.1085874678645355
2.8465936183929443,2.220042975272649,0.4973520656381881,2.1283476063960722
2.848292350769043,2.170068375659605,0.5114244951709133,2.1473987510552535
2.8498709201812744,2.1318952864248244,0.5286642245567117,2.1659327995074737
2.8535025119781494,1.9103941140512637,0.5649617396168785,2.3109301317071256
2.856217622756958,1.7991334877989418,0.5893945431578722,2.3740248646410698
2.857252836227417,1.7452377179365441,0.6020209964651994,2.4111816185237958
2.8581912517547607,1.726406205231099,0.6124879775828213,2.4259392997883378
2.8598215579986572,1.6951110864796355,0.6357296827893139,2.4627129500751073
2.861743211746216,1.6595360738294709,0.6653246047516397,2.513996167950153
2.8633739948272705,1.5596132366023518,0.685749043580575,2.611723744887195
2.8688392639160156,1.3430994690197962,0.7910143767551284,2.9886585793688134
2.869887590408325,1.354780579840482,0.8303081044949074,3.0673445305498492
2.8716869354248047,1.283415380308221,0.88564636336723,3.2164386350113148
2.8731753826141357,1.2250597573329516,0.897242260016032,3.3220212713695965
2.874922752380371,1.203330518596033,0.9322710788789954,3.417573440099886
2.8813552856445312,0.7833291170057282,1.0085647673982527,3.813875669335529
2.8825783729553223,0.7076711214987818,1.0215507262981223,3.8892033326681954
2.8835670948028564,0.6770776849175864,1.038946115755339,3.944579663260284
2.8848013877868652,0.6442529678486283,1.0544198744209718,4.003191212582927
2.8866591453552246,0.5865016626362611,1.0718543389080784,4.094414269195263
2.8881185054779053,0.4648551714296142,1.0845521595578729,4.181805059763295
2.8936471939086914,-0.058208415350874676,1.1385529024710352,4.454987206564096
2.8950436115264893,-0.10214016574906798,1.157518789768569,4.522193387497276
2.8964669704437256,-0.15110337597595552,1.1778383486625434,4.5850759901544125
2.8981380462646484,-0.2006875279090102,1.201055545024856,4.659421267842876
2.899960994720459,-0.25388095234105207,1.2241985862399944,4.738804222215123
2.90635085105896,-1.0896787737429305,1.2921112355034277,4.924949230593402
2.9073739051818848,-1.2194341035874374,1.3037014796673805,4.949965830568451
2.908304452896118,-1.2477875794161313,1.318467060768023,4.988278618520057
2.909914493560791,-1.2943752670865438,1.3391271414867392,5.0495238797437185
2.911816358566284,-1.3579411192005753,1.3668893092127965,5.135837051691589
2.9131696224212646,-1.6237885510507162,1.3763214990021924,5.131606399063285
2.915792465209961,-2.026653396952055,1.4128307091952055,5.140797463962329
2.9166412353515625,-2.107364217850685,1.4140651245650686,5.156490810554109
2.918645143508911,-2.5167789054287146,1.4355387946546783,5.0952134048501225
2.919869899749756,-2.5624415997959593,1.4492545198809286,5.137771678140852
2.9214913845062256,-2.6140689601067018,1.4648882968368253,5.18722507946774
2.9239068031311035,-2.7076289254818247,1.4897716188955081,5.25448539779295
2.9247896671295166,-2.731347878056669,1.4975969494816863,5.276285765417415
2.930783987045288,-3.6510575054342573,1.5332283114328358,4.95542534696091
2.9318864345550537,-3.877929365189197,1.541464787277612,4.834176598231414
2.9333791732788086,-3.9441560078908178,1.5526494182072392,4.848649804729862
2.9348719120025635,-3.9908955727213,1.5590051469254222,4.866185696232465
2.936655282974243,-4.0400378847274805,1.56925867127882,4.894016742377059
2.938253402709961,-4.3005365909624755,1.5761148693615235,4.728840049626715
2.94380521774292,-5.009159850928777,1.582444908442849,4.241174906406088
2.945239782333374,-5.048115444283314,1.5840752735186676,4.257270883398765
2.9465365409851074,-5.083936076821094,1.5910609779531402,4.272314452701077
2.948112964630127,-5.128521217342748,1.6002783555044129,4.294760278590468
2.9497745037078857,-5.173580463589759,1.604294228058037,4.315398603864865
2.956371307373047,-5.7901177038908775,1.6003857706776456,3.803461504946155
2.957268714904785,-5.857838801690669,1.600365598214174,3.7369665843280786
2.959845781326294,-5.913539369583956,1.6033549119874524,3.7455807047152123
2.9618711471557617,-5.9621734083519256,1.6030798357968128,3.742453553606906
2.9632391929626465,-6.086742735202177,1.5982454029135167,3.5908566853613975
2.968719244003296,-6.4250091891344265,1.5946599227924025,3.2548465211764785
2.970029354095459,-6.452402037574992,1.5945796367908607,3.2669039014336976
2.9716508388519287,-6.493000478227907,1.5950342264515394,3.276539359197834
2.9737563133239746,-6.537787591160005,1.5941337745586965,3.285150783775658
2.974857807159424,-6.559765322968945,1.593672491266676,3.2894584387067263
2.977902412414551,-6.7138120871852065,1.582762564153934,3.083294590050264
2.9788126945495605,-6.749322921869459,1.5810116544986372,3.035079476496629
2.9812533855438232,-6.802273311654249,1.5729960649640016,2.9628958925324405
2.982316493988037,-6.833217722471851,1.567890731268117,2.913899184312509
2.983283281326294,-6.840999229323974,1.5658784594233426,2.9122037496513307
2.9849703311920166,-6.851556848554407,1.5641154395171113,2.9044274956848724
2.9865951538085938,-6.861425216191258,1.5598205910363743,2.8923055811070695
2.9925248622894287,-6.946545456979062,1.5394192993219562,2.6394820026312917
2.9933218955993652,-6.956909437756346,1.5336498038904345,2.595067490003872
2.9949371814727783,-6.955030847149454,1.5280535871880774,2.566114831968094
2.9964547157287598,-6.945577242349553,1.5241971085102852,2.548531770701376
2.998934507369995,-6.92018221037667,1.5148570368788046,2.513020714632007
2.9998323917388916,-6.9114865200072995,1.5139367822846717,2.50409379570073
3.0062644481658936,-6.836695603429325,1.490825602090523,2.256426314937894
3.007157802581787,-6.816868305518183,1.4846329170133679,2.2179467148418857
3.008300304412842,-6.7818715119094435,1.4814633076093144,2.198323292309185
3.0099031925201416,-6.738365276728786,1.4758529104871048,2.167140338361065
3.011687994003296,-6.692116582248742,1.4697091301329979,2.1341312924399714
3.013218879699707,-6.667092257907304,1.4580487563207685,2.0674659204454384
3.0186760425567627,-6.587954264759633,1.4481875509923494,1.919369917333287
3.0198113918304443,-6.563829207024204,1.4423683075042426,1.9030241353969952
3.0217065811157227,-6.532311975473653,1.4419094704621078,1.8831704541560095
3.023919105529785,-6.487195277967965,1.4330175796053577,1.8532500175658657
3.0248219966888428,-6.470704018818696,1.429697697322563,1.8411922534913008
3.0315780639648438,-6.331255313169385,1.3992128317237482,1.7197887049333334
3.0333125591278076,-6.291841729279908,1.3900902154693762,1.6934711784739553
3.034926176071167,-6.247621861778057,1.3812702038387141,1.6668323869983228
3.036532402038574,-6.2039039304769705,1.3734331363599888,1.6405121696205143
3.0439813137054443,-5.9484102909891154,1.3268257969321111,1.5685355784233745
3.0452311038970947,-5.912899503937267,1.3180589836350616,1.5554134762294471
3.046495199203491,-5.8735646995708555,1.3102542814457487,1.543552245386201
3.0483100414276123,-5.8175885394708065,1.302940655463652,1.5335737534948484
3.049976348876953,-5.765879306883966,1.293841596843882,1.515914183011533
3.053349256515503,-5.649968592529886,1.2702147334314706,1.5407402925368363
3.056199550628662,-5.550889596238443,1.244370879158151,1.5445024820559612
3.0572237968444824,-5.511740736808895,1.2348565289348639,1.555922066134577
3.058149576187134,-5.47879758709254,1.2265202672094693,1.5491689965451938
3.060025215148926,-5.419580593969436,1.2071089437443734,1.538250609502084
3.061849594116211,-5.352063141436737,1.1887597973115036,1.530097611157547
3.063180446624756,-5.286512894253966,1.1768517250985604,1.554852820577409
3.0680317878723145,-5.0227954424211125,1.1392202699440799,1.6381541006433666
3.068934202194214,-4.968830862906694,1.132084756129707,1.6531360046096235
3.0699191093444824,-4.919363637626779,1.1263735305188285,1.6419574454384938
3.071615219116211,-4.825100795231302,1.1153383352158135,1.6183920355096622
3.0738964080810547,-4.680898899498218,1.0883812656143979,1.5702117805153242
3.0748538970947266,-4.619780707067142,1.081486248169494,1.55418646006258
3.081465721130371,-4.120675943009758,1.0350180904627821,1.6373648108717591
3.0827581882476807,-4.032824488597218,1.0265495261431916,1.632800197435432
3.0837652683258057,-3.97055642452069,1.020303641675862,1.606653585175862
3.084981918334961,-3.9010252713771036,1.0132117090653792,1.5786555801053792
3.086585521697998,-3.802591526265841,1.0059994295623342,1.5375030380480401
3.088186025619507,-3.675022479565588,1.0000356742279688,1.5588644023902052
3.0938448905944824,-3.2317014419054395,0.9783287052301256,1.5728345213096233
3.095238447189331,-3.1522225756285915,0.9669909867224548,1.5204868276659693
3.096709966659546,-3.066296107195387,0.9619376893005729,1.4624558041934774
3.0981409549713135,-2.984108146263534,0.956508890933773,1.414788596106073
3.099885940551758,-2.8806074781308264,0.9465544823769421,1.3531730401806301
3.106268882751465,-2.3627073160862264,0.9359355382538418,1.3735788411841208
3.107234001159668,-2.2842053952366794,0.9330730829059313,1.3760385455948587
3.1081299781799316,-2.23347656071765,0.9249650519144047,1.341431605016085
3.109994411468506,-2.1205421807510842,0.9108308846489436,1.2750118558031343
3.111870050430298,-2.0105789660338274,0.8945548435936376,1.2099665081415
3.1132469177246094,-1.8913186934803252,0.8882933052356614,1.2259583118328736
3.1155288219451904,-1.7145260046141235,0.8665856579016393,1.2256385372862546
3.118717908859253,-1.4762673254502237,0.8478671573797539,1.2267881842209172
3.120006561279297,-1.4145042279677011,0.8324771053292785,1.2008176753863256
3.121616840362549,-1.3340547269748602,0.8116037563324022,1.1708021615865922
3.1238925457000732,-1.2275235365203252,0.7841393690162601,1.1423788206463414
3.124774932861328,-1.188500523504065,0.7724211957894589,1.1338473230706476
3.1313419342041016,-0.8023238875270386,0.6931964760642346,1.269520802446495
3.132331371307373,-0.74796100652004,0.6820438900541083,1.2966511751302605
3.1333541870117188,-0.7129878893299456,0.6706522734265674,1.3122384301803607
3.1348063945770264,-0.6673567749094401,0.6548842437277717,1.3450109442974754
3.1366233825683594,-0.6082620371400778,0.6324438986978449,1.3891378605835079
3.1439249515533447,-0.2328926607221188,0.5711180213722262,1.656151764547745
3.145433187484741,-0.1897629132670007,0.5649528139534717,1.7096513058783107
3.146531343460083,-0.15944973264137438,0.5630246836657122,1.754439400356478
3.148383378982544,-0.10583404966865673,0.5591122118533048,1.8340999363953092
3.1499199867248535,-0.060395306809086995,0.5532701036319335,1.891484305043285
3.1515254974365234,0.032573909270727584,0.5526187653037224,1.9566154032064298
3.1561789512634277,0.29601055966916456,0.5562814630463503,2.1262731748201498
3.1572372913360596,0.35871082868250537,0.5605894950863931,2.160413985905832
3.158158779144287,0.39194749131749457,0.5675721615802736,2.194505611027502
3.159802198410034,0.44850935332863784,0.5772368055468375,2.2487707220740947
3.1618971824645996,0.5259709154093745,0.593807553071978,2.3122533771037586
3.163320302963257,0.6245323690315974,0.6002121497244003,2.336991710740199
3.168766736984253,0.9779350708145668,0.6496076715445793,2.411599690165341
3.169761896133423,1.0160397963624948,0.6649094035403935,2.4232396873329147
3.17166805267334,1.084915795713794,0.6901850215844566,2.445644858433754
3.1738829612731934,1.1850591321227695,0.7185618728800857,2.4653429109757314
3.1747655868530273,1.2132798517578873,0.7329417805760171,2.469521232861813
3.1782472133636475,1.4735645679952716,0.7701067513003296,2.408299029236997
3.1814332008361816,1.6501574959496712,0.8092227728269946,2.3543543164126395
3.1825525760650635,1.7071269930737565,0.8219998324078045,2.3355488807508578
3.18351674079895,1.7374679435506004,0.8364835473117496,2.3285813606633794
3.184988021850586,1.7864934730886217,0.8533475880640201,2.307795079634051
3.18658709526062,1.8414872048209,0.875957091107631,2.2982096234101648
3.1881096363067627,1.9288797767557713,0.8886384778010586,2.2522648427378327
3.1935348510742188,2.1908042429553265,0.9214617408201604,2.1008120929152345
3.1949265003204346,2.230545595011464,0.92786349734503,2.0837638873538373
3.1966116428375244,2.2799786364367405,0.9372078661951394,2.0766405862315938
3.1982743740081787,2.3461248204266374,0.9465507241371597,2.0798087127168507
3.1999435424804688,2.3872379047440337,0.9527178500091368,2.075159788710487
3.206238031387329,2.6700216083878763,0.9247591028893599,1.9414576803509962
3.207242488861084,2.7159398512886828,0.9250295136612349,1.9171601932879354
3.2081639766693115,2.7384915692756766,0.9183186498505008,1.91762340969547
3.209895610809326,2.778895870367721,0.9151979189348446,1.9226384466538617
3.2117393016815186,2.8244783799765614,0.9079016004772418,1.9283176019933463
3.2132856845855713,2.8943119332643876,0.902496385357265,1.8720578165789175
3.21871018409729,3.101956465753652,0.8783640068152392,1.6917292985837868
3.21987247467041,3.121359070487253,0.8751209916154397,1.6967638483546261
3.221461772918701,3.1460876074697532,0.8682313327836869,1.6973543259640194
3.223926305770874,3.17335614991275,0.8533410456912474,1.6855845095094417
3.2248129844665527,3.186557357341282,0.8496703491192281,1.6811070913532735
3.226557493209839,3.242596690436722,0.84580054593361,1.5989902913962655
3.231442451477051,3.359876956740782,0.8152164755658828,1.3556804361378878
3.2326583862304688,3.38992611634805,0.8048112066100074,1.315839159865342
3.2336671352386475,3.409102701177604,0.7923532938651214,1.3140932190301593
3.2348663806915283,3.417672683422787,0.7840181666883552,1.2973712179019827
3.23646879196167,3.4161420142942522,0.7744245650183014,1.2832424066351158
3.238189697265625,3.447419676765421,0.7583557979611721,1.1885413264717948
3.240602731704712,3.490841800954539,0.7651466924359414,1.0632295608529287
3.2414772510528564,3.503693366334046,0.7424473823797919,1.0415491011778537
3.24414324760437,3.552768372054004,0.7106333739422719,0.9052200310782124
3.245512008666992,3.5493544835708724,0.7045484060657949,0.9127106651911254
3.246554374694824,3.551607624695368,0.7020998878084573,0.9225107637839756
3.248258113861084,3.5488650966227864,0.6923937480637544,0.9329485000141676
3.2498486042022705,3.549054905099266,0.6897180974549563,0.9464428573857667
3.256422758102417,3.6199113331557284,0.6027672099777531,0.6159926827330366
3.2574803829193115,3.6237832016086444,0.5888905815810056,0.5751984097694796
3.2584245204925537,3.616815008159659,0.5800987289553072,0.5770544417424287
3.2598776817321777,3.6063693794201703,0.5660144791748848,0.5775681419589328
3.2617783546447754,3.5973485669225806,0.5399934564331184,0.5803984615311828
3.263124704360962,3.6050798531736334,0.5091975949324758,0.4876001275755627
3.2687923908233643,3.5856983608215156,0.39408215784715656,0.24574218304956308
3.2699320316314697,3.5727915015033664,0.3806896995546483,0.25285717162426585
3.271543502807617,3.5503449973448853,0.36303831370374506,0.25428199951872554
3.2738842964172363,3.518431152547432,0.3356197256259122,0.26811922925581716
3.274785280227661,3.50230004124081,0.3242350071007848,0.28024461252953325
3.2815310955047607,3.5044296057325317,0.2113537604981386,0.017617544828035514
3.283327579498291,3.4952940605163136,0.18785635597424155,0.004895392109902691
3.2849435806274414,3.497175386645781,0.17833260224644945,0.011105792320802006
3.2865447998046875,3.4903148934424126,0.16640874152381654,0.01646320971184191
3.293943405151367,3.4501420665315186,0.07161260485816619,-0.21820901117621777
3.295287609100342,3.4432861910601438,0.06748452234359711,-0.22143319786100718
3.2966105937957764,3.438506462902446,0.06132953242115108,-0.2228460155771223
3.298238754272461,3.440502621253966,0.05651435194954981,-0.21855519586794342
3.2997984886169434,3.4403763752917316,0.05148652628662601,-0.21427438754843287
3.303297996520996,3.4452744751321656,0.028136962896496816,-0.2997597429745223
3.306159496307373,3.4552637736000573,0.022180435621783876,-0.32137689199371067
3.3072028160095215,3.4604005684518118,0.01802580567993699,-0.3375412428303021
3.3081445693969727,3.4630781531360446,0.018959466212659315,-0.33272834573020194
3.3100128173828125,3.462044011558172,0.019234885186289536,-0.32797603944781945
3.3118042945861816,3.464981231846707,0.02389104483865401,-0.3162219460641358
3.3133575916290283,3.462577815748684,0.01735460690219298,-0.3493618939592105
3.3180603981018066,3.4530819666063195,0.0033961827204668374,-0.4060876950563621
3.3189315795898438,3.450696990292697,0.0017502745853939046,-0.4158681284226567
3.3198628425598145,3.4477295016912017,0.0036897933824036806,-0.41618020636745257
3.321528434753418,3.438768228107153,0.00758276432059753,-0.4143312307822465
3.323158025741577,3.4371194959871154,0.013830878727845384,-0.40550060561689333
3.3248653411865234,3.430884251657951,0.021139282629804256,-0.4004333492808973
3.331592559814453,3.368057099051613,0.03215973636229391,-0.457414563184086
3.333432912826538,3.3470937246557613,0.038788466495479984,-0.46042092709398763
3.3348147869110107,3.3312141536324726,0.044338101204594096,-0.46100332930146953
3.3366143703460693,3.3145367778128683,0.05020038297716502,-0.4627107914301307
3.3381388187408447,3.298097546161172,0.04969065331501831,-0.4716948975128205
3.3438451290130615,3.2759776872427597,0.047603649784497444,-0.4650025792913117
3.3450944423675537,3.2719346099173765,0.04698731821720613,-0.4609950505008518
3.3466920852661133,3.273950954108908,0.045867071295689656,-0.4558208836058908
3.348297595977783,3.27328897641,0.045506886156428575,-0.450299215465
3.34982967376709,3.2712807559998582,0.04505250658105234,-0.44990614787150757
3.3561928272247314,3.274190984021215,0.05613980135113292,-0.3940656797817867
3.3572120666503906,3.2739941341340884,0.05833488264936182,-0.38184939201419765
3.3581480979919434,3.27254452859042,0.05699016543467661,-0.3780023697566327
3.3600411415100098,3.2675422251936475,0.05911532124303904,-0.3746999360097943
3.361600399017334,3.2628483233122068,0.0563477365334507,-0.37082574750762914
3.3632450103759766,3.2569144932548095,0.06210790289311671,-0.34152295552330053
3.3688156604766846,3.239504816522587,0.07514856952143983,-0.24634634023232468
3.369889497756958,3.2366942281560305,0.07553674094493044,-0.2419893787477413
3.3716208934783936,3.235123235642458,0.07403798936871508,-0.23477557132960894
3.373850107192993,3.2369260439913297,0.0685890985560143,-0.2222285262112579
3.3749759197235107,3.2376835428641617,0.06668462874263693,-0.21455533015097714
3.3806464672088623,3.24326921214872,0.07868698764535964,-0.0633907295085085
3.3816275596618652,3.2457852571966255,0.08438834868497068,-0.019426695614614617
3.38321590423584,3.250107054987548,0.08405570417732933,-0.0013574894130528124
3.3848586082458496,3.248542758602353,0.08117011122228374,0.0019086779121107265
3.386763095855713,3.253326999162592,0.0826402920013019,0.010206146592072906
3.3882579803466797,3.2552540528428966,0.0905823653238429,0.07308603801416265
3.393787145614624,3.27335202715228,0.12350696950501863,0.2683206166289074
3.3949344158172607,3.278089497041583,0.12674497838084312,0.2719581077536564
3.3966434001922607,3.2906582339171546,0.1334226091334095,0.2792348989074418
3.398280382156372,3.3051325366013757,0.14227810613282704,0.2892475092140708
3.399949550628662,3.316945071125311,0.14916088897247579,0.29345162186542184
3.4061920642852783,3.340505345693578,0.2087628029027523,0.5465587256238532
3.407188892364502,3.3427277365217707,0.2192602786041098,0.5903830983901422
3.408104181289673,3.3508537846174735,0.22309710175484984,0.5932086156299756
3.4099419116973877,3.362193181329207,0.23238223953087622,0.5985192186596662
3.4119136333465576,3.375785012272753,0.2408228743600458,0.601850219040498
3.4132936000823975,3.375585006174812,0.2562327431947438,0.6815706422701905
3.418820381164551,3.3662125188751597,0.3006125473510593,0.8891119005175601
3.4198157787323,3.3722872073935735,0.3063450574285511,0.8909911289833642
3.421485185623169,3.3848546453597765,0.3146083876100559,0.8947796864938548
3.4238805770874023,3.4053686205224962,0.3242609682856944,0.906125742037749
3.4247798919677734,3.4108696755836467,0.32929937301894413,0.9087001790629614
3.4265167713165283,3.4087295049922117,0.34512527630918444,0.9787826557634093
3.4314939975738525,3.3930732666269683,0.39020407046578875,1.1871043688814773
3.4332315921783447,3.399745027459274,0.40292434508688196,1.229358699572735
3.434873342514038,3.414211074210416,0.41372553891474173,1.2456982562011758
3.4365572929382324,3.425331587569924,0.4222634245026331,1.2646228441211234
3.441537380218506,3.3816529738238983,0.4732576971337905,1.5220603321523198
3.4437031745910645,3.346653464528168,0.5023837774447283,1.6782804781857528
3.4448893070220947,3.353385312321555,0.513954156900525,1.7069703889491983
3.446638345718384,3.363026550019543,0.5299927742644057,1.754058028127461
3.44826078414917,3.3706748670866458,0.5469127577457821,1.7984204421664283
3.449922800064087,3.37299008950335,0.5594585482068677,1.8404152299028476
3.4563536643981934,3.2011558266386424,0.647899624578201,2.245963443819679
3.457401752471924,3.1661753645734496,0.6613138971183194,2.3006027186689053
3.458329200744629,3.1535291630144324,0.6704491012995141,2.325041479130466
3.459942102432251,3.1369896234432817,0.684556015120134,2.368951734831729
3.4617292881011963,3.1153560714616177,0.7078441579989706,2.4218637330520587
3.4632749557495117,3.055004422909399,0.7303609726028789,2.531486444235394
3.468616008758545,2.8460865732230114,0.809197517634375,2.8639962021264207
3.469759941101074,2.8253462606676134,0.8182169254812499,2.8950964939517045
3.471571207046509,2.789128066965428,0.8336752707765026,2.9433702839143594
3.4738588333129883,2.74486823696987,0.8507272265387691,2.9967249287786664
3.47499418258667,2.7192712310204197,0.8580276683362844,3.021908826638155
3.4812729358673096,2.400760567809558,0.9063819509905566,3.3002351378789525
3.4823641777038574,2.35017545710933,0.9137127258202633,3.3485439897550084
3.4833264350891113,2.3315751098523183,0.9194042112375501,3.374318874540355
3.484975576400757,2.303466591575707,0.9301955510419279,3.421330397931606
3.486534595489502,2.277138579124006,0.937153777324595,3.465142825693667
3.4889976978302,2.146152501237994,0.9520833015321114,3.5966240101615514
3.489863634109497,2.105697344352515,0.9495594707642796,3.639387300466752
3.493708848953247,1.9335244415607116,0.9533009828881138,3.8476660505935945
3.4948503971099854,1.913976859386192,0.9495912868345907,3.8955654684042704
3.496577501296997,1.8816253840605368,0.9507876858226728,3.9727828059217587
3.498944044113159,1.8275531294235665,0.9453055881259832,4.074864316471901
3.4998843669891357,1.8061522894567426,0.9426766665072215,4.118812731466324
3.5041911602020264,1.5076939381464682,0.963231416875158,4.405811491845949
3.5050344467163086,1.4821099225899452,0.9677986837320601,4.45754253627117
3.506563186645508,1.3290827426748972,0.9778484809547325,4.571204031098766
3.508544445037842,1.2280161268676704,0.9876143204031541,4.693698026591972
3.509902000427246,1.1208003700730487,1.004969428417003,4.790499292361625
3.511619806289673,1.0429993378562374,1.0068609128386632,4.860028218070297
3.5132124423980713,0.8240484889615836,1.0072882917139296,4.979933302086216
3.5187580585479736,0.14860697441956552,1.0903281959305693,5.4154660331282125
3.519970417022705,0.09342127151526339,1.1047315396548345,5.49855167910365
3.521665334701538,0.0070488852203414165,1.1128794461734328,5.609800531058385
3.523902177810669,-0.04155066535017951,1.108154629870892,5.715626958822839
3.5248284339904785,-0.1190520035523336,1.1056853658215964,5.766360642196907
3.5314159393310547,-1.2645006827637795,1.1014530043835362,5.898865737062563
3.5325443744659424,-1.418849989076923,1.107015025948718,5.92265996748718
3.5335025787353516,-1.4692795720610228,1.1099632494379028,5.959612131323163
3.534917116165161,-1.5359020435130701,1.1103168521074804,6.019604614154338
3.5365800857543945,-1.6193633388031774,1.119348057849073,6.098057733721977
3.54370379447937,-2.9475691782889206,1.1971638706161931,6.045581540919033
3.5448079109191895,-3.005117817362358,1.2041581139896307,6.089953247051846
3.5465476512908936,-3.116257964091809,1.212539943434084,6.153512577689427
3.5489161014556885,-3.2411650963660676,1.216103058145842,6.225212174687422
3.549874782562256,-3.2873871343676,1.2223425965867114,6.2502027893862655
3.5514416694641113,-3.5687478856478627,1.2373710478148965,6.171780621073601
3.556291103363037,-4.328515183700486,1.285054626814253,5.938692842139526
3.5571556091308594,-4.471329366720451,1.2969926196226955,5.887736088583679
3.558276414871216,-4.516981708917536,1.306442367324282,5.919726064372588
3.5598816871643066,-4.580126993761121,1.3194729344493097,5.96541064052266
3.561662435531616,-4.658353090803679,1.3366316891270051,6.019880836546284
3.563136577606201,-4.891194302739105,1.3527126910220713,5.921736978155631
3.5659384727478027,-5.2586374729309675,1.4074898055827278,5.768191635148128
3.5668509006500244,-5.32621419344592,1.4017818227824204,5.764795532031023
3.568699598312378,-5.58950986608,1.4166379779377305,5.601629206365674
3.569831132888794,-5.63142255144,1.4279030276628368,5.623343102872908
3.571432113647461,-5.691414365691589,1.4414377238224299,5.651912892401869
3.573895215988159,-5.784934972524668,1.4668202068504543,5.6978859769844865
3.574791193008423,-5.8230264602225015,1.4775013199797344,5.716073242630608
3.5813369750976562,-6.548054222902376,1.5326831996782135,5.368272521853135
3.5823049545288086,-6.636670525918834,1.5390662382737925,5.32608280036782
3.583296537399292,-6.670628550532152,1.5420259593035153,5.346031386813804
3.584850788116455,-6.721034748409738,1.55045082515341,5.373452134348873
3.5864663124084473,-6.7780364796296295,1.5631593304444444,5.397197676777778
3.588306427001953,-6.933067103397649,1.5716321563365827,5.296504708260894
3.5936737060546875,-7.287870747208606,1.5893081848176653,5.066115303234735
3.5950443744659424,-7.318188227697814,1.597118399699801,5.075415324687873
3.596480369567871,-7.346022537088579,1.6002075821633703,5.081175308842618
3.598874568939209,-7.389555284708652,1.6042073752309218,5.08790959814383
3.5998432636260986,-7.405839151307518,1.6029964813580142,5.087771770810213
3.6061861515045166,-7.628429502902649,1.5708754086722978,4.831803508438511
3.607069492340088,-7.6554186215549205,1.5644786712896166,4.791889622192792
3.608206033706665,-7.666651478906179,1.5588146237474256,4.782550281056063
3.609814405441284,-7.684829748066723,1.5518153705048259,4.778687254274024
3.6116812229156494,-7.704867166435654,1.5398215368046213,4.770745343151653
3.613248348236084,-7.739981703600923,1.524140400808535,4.722138872755479
3.6187283992767334,-7.776041810118103,1.4631942216071379,4.610982415288949
3.6199252605438232,-7.770582649696718,1.451459786334098,4.595713207850222
3.6215806007385254,-7.758549563356703,1.434723611446702,4.571554415768636
3.623893976211548,-7.734193301036031,1.4075877127426364,4.5374949421215325
3.624765396118164,-7.722122017613812,1.3969560154013438,4.522492817463254
3.63151216506958,-7.547765640302442,1.2695723493999713,4.401725702853063
3.633211612701416,-7.490840481205165,1.2428458270232425,4.357526120132568
3.6348211765289307,-7.43556003178111,1.2193733999931642,4.306741154921595
3.636467933654785,-7.3770581931226875,1.1929512443811556,4.2453668489430685
3.638185501098633,-7.2924952964827225,1.1612183478883287,4.214085114722379
3.6418960094451904,-7.13098679453449,1.0953423879695634,4.153943373812687
3.6438941955566406,-7.035186334409033,1.0631151307153812,4.1742740454627185
3.6450788974761963,-7.012209007265871,1.0521470064149978,4.147082017600767
3.6465964317321777,-6.982491889634381,1.0401758337181806,4.1135551575742575
3.6481876373291016,-6.9554845075168865,1.0304672797012022,4.080290636594734
3.6498498916625977,-6.923903778139535,1.018530080232558,4.048882911116279
3.656423807144165,-6.609509157180192,0.9427614567074567,4.185471790643337
3.658167600631714,-6.538484112604545,0.9262033662210947,4.17774227020766
3.6598691940307617,-6.489748375551402,0.9149893195293117,4.140310788793543
3.6618168354034424,-6.424008738719063,0.8969333637023411,4.099587342450051
3.6633105278015137,-6.310672707371809,0.8709746127429022,4.16455335299957
3.6686840057373047,-5.9387886795405755,0.7982359786741091,4.330776603691284
3.669801950454712,-5.906630768589094,0.7892027184907685,4.309602907777157
3.671602725982666,-5.849893493060051,0.7717833452118958,4.276080968106235
3.673909902572632,-5.783188587066047,0.7564480400480613,4.246439642387734
3.674793243408203,-5.757591044124871,0.7494102650060445,4.238510515791096
3.6814892292022705,-5.261883255059785,0.7145470752528347,4.594541037609778
3.6826701164245605,-5.194971828611667,0.7091949075258793,4.6362439250835
3.6836323738098145,-5.170765375718934,0.7045736705641393,4.637227203272037
3.684814929962158,-5.134589712046868,0.6990564699793608,4.632824362624194
3.686647891998291,-5.072548218780488,0.689686803712024,4.6257996469345315
3.6881320476531982,-4.913762592286349,0.6853649521078291,4.726557405849871
3.6936607360839844,-4.3414615958918,0.6623959349841133,5.006198337010734
3.6948068141937256,-4.294790991541291,0.6546489133784171,4.988885425996565
3.6965861320495605,-4.222247131442121,0.6409884248620343,4.964792500555301
3.6981239318847656,-4.152846883998724,0.6281104484670447,4.9374469500793765
3.6998543739318848,-4.073127740927221,0.6152869730609308,4.907519204014104
3.7040998935699463,-3.5289110992339916,0.5835649853757882,5.073793428726216
3.704848051071167,-3.493300898922096,0.5760905424174022,5.055556477203727
3.706538438796997,-3.2765949165098815,0.5620618206403162,5.098973986345631
3.7085824012756348,-3.130656311491569,0.54384073716519,5.072753073085168
3.709972381591797,-3.0633845687590986,0.5354953874420493,5.034968108168814
3.711768388748169,-2.969952723347558,0.5234647389399971,4.9909099222891316
3.713148832321167,-2.7737084375613037,0.5130845509928394,5.024238702501388
3.718747615814209,-2.0974722841878912,0.46482672287404314,5.047337056954767
3.720038414001465,-2.033510189564092,0.4485606993322199,5.006599858904941
3.721444845199585,-1.9566365823513954,0.43729162726649934,4.966497200941681
3.723907947540283,-1.8185095788446353,0.4202487024958512,4.891563034306724
3.724787712097168,-1.7714593137201717,0.41267245045293277,4.865189750169385
3.7314414978027344,-1.018470411229143,0.36282275364485717,4.740424145158285
3.732602596282959,-0.9167004410244369,0.3550135645540998,4.700019048373325
3.733555793762207,-0.869200972843957,0.3488228966786398,4.6595496620980414
3.7349259853363037,-0.7913416553573825,0.3383806689043624,4.603352613598993
3.7366204261779785,-0.7044651564820893,0.3262891624404167,4.5296158003993146
3.738191604614258,-0.5317968822644337,0.31503295059145,4.471448694221243
3.7440185546875,0.0057475295599999955,0.2766155055066667,4.211529777446667
3.745098352432251,0.05059471413333333,0.2743617606236111,4.155910884063195
3.7465643882751465,0.10353497832910663,0.26998269045994233,4.089693788239769
3.7481420040130615,0.1702053419016129,0.26586820479076245,4.007414495533431
3.7497973442077637,0.23322685530137377,0.2706498879212937,3.9254032780397825
3.756434917449951,0.7052275770160799,0.3072077504136402,3.5783515056431936
3.758230447769165,0.790555423459101,0.31565877770980105,3.4827537683691965
3.7599427700042725,0.8549006523360133,0.33169871627890213,3.3971599131097867
3.7616891860961914,0.9100943964453091,0.35515260049805447,3.306803631465341
3.7631545066833496,1.0017951645303964,0.3756358957638766,3.2215831198079297
3.766347646713257,1.1630564138288908,0.43035885455202066,3.076025057649183
3.7671477794647217,1.2014648474370804,0.4418614873246679,3.046344258576489
3.7686588764190674,1.295409647751969,0.464276173297723,2.98884323489632
3.769819974899292,1.320446616242589,0.4882807310794787,2.9587695238265788
3.7716660499572754,1.362292060861664,0.5210661858950308,2.9167801029328366
3.773852825164795,1.4155757261863193,0.5584795554947052,2.871722813470235
3.7749745845794678,1.4394731981711504,0.5789177462524328,2.8509855825271893
3.7815771102905273,1.7264982952433243,0.6441628900008568,2.6365194756432957
3.783332586288452,1.7709921359644596,0.654034484711092,2.5883734874491258
3.784952163696289,1.8066420653783708,0.6619147592403242,2.5534991781163896
3.786606788635254,1.8389419342097317,0.6686069890120182,2.5168339951119743
3.793724775314331,2.132551927438591,0.6661511054952763,2.269234426033209
3.794862747192383,2.1566060703740337,0.6612830595287719,2.2509908448886344
3.796600580215454,2.189918049769825,0.658466102472087,2.229338571679359
3.798283576965332,2.222432363437464,0.6526775490298401,2.2030751533338093
3.79976487159729,2.2496775212951134,0.6483215842007218,2.1824371114583565
3.806269645690918,2.5010902551381733,0.6282283832459016,1.9392942137775175
3.8072102069854736,2.5399034932170674,0.624390805527205,1.9003808951489118
3.808109998703003,2.5543005920796102,0.6212632802711913,1.8891935443791523
3.8099324703216553,2.5811353683202403,0.6179149274610009,1.8684465669507968
3.811763286590576,2.6054644439449004,0.6168442001758498,1.8450052431840562
3.8131299018859863,2.6619275413497645,0.6107097536213745,1.770329384039434
3.8188347816467285,2.8457086527252433,0.5848086304001144,1.4949998785578134
3.819809913635254,2.851004774293646,0.5817142234911277,1.486387374519462
3.8214504718780518,2.8600776162471093,0.5766288073758744,1.4697592506324055
3.823904514312744,2.865713438976131,0.5695916967338329,1.4425638913569248
3.824779987335205,2.869383781327505,0.5656862505822925,1.4293286173119621
3.8280832767486572,2.964026722944158,0.5269886513616838,1.1922004231056702
3.8290696144104004,2.9779643649934058,0.514811442555476,1.1402882627534403
3.8298585414886475,2.9740561807981654,0.5098412415458716,1.1273941940183485
3.8317739963531494,3.007045323336288,0.4784429709190735,0.9847568117160423
3.8333029747009277,3.0055891253786142,0.4627532937291726,0.9474127875626969
3.8347809314727783,2.9919645354625244,0.4469211744616885,0.9214657720456952
3.836625576019287,2.9783586073361787,0.4229346059024139,0.8903382064230203
3.838124990463257,2.9906299621781756,0.39200871428189826,0.7774435342705314
3.8433892726898193,2.9917680875965367,0.3011469527181909,0.4659791579905539
3.8448896408081055,2.9768600998915598,0.2954344801704863,0.4338101240044718
3.8465752601623535,2.9532790314137785,0.2903277301964057,0.4194213349798887
3.8489835262298584,2.9159237136465945,0.28267067928737544,0.40683578923961794
3.849879503250122,2.903568631620847,0.2784309457203765,0.4031852111285991
3.8562912940979004,2.828073843125191,0.21314211237710157,0.13597677541864667
3.8571629524230957,2.8170049146945684,0.2045923910026714,0.09888399101335708
3.858288049697876,2.7961786699345503,0.20131029428628672,0.09995032393143366
3.859898328781128,2.767829605509993,0.19308696263773586,0.10032532386694619
3.861781597137451,2.74076997642474,0.18479155844291367,0.10476184878088818
3.8632357120513916,2.7175166239315716,0.16049826384442856,0.03853845060471428
3.8686227798461914,2.6437610123960686,0.09731119937167154,-0.12191503379827129
3.8699791431427,2.6262541011321625,0.08781586022891398,-0.12153866199428412
3.8715479373931885,2.601501746561378,0.07533626687901089,-0.12037165816382102
3.873976469039917,2.5659115501725522,0.054579792466264716,-0.12150357653028997
3.874875783920288,2.5492898022316965,0.04713976342807925,-0.1254969852411714
3.881455183029175,2.434152875005574,-0.05455252738845219,-0.2846384909375447
3.882631301879883,2.4161691042654927,-0.06929474024234021,-0.29687871911909053
3.8835911750793457,2.4043628500558714,-0.07702881238624705,-0.29419857525273807
3.885014533996582,2.3914243229664756,-0.0832985813268637,-0.29082001837185706
3.8866143226623535,2.3737421922768553,-0.08759842466155811,-0.28625346613807295
3.890195369720459,2.3325327901791884,-0.12837889266802416,-0.35215953496615643
3.8936920166015625,2.2964032727304002,-0.1481434659071234,-0.36976510781983657
3.8948192596435547,2.2918418322350584,-0.150925983018776,-0.3671522179577182
3.8966095447540283,2.281836888160796,-0.15775614427620274,-0.36236937935252006
3.898118019104004,2.2730483195780513,-0.16439665933481185,-0.3609972689193018
3.899937391281128,2.2662816484133224,-0.17307000689715718,-0.3571647443639911
3.9055395126342773,2.243163742093406,-0.21322321928609192,-0.40348258468174475
3.9067153930664062,2.2386433116625053,-0.21784920494742252,-0.41101386819709207
3.9081852436065674,2.2389444151729245,-0.22429200681067474,-0.4106821384344698
3.9098904132843018,2.235507334192921,-0.22969512260506436,-0.4080116241639619
3.911787748336792,2.2326601057234043,-0.23239749961702127,-0.4059226470638298
3.913128137588501,2.224596868780474,-0.24089762016471597,-0.4155834745369683
3.9187755584716797,2.2035087892044967,-0.25149830046054705,-0.4382768533230703
3.919929265975952,2.2024277657516826,-0.2560015107264786,-0.4372777484648432
3.92155122756958,2.188855092157925,-0.2628354567337346,-0.43325968289137284
3.923867702484131,2.17433804297159,-0.2557269333862879,-0.42122529498550515
3.92475962638855,2.1724322314887665,-0.2535145339665169,-0.419480998290187
3.9315176010131836,2.161542024560689,-0.24849523197292925,-0.4175283067519494
3.9332504272460938,2.156583090093629,-0.24331905522963493,-0.4166663172220473
3.9348723888397217,2.154893451587425,-0.24108256272527473,-0.4137993539392127
3.936561107635498,2.1517003891190023,-0.23970138156404988,-0.4113731405611152
3.943843126296997,2.1400761885766872,-0.20706049861851644,-0.3964227617791411
3.944963216781616,2.134479436677914,-0.20401568695677635,-0.39818131252760736
3.946437358856201,2.127990535410659,-0.19676524294362063,-0.40150055863793865
3.9481263160705566,2.1244793343987394,-0.1905093011853337,-0.4040897784904039
3.949795722961426,2.1207917815931245,-0.18364081638489715,-0.40829406046351086
3.9519596099853516,2.1057258364084914,-0.17452152100946644,-0.40150708844951233
3.956355094909668,2.0974600977760143,-0.14696925068871253,-0.36782273091093476
3.9573159217834473,2.0935511820612596,-0.14215642146180207,-0.3605989352863059
3.958219528198242,2.0943493134149653,-0.13890538782050552,-0.3587571581864915
3.9598145484924316,2.0981669639803786,-0.1377755002170988,-0.3555097263955151
3.9616916179656982,2.09552098615647,-0.14087694074795082,-0.35210770281074355
3.963125228881836,2.1031914711190614,-0.1360181925592444,-0.32796936326559817
3.967256784439087,2.1286671911779527,-0.13316557553958483,-0.2622270174741589
3.9681100845336914,2.1363955316,-0.12957111743636363,-0.2423642094909091
3.9697906970977783,2.1416024410958827,-0.13185604601423587,-0.22638556115533845
3.971562385559082,2.1485221396509724,-0.13549236720529317,-0.2192724741258956
3.9738821983337402,2.1574999047338963,-0.13729457180976237,-0.20888928808288004
3.9747610092163086,2.157276320289293,-0.1381964003041798,-0.2065398999577727
3.9815003871917725,2.178218408934227,-0.11634677207776993,-0.05769171738320395
3.9832611083984375,2.182003119948097,-0.11504391957439447,-0.03469715535640138
3.9849021434783936,2.185849220969745,-0.11684212175910524,-0.02626727783323774
3.9866721630096436,2.1962365637430783,-0.12061371077506813,-0.014044896393200402
3.988128185272217,2.202080648978961,-0.11718920094647202,0.0323581978796336
3.9938912391662598,2.2595618766964494,-0.11047420733734249,0.20908638968298968
3.994988441467285,2.2756547201431845,-0.10931904339747996,0.21839127192783506
3.9964728355407715,2.296963718766323,-0.11319267253780069,0.2302330956340206
3.9981179237365723,2.322992284375268,-0.11322244203602573,0.24852330195282343
3.999828577041626,2.345888001410457,-0.11538083283079457,0.2638314163696994
4.006389617919922,2.3969519283516987,-0.08269885002769056,0.5032021622617756
4.007349252700806,2.40217993516868,-0.07793095940767904,0.536438799986195
4.008248805999756,2.4135960777109577,-0.0760739006356054,0.5481360820296233
4.00986647605896,2.429762959888084,-0.07275233984864111,0.5646250176983972
4.011685609817505,2.44813735699707,-0.06718858749311456,0.5913318893536479
4.013200044631958,2.4481170985302443,-0.06044486353410553,0.6619843754362935
4.018686056137085,2.448777431534023,-0.02385707311108006,0.9122031405971776
4.019794702529907,2.4593200022340365,-0.02038205280927763,0.9315162551633366
4.021573305130005,2.4753802007363475,-0.014606910217116853,0.9652716645171755
4.023952007293701,2.509145846074678,-0.003240164370815451,1.0190674776600859
4.024808406829834,2.5232900747522176,0.0021900876211731046,1.0409083515416309
4.029748201370239,2.5236879163666033,0.030108277215936903,1.3351889935493608
4.030740976333618,2.523236836464,0.034185763232,1.3834671966658112
4.031623601913452,2.5079687815200002,0.03970123975999999,1.4551925509215093
4.03327202796936,2.5121926533534213,0.04465453459819639,1.5227983725297738
4.034997224807739,2.5208280259117233,0.052606574993005036,1.5719743405356743
4.036622047424316,2.530746446706975,0.062448101272441395,1.6207163123447685
4.038144826889038,2.500958628764749,0.07275597394611565,1.7235182624618868
4.043661594390869,2.387599301951115,0.11834299942138364,2.1002327318925103
4.044994831085205,2.388281125494854,0.12805959179874213,2.1532148904448256
4.046498537063599,2.3865649264475066,0.14100738853231995,2.210221729460435
4.04897403717041,2.3731045671132076,0.16046690407547168,2.3031561636037736
4.049935579299927,2.3664219627840195,0.1682811574822756,2.337781720880932
4.051454782485962,2.3034303878922437,0.1828711232083572,2.4383648138072407
4.056294202804565,2.0749210253304784,0.23905376922969307,2.6898905324789437
4.05720329284668,2.024251546550617,0.24875761960309722,2.729840478824204
4.058319330215454,1.998460463517637,0.26078546185603674,2.7472787771342126
4.059906721115112,1.9544209036609885,0.2750115930153589,2.765888892048869
4.061694383621216,1.906293902637458,0.295272263410979,2.787055785223543
4.063169240951538,1.8080864408835284,0.30773706797145306,2.833401150382101
4.0687925815582275,1.508075131013465,0.36169836337444494,3.039739810297235
4.069910764694214,1.4861002666831398,0.37480271380561525,3.069070487154419
4.071471214294434,1.449136998407953,0.3897454579240452,3.1043179534065226
4.0739428997039795,1.3663711206087927,0.38788614546685274,3.115691491168039
4.074818134307861,1.3184780541687369,0.3928160166734124,3.1399284752914167
4.081403732299805,0.8670845446647605,0.44879359722158685,3.3703948272473196
4.082485198974609,0.8023861492079867,0.45352583514642264,3.4040277543044923
4.083416700363159,0.7574092348930948,0.4553316660400721,3.4290500133721573
4.084841251373291,0.708018537546047,0.4649264940589402,3.4942599767574385
4.086558818817139,0.6496572849489445,0.48124768975505317,3.5697596176839346
4.091516017913818,0.3058838769096685,0.5221434681798343,3.8263788051104974
4.093749284744263,0.11070269927082443,0.5394558810177986,3.937525635740994
4.094816207885742,0.06327295992866297,0.5528862570074042,3.9870057381402537
4.096521615982056,-0.009613003951753754,0.5678480596936292,4.074522988820473
4.098946809768677,-0.10696959565614572,0.5892138523025584,4.186485726928949
4.099905252456665,-0.14471894675458843,0.5951575586874305,4.229173159501252
4.106351375579834,-0.7641061668100558,0.652728848519553,4.58409615647486
4.107250452041626,-0.8618375775538549,0.6613095772290087,4.637301086437563
4.108122825622559,-0.897104048533114,0.6629003503771993,4.691767242680732
4.109936714172363,-0.9586196508323587,0.6689834996042885,4.821194662473684
4.111608028411865,-1.0168003823385954,0.6702633320408675,4.952478772408085
4.113168001174927,-1.2188634222264312,0.6765890328552651,5.039085574276325
4.118683576583862,-1.9102314857762228,0.6913581451258116,5.235144719637714
4.119800806045532,-1.9519959249140095,0.6929614176685904,5.29747730614125
4.121589183807373,-2.032709565613213,0.6935663334337919,5.3895912902089425
4.123877763748169,-2.1250557780399437,0.701720065894566,5.508338578333522
4.124798774719238,-2.1525144787503177,0.7073840968180664,5.556009948098941
4.1314921379089355,-3.1373404537773175,0.7682872473445223,5.49639059118783
4.133177757263184,-3.3015487623083093,0.7798941185197708,5.519662236269914
4.134790420532227,-3.391648562906815,0.7880004164737135,5.5775154754242005
4.136434078216553,-3.463505996871042,0.7955896707941854,5.63933330201871
4.13815975189209,-3.7269009043489856,0.8108272843142028,5.570582053825507
4.143762588500977,-4.5104975616981395,0.8458781518281981,5.265516300868522
4.14481520652771,-4.550712909059349,0.8590893243903166,5.288201085523498
4.14655327796936,-4.62520686028972,0.883420969859813,5.318180095028038
4.148946762084961,-4.717616302018837,0.909287016590205,5.376555941578205
4.1498188972473145,-4.751094993271243,0.9189104244989535,5.397050739192828
4.1535491943359375,-5.310863960160103,0.9776614321619648,5.109360204164829
4.156360387802124,-5.553652292720212,1.013074928233443,5.036040260204119
4.157288312911987,-5.65909164491493,1.0232944063576934,4.986006847017984
4.158187627792358,-5.701688764462746,1.032212280097916,4.999022123865259
4.159801721572876,-5.765320027941596,1.0449071913233199,5.022081344431466
4.161720037460327,-5.838289340203589,1.061457089162401,5.053032421258606
4.163115978240967,-5.995256676198502,1.0683263098120939,4.938508703039277
4.168793678283691,-6.515743161843854,1.0898470594307381,4.578439746702296
4.169914722442627,-6.553063138920265,1.0946636047148635,4.601928398549184
4.17148756980896,-6.606784760212139,1.0971654432997424,4.62943505303278
4.173897981643677,-6.688674510057626,1.1022069263370127,4.677252892684776
4.174760580062866,-6.7166189722095755,1.1053039504147075,4.695592331898366
4.181494474411011,-7.212180653546156,1.0838867320800227,4.310018850297228
4.183117389678955,-7.278598589197764,1.0751003412201203,4.271099580751504
4.184798002243042,-7.304240301181579,1.0700714659121835,4.274800799787996
4.186464071273804,-7.332664024954879,1.0636500261474702,4.278628019128874
4.188168048858643,-7.417153636615396,1.0554227111394154,4.178272771585133
4.193746328353882,-7.627773859589959,1.0340021467623381,3.932457985543877
4.194839000701904,-7.635620662822927,1.0296974934519982,3.9383264906448585
4.1965491771698,-7.64692037881059,1.0273934223043477,3.9406606968626776
4.198959589004517,-7.652254542805891,1.0216535788750534,3.9364554222241352
4.199920177459717,-7.647526927851858,1.0163548819823538,3.932089030885869
4.206354141235352,-7.670341471563754,0.9674299231977077,3.6540509176432665
4.207259893417358,-7.662865739298166,0.9599458156777523,3.6155161421995414
4.208129644393921,-7.64695448737156,0.9515214525676605,3.59319054221789
4.209972858428955,-7.600783668536312,0.9374272129292365,3.5500210677299817
4.211604833602905,-7.5539310059523395,0.9285051526092744,3.507215950357664
4.213149785995483,-7.513479191516348,0.9168950262084925,3.4546509696666665
4.2153356075286865,-7.451105602610703,0.9049531577295161,3.391002999349369
4.218788385391235,-7.363072492620913,0.8894187549961112,3.3417567043210425
4.2199180126190186,-7.33511821414331,0.8876765365064093,3.3201508265264295
4.221552133560181,-7.2947525056544205,0.8850710107301951,3.290271108802526
4.223897933959961,-7.240461688111203,0.8783440180846472,3.2485564945784233
4.22478175163269,-7.222291356929876,0.8787694852923928,3.2334486576091286
4.231022834777832,-7.02019967026579,0.854330909567305,3.2932722150817377
4.232072830200195,-6.979451128627036,0.8471828704624178,3.3288928292354956
4.233119249343872,-6.959463132800086,0.845850647777365,3.3173798901783367
4.2441020011901855,-6.566106080468031,0.8045082047659846,3.60204062647954
4.245288848876953,-6.542217051798224,0.8003177906667621,3.5813074947821852
4.2464659214019775,-6.521629201145067,0.7971571321749964,3.561032140745668
4.248244762420654,-6.474811434719358,0.7924277174982818,3.533526423142039
4.249852180480957,-6.432522803149378,0.7870058628450899,3.5083865638533887
4.251689910888672,-6.301232082314888,0.7768010840988142,3.6105515647404482
4.2532336711883545,-6.151206207608039,0.7721977024738065,3.7565837612484403
4.256418704986572,-5.9394656714022345,0.7603325456108008,3.8745569811191807
4.258118152618408,-5.845822005774203,0.757980551112684,3.9057521256769627
4.259822607040405,-5.79683034245614,0.7513843029927596,3.8695223678663324
4.261857271194458,-5.73065094605503,0.7407607832600087,3.8283368525948465
4.263166427612305,-5.579506084481621,0.7346044099760278,3.962042542054046
4.268712997436523,-5.015091392214122,0.715455873994116,4.355797093846441
4.269834041595459,-4.9746537900338685,0.7086855534025546,4.33860913933496
4.271422863006592,-4.92025123022047,0.7000551485358372,4.3203360176637045
4.273924112319946,-4.838020665875536,0.6867912772557939,4.293207734109871
4.274790525436401,-4.81065358634907,0.6816642143032904,4.28295734202289
4.281564474105835,-4.017453263632761,0.6597425593896962,4.711036879651255
4.283349990844727,-3.9052894407621364,0.6439323329949923,4.7160702100906935
4.284971714019775,-3.839329557334004,0.6241443782193159,4.675424666193159
4.286678314208984,-3.765195935742853,0.6052139773389532,4.631217203501833
4.288158416748047,-3.5574888986503006,0.5964437956983968,4.697467680435872
4.292445182800293,-3.0788091149359427,0.5637571084155673,4.736969927755057
4.293308734893799,-2.94162463264893,0.5585790867031662,4.757948696698769
4.294844150543213,-2.8382791385356296,0.5444343436757774,4.704278792406219
4.296557188034058,-2.7544051914854366,0.5280941784660195,4.61618197957767
4.298907279968262,-2.6413658800027746,0.5113371262138994,4.49342015848925
4.299788475036621,-2.59823681047302,0.5038520094698294,4.447213106917048
4.30633282661438,-1.84180092327957,0.4686979111591398,4.294218804746237
4.307205677032471,-1.7451198444983222,0.46303456448769575,4.27139980040604
4.308126449584961,-1.7001636972894296,0.4547171945391499,4.225355490958053
4.309906005859375,-1.6129692601638734,0.4333506876350093,4.138899867417132
4.3116185665130615,-1.5228669478167034,0.41160045405274726,4.05396516518945
4.313202142715454,-1.3512671450657612,0.39611330052080057,4.015006407161401
4.318670034408569,-0.8173885400331237,0.35541631056226414,3.8338027780784065
4.31978964805603,-0.7668915043009085,0.34651178489685536,3.7844978647713488
4.321593284606934,-0.6884126846071889,0.33043845558255763,3.6980929619584706
4.323936700820923,-0.5791301942537731,0.31039775133985464,3.5923530422129684
4.324798583984375,-0.540827704740777,0.301144887058133,3.5533373095627447
4.331484794616699,-0.002546408359701699,0.25456262064205293,3.271005995518058
4.333140850067139,0.08219760961240533,0.24252359721037586,3.204551566711162
4.334997177124023,0.15170760314549886,0.23325356825329702,3.1406997426519494
4.336610555648804,0.2140075934385965,0.2250873323859649,3.0828538754561405
4.338735580444336,0.359940148852688,0.21261027029913926,3.0083263230183435
4.34377121925354,0.6390963198184096,0.20328853197173094,2.8250130177625676
4.344868898391724,0.6765188159972149,0.20406882245662164,2.790821946790837
4.346596717834473,0.716678259659006,0.21041124994024707,2.737997383892847
4.3489367961883545,0.8007286718083738,0.2110518268448128,2.6623897202687914
4.349912405014038,0.8202526627697914,0.21758539308202343,2.6278850950678763
4.353784799575806,1.0271753122786633,0.25756229818372484,2.4511318031463927
4.356343507766724,1.1242906343516759,0.28096756987092053,2.3487923121923022
4.35724139213562,1.1627931120182131,0.29161798752531193,2.31072898202438
4.358119249343872,1.1836692890051628,0.3039845476764664,2.282397348022659
4.359957218170166,1.2323651147644519,0.32908629622134006,2.225924895837443
4.361635684967041,1.2783411417167425,0.3543145454661179,2.1774034429567837
4.363167762756348,1.3443293103975422,0.37506047191311803,2.1112572309239783
4.368770599365234,1.5580077494138171,0.4498861836078158,1.9063025859504537
4.36998438835144,1.5863138508107468,0.4669926612505234,1.871912949872575
4.371592044830322,1.6215725809580737,0.4874310446424929,1.831968237274221
4.373920440673828,1.6747843769047073,0.5138731875199599,1.7851339051110315
4.374814987182617,1.695071840853198,0.5205082368821004,1.7688009380359135
4.381468772888184,1.941859005214715,0.5388328863615803,1.5442663050916117
4.382591724395752,1.97836584923935,0.5415911163063973,1.5160144585944957
4.3835484981536865,1.9979879247184893,0.5445394011986532,1.5071988710304494
4.384991407394409,2.0242676738298644,0.5446720851825674,1.4874811640635563
4.386603355407715,2.052792731310859,0.540590951075312,1.4622551908162387
4.388115167617798,2.1088162522658855,0.5364529669103952,1.4106906132401171
4.393751382827759,2.2848484810465153,0.48768629923592677,1.1932677248202264
4.394841194152832,2.301659241808493,0.4850376464070401,1.181274296199609
4.396559238433838,2.320039927430597,0.47537538147887126,1.159676382800745
4.398983001708984,2.349120701111,0.459411291704,1.1309791198487145
4.399949550628662,2.3568880313290004,0.452013098456,1.1214941943855714
4.401491403579712,2.4001266628749476,0.4285007779594312,1.0524058328226684
4.4063568115234375,2.5200268279202396,0.3530979735204387,0.8605287882213359
4.407224178314209,2.5400828819846835,0.33966786807334315,0.8247586080500736
4.408097982406616,2.548298034000884,0.33338294255346096,0.8192890516509573
4.409956693649292,2.5625244272781584,0.31882724721547506,0.8022751489686581
4.411667346954346,2.571140783148554,0.304115904333001,0.7911714076231305
4.4132020473480225,2.5992411709564704,0.2802230748194118,0.7160723548329412
4.418761730194092,2.6492041299240774,0.19509110188982104,0.4864096572160235
4.41995644569397,2.6439903799035234,0.18440449139038032,0.4771489529706376
4.421564102172852,2.641755736489078,0.17366419421771,0.4686972612682891
4.423984050750732,2.629821013117956,0.1549561593845304,0.4552776168495856
4.424846887588501,2.627120626287293,0.14835811455248618,0.45054633969337016
4.430076837539673,2.628699270199636,0.06860114303383197,0.278585808587306
4.431666851043701,2.633581068327731,0.040720526058823536,0.21547364122689075
4.43317437171936,2.631427405790031,0.026975732735774152,0.2065285557071019
4.434880495071411,2.6273000641490283,0.013592919385432688,0.21604082525429888
4.436629295349121,2.6296321549891464,0.0023870760765620416,0.22231167342739808
4.44372820854187,2.667922452095005,-0.0963739664877571,0.07503765949755142
4.4447832107543945,2.6686018038265007,-0.10801123417699734,0.07940238303539947
4.446499586105347,2.672922823645876,-0.1218296821382448,0.08737072924713825
4.4481751918792725,2.679039209574471,-0.13800751260034305,0.09532152167538593
4.449795722961426,2.6820632232695627,-0.1541927843700919,0.10068304714424951
4.456359624862671,2.708688720043376,-0.24523214546864008,-0.018448700717174672
4.4572484493255615,2.707206541860635,-0.2571163157469983,-0.03402478896569468
4.45814323425293,2.703096772432247,-0.2646313785231561,-0.030719031121783875
4.460005521774292,2.698085462190909,-0.2775814980909091,-0.023863712445454547
4.461688756942749,2.6941681759818423,-0.2898355116866305,-0.02557137027017133
4.463188409805298,2.6880169185522473,-0.3064382482530776,-0.057334565200687096
4.468679904937744,2.6478743597884025,-0.35140449035545024,-0.13887599022971842
4.469801187515259,2.6440730102425425,-0.3575234054028436,-0.1370825470034848
4.4716291427612305,2.6324179578973625,-0.36342324894323397,-0.13573639621444955
4.473924160003662,2.6090071808185327,-0.37180496543371944,-0.1391530055122265
4.474782705307007,2.602592981058344,-0.3764596243160303,-0.14100100647676247
4.4814064502716064,2.541862137740465,-0.4108208939986591,-0.20789523775953517
4.482544422149658,2.5297908917873193,-0.414703626502934,-0.21520849425404323
4.483504772186279,2.5195894834037498,-0.41600036001831975,-0.21544202370817234
4.484909296035767,2.513215186428372,-0.42017959029209717,-0.21165469215107513
4.486612796783447,2.4975869409001,-0.42510740864470486,-0.2100079634514792
4.492029905319214,2.4541658443273766,-0.45297297423659755,-0.23048000756468906
4.4937944412231445,2.448203298682635,-0.4659127920736666,-0.23391240957596435
4.494906425476074,2.4381632427305386,-0.4705597585039688,-0.23171640404804345
4.4966371059417725,2.427477792830066,-0.4775992417546057,-0.22392424704627856
4.498986721038818,2.411767386631579,-0.48214834489473685,-0.21277038505263157
4.49992561340332,2.406179166379863,-0.48375899140045764,-0.2062442179084668
4.501435279846191,2.4001033747483316,-0.49056812210901,-0.20395100148692993
4.506323337554932,2.4045588900227903,-0.5161008398907231,-0.1767787083817385
4.507231712341309,2.4080968488106635,-0.5197562721102192,-0.17009311601977928
4.508120775222778,2.4111662973684966,-0.5245157144781425,-0.16393051353834026
4.510018348693848,2.41373658114956,-0.532410719744868,-0.15114114998826977
4.511682987213135,2.415625220301762,-0.5387450004162996,-0.1405023935866373
4.513208389282227,2.4191701773435117,-0.5421915607519084,-0.13355801803435116
4.518728733062744,2.3986120188829436,-0.5508541162696887,-0.0798310376782384
4.51983118057251,2.3980406136050783,-0.5563719465471239,-0.07814722708234113
4.521454811096191,2.3984519897960177,-0.558584538957456,-0.07465039039177768
4.5239691734313965,2.3958705356599945,-0.5676406785640812,-0.0721795667732833
4.524867534637451,2.39394873205032,-0.5704971200653322,-0.07367497828621074
4.531446933746338,2.3883933694425674,-0.5877440125363176,-0.0016545315458896363
4.532557725906372,2.390024057735727,-0.5904229332888464,0.012938239043260741
4.533503770828247,2.392430006307828,-0.5921165353606533,0.018911313350500294
4.534926891326904,2.394105181425465,-0.5967272182145923,0.02434730828869814
4.536634206771851,2.3989839824938923,-0.6014898574512771,0.029264128197251528
4.538110971450806,2.3940597277737377,-0.6017530517356102,0.058567008674665105
4.54395318031311,2.3945817589511282,-0.6055969491554756,0.17462967072282987
4.54520320892334,2.3956693152468507,-0.6089610976396235,0.1789048272951682
4.546450138092041,2.3962111541778808,-0.612792561289922,0.18278905169823853
4.548264980316162,2.391895720311974,-0.6167710230185528,0.18331465168360211
4.54994797706604,2.3894907898077307,-0.6174475206639943,0.1873632469758053
4.5546488761901855,2.372482651682903,-0.6039588393995813,0.29144198160781576
4.555511236190796,2.3659013065650902,-0.6027076775224752,0.2958328986777583
4.556631326675415,2.3540702835248104,-0.5987970683561004,0.32789303799824865
4.558191537857056,2.338060533430291,-0.5980565200782347,0.33335220789468406
4.559934139251709,2.323523296101306,-0.5937303231965849,0.32613485690357297
4.561730861663818,2.310824884046548,-0.5917552564540246,0.319526661320825
4.5632569789886475,2.292138207486776,-0.5850350107062188,0.35187618951751254
4.56871485710144,2.2597631666479656,-0.5639257834985011,0.4593313395850107
4.569866180419922,2.258529920014275,-0.5588237412912206,0.45767746257887226
4.571455240249634,2.262922112986159,-0.5548022919238754,0.4574395350484429
4.573922872543335,2.267583837848797,-0.5438277858522337,0.45692986642840777
4.574796438217163,2.272361544329897,-0.5434058529587629,0.4611648817319588
4.581431150436401,2.253482798351966,-0.508667997379108,0.6288675093500586
4.582554578781128,2.2537451133041673,-0.5016645814107117,0.6511025620883575
4.5834972858428955,2.257692556900616,-0.4973607908545038,0.6538474681848776
4.5849199295043945,2.2641771208298023,-0.4916692262205318,0.6601133017326888
4.586609363555908,2.268816422448716,-0.4829862722224932,0.6701318728675943
4.588241100311279,2.2675187458916284,-0.467642437696961,0.7333460402035551
4.59380578994751,2.2826037180385317,-0.41890395866442487,0.9280833749913129
4.594869375228882,2.2970538914971277,-0.4126419491431974,0.9424579689715566
4.5965728759765625,2.3255280909189464,-0.4013614896850037,0.9741757900275055
4.59897780418396,2.36063361163583,-0.38506732207475297,1.0124884036643276
4.599951505661011,2.3735005615587856,-0.37933100223055993,1.0316376866275239
4.601470947265625,2.3762209285581894,-0.36087297104126803,1.105032259939026
4.606375694274902,2.365228091868425,-0.3009996358965467,1.341188309623051
4.607246160507202,2.3594052842272077,-0.2886829480595341,1.386531970426517
4.608112335205078,2.366037285499856,-0.27800804993097494,1.4117001301383376
4.610054016113281,2.3714747557009597,-0.2533622371144863,1.4695973600385441
4.6117095947265625,2.3741706532911353,-0.23591596878920235,1.5300735954098525
4.613141298294067,2.337146223316757,-0.212405431838558,1.6275962689318895
4.617462158203125,2.2233313358926527,-0.13663904794825615,1.8958718740894798
4.618201494216919,2.1958668378247572,-0.1220912684934248,1.9504197450914809
4.619947671890259,2.1648308278716044,-0.09015605236717186,2.0421941897963967
4.621606826782227,2.144235560022043,-0.05901898188512081,2.120361322673167
4.623962879180908,2.108021002643689,-0.012580979229257334,2.231566619988909
4.624844312667847,2.092028968168047,0.004939078338621367,2.2674826070016847
4.631538391113281,1.802897041505562,0.14041033874648712,2.6151141891762295
4.633227586746216,1.7525055942503578,0.16710722536329803,2.678213176007157
4.634962558746338,1.7126716103579096,0.19176494274015748,2.7308555043935576
4.636573791503906,1.6741938295116712,0.21030174100443935,2.7756042695090937
4.643849611282349,1.3018690048225312,0.2926915047549374,3.111989202549096
4.6449668407440186,1.2686275818528512,0.30009466849429767,3.1497267212954103
4.646450757980347,1.221202154296078,0.3102460257338026,3.2029584031738256
4.648149251937866,1.1693523621557773,0.31897926758963446,3.263647457664513
4.649784088134766,1.1216180635367385,0.31690999990925955,3.2992398078152374
4.656405687332153,0.6299533199143871,0.4096975609985214,3.742299815668638
4.657427549362183,0.563216175744489,0.42359155351474376,3.816547993931148
4.658336400985718,0.5248479564859719,0.4332172365699971,3.881161029974091
4.660013198852539,0.4517629633622946,0.46785286613561683,4.000530359291562
4.661659240722656,0.40031547889608476,0.49847342640270825,4.133038783841919
4.663159132003784,0.22480652106300897,0.5193873964054865,4.25515464429447
4.668821334838867,-0.35911644824982597,0.6214972608628325,4.705791165508981
4.670020818710327,-0.40902903287856845,0.6425382473119342,4.804189753065868
4.671638011932373,-0.4841848539985275,0.6763252369821824,4.945819040839346
4.673864841461182,-0.5897644832339622,0.708924563424738,5.114156479399581
4.674767255783081,-0.6312569291836478,0.7179520698531098,5.1741278322849755
4.679718494415283,-1.298289314125506,0.7984408342469635,5.370126244327935
4.68064284324646,-1.391386765008861,0.8134860071376304,5.401970624412891
4.681764841079712,-1.6175960461913677,0.8403062248272117,5.405892893481635
4.683192014694214,-1.710186728607533,0.8515988248658711,5.4617054429610405
4.684881210327148,-1.7804450278113206,0.8696231756855346,5.542732635855345
4.686758756637573,-1.8666791759015544,0.8942974362705814,5.635569239152562
4.688216924667358,-2.1325697151825525,0.9203582688063446,5.6393746317985585
4.693812131881714,-3.0287624229756096,1.0192229516741464,5.648244370423415
4.695128440856934,-3.089189633317073,1.0285102193618119,5.7046748930841815
4.696672439575195,-3.1712944655245456,1.0404360708759124,5.7781710640141695
4.698176383972168,-3.239496039972482,1.0518828943943208,5.8607902621774
4.6998302936553955,-3.301144973687059,1.0708039774164706,5.94623483052
4.706431150436401,-4.401614293185158,1.1492654085750182,5.759632841698016
4.708322048187256,-4.583469646902976,1.1581719292354462,5.7881519618564035
4.70986795425415,-4.656166840646245,1.1476851775614771,5.865318076191775
4.711765289306641,-4.7382697859477965,1.1371696075601199,5.968205406240479
4.71326756477356,-5.0229647756250735,1.1409252988057024,5.867401050316431
4.718811511993408,-5.885312765922725,1.1391480708594734,5.651247654678592
4.719953536987305,-5.9549614305306235,1.1324990209982828,5.700109105973669
4.721544027328491,-6.038067931367028,1.121918932942982,5.7657400024284104
4.723875999450684,-6.1460398455300265,1.0967733013424363,5.858005264728482
4.724765300750732,-6.183911865082499,1.0862891806432657,5.888553851132542
4.731513977050781,-6.984396716817781,1.0424056416274798,5.408102230599559
4.733267307281494,-7.0866330995749465,1.0309316629533287,5.386200986285183
4.734914779663086,-7.140329920403352,1.0168118384243017,5.428370127476397
4.736439943313599,-7.1907373593260395,1.0005053480875274,5.468195732170241
4.738142490386963,-7.377477824855851,0.9885796895094041,5.345138097027135
4.743896484375,-7.903818851452873,0.9326443140814278,5.007052620554936
4.745098114013672,-7.942307572512549,0.9142608740256554,5.026602706065254
4.7466959953308105,-7.98552537379917,0.8848638390746674,5.05190525023988
4.748145580291748,-8.022994693146734,0.859581654194809,5.070303224224156
4.74998140335083,-8.066824697497497,0.8340208384307178,5.089309458491653
4.754429340362549,-8.35944121144998,0.7695280440012318,4.7453850771501305
4.755192518234253,-8.372260051613658,0.7580103141805119,4.745572777446832
4.756561279296875,-8.456926045017987,0.7426678587176259,4.627321181528777
4.758549213409424,-8.495199099384251,0.7162650486047244,4.591588284765354
4.7599852085113525,-8.509772930005305,0.700809221857462,4.5906194963836375
4.761688947677612,-8.532237860092897,0.6835210587894042,4.579714394706193
4.763121128082275,-8.59532624492761,0.6671865681708155,4.477971565447496
4.7688071727752686,-8.709299518860137,0.6211403105429649,4.167753610971356
4.769951581954956,-8.69604658673774,0.6133352945865586,4.160537754942294
4.771542072296143,-8.666773840794935,0.5968087770931597,4.146326780143961
4.77391242980957,-8.61521960648349,0.572956377163707,4.107611349737097
4.7747931480407715,-8.592232532752357,0.5617683109850167,4.085384352379994
4.781506776809692,-8.520574288533721,0.4940145205636158,3.6607275261466423
4.78318452835083,-8.48848833683199,0.4794002463544304,3.608710431838895
4.784876823425293,-8.464895872152816,0.468195293851073,3.589937744250324
4.786685943603516,-8.445189167515048,0.45833649027644024,3.5802160511414445
4.7881739139556885,-8.456639080682383,0.4530043797687747,3.5265652237730096
4.793744802474976,-8.46934008359172,0.4353458146872038,3.3952141027619183
4.7948384284973145,-8.4586214212523,0.43211897975355446,3.3953933116216892
4.796562194824219,-8.440147955621304,0.4281228047321275,3.3993223745377548
4.799009323120117,-8.413229171745298,0.42343070914504666,3.396452063139752
4.800000429153442,-8.398350309571269,0.42175924993507036,3.3966914668375363
4.801460027694702,-8.390392739335018,0.4166289771160369,3.3714224402383217
4.806313991546631,-8.341932128531264,0.40309871675951026,3.344032557435505
4.807219505310059,-8.33186876346634,0.4025005694765535,3.3442852585044593
4.808093786239624,-8.321139525511509,0.40307935151869967,3.3521392999749713
4.8099517822265625,-8.299474438151274,0.402000653345153,3.3709181412509293
4.811646938323975,-8.288231677155238,0.40136251108335724,3.387693817231994
4.813208818435669,-8.274275929174161,0.40209923328742175,3.402564103093341
4.817125558853149,-8.247357344854773,0.41364105089994285,3.477480329724414
4.818145990371704,-8.232446768828472,0.41367683013379075,3.507563106871355
4.819854497909546,-8.219820032314615,0.4183852276919901,3.5338672981992847
4.821605205535889,-8.205594236138081,0.42000855988132557,3.5513557217186147
4.823979377746582,-8.18100002080472,0.42087563513619225,3.5740180346626627
4.824838399887085,-8.171602963478419,0.4188548785697723,3.57960132529641
4.831462144851685,-7.989446003146899,0.37122655682137756,3.807037158814804
4.832702159881592,-7.949698676458101,0.35971604977094973,3.8426104524636875
4.833686828613281,-7.924447846346245,0.35314423359488184,3.8503685864277726
4.834894418716431,-7.891211110941407,0.34745015790337014,3.861419700344008
4.83653712272644,-7.847312052061493,0.33735901012737923,3.876787641045388
4.838171005249023,-7.767777036323655,0.3171643258382437,3.969774011120995
4.843796730041504,-7.4692485031748035,0.2400690426409449,4.311402032070866
4.844890832901001,-7.444089005507945,0.23299245052913387,4.3186527933214025
4.846639394760132,-7.4018036747087725,0.2211744676802905,4.3243907577957845
4.848205327987671,-7.361865827618947,0.2123229779902294,4.337391127021241
4.849951505661011,-7.317088127595673,0.20200223029305986,4.3509862227396745
4.856337308883667,-6.823043980659091,0.11591545003030303,4.8807898306439395
4.857195138931274,-6.7459477279810836,0.1054850898233018,4.96183674288951
4.858301639556885,-6.705672081798796,0.10246012552966466,4.9742034562338775
4.859968423843384,-6.653707402982577,0.10036021907312197,4.995072893863182
4.861667633056641,-6.5989833657065216,0.09552590885535117,5.013182335609532
4.863298416137695,-6.398420887668332,0.07948102007233167,5.20255396645663
4.86875319480896,-5.708330383740276,0.016637791552070264,5.71646060949059
4.869888782501221,-5.648156771245504,0.011259665341279798,5.715506280388122
4.871453762054443,-5.556548438714635,0.003408794763414634,5.709124186304878
4.873934984207153,-5.401125003129937,-0.008916623193331426,5.6937969820326275
4.874803304672241,-5.3420785746708646,-0.01147453352790498,5.683526856824843
4.878352880477905,-4.6675629627505,-0.05277207601170425,5.993986121999715
4.8814191818237305,-4.242867157248749,-0.06981415473078056,6.065309731205891
4.882476806640625,-4.085769473069035,-0.07657253198410198,6.0888080759193635
4.883414030075073,-4.0168260310017185,-0.07806484531910628,6.058860086852764
4.884841203689575,-3.9178135850057543,-0.07489063102836005,6.0136413612338675
4.886594533920288,-3.7875426349598773,-0.07237011645841844,5.953977672814269
4.893778324127197,-2.529458959430348,-0.10015593680438732,6.0179993307553445
4.894980430603027,-2.4492900533887103,-0.09299634118694984,5.95702176599525
4.896561622619629,-2.339717425737599,-0.07860328526298796,5.871174211382448
4.898186922073364,-2.2134591467235656,-0.0715676237775075,5.797172560906281
4.899885892868042,-2.090676631800055,-0.05534036938910398,5.720533748103982
4.906423330307007,-1.122897554392831,-0.006532094214192045,5.576907926742533
4.90819239616394,-0.9540203851679356,0.011474337267633961,5.507923752832927
4.909839391708374,-0.8487401800495049,0.03094587006435643,5.426797797465347
4.911825656890869,-0.7396842035937934,0.06095999053505126,5.3324520936093105
4.913119554519653,-0.536519429258209,0.08541641636268657,5.278416778078358
4.918766021728516,0.17190508090426274,0.16610065807505242,4.986343116386862
4.91989278793335,0.22780391497414396,0.1861536031677149,4.916131343292802
4.921454906463623,0.30518629318813584,0.21834230368835075,4.827249770598081
4.923912048339844,0.4284410420512048,0.2668052768614458,4.68526260563253
4.924822807312012,0.47167189680202626,0.28528404256243156,4.630711962768346
4.931507587432861,1.152523362254179,0.3791348794569224,4.155294175335619
4.933210372924805,1.2530152734889717,0.39880539950644517,4.053731774103982
4.9348320960998535,1.3164063600229403,0.41789485698852985,3.9681989959012447
4.936450958251953,1.3769946411795924,0.4372018068771441,3.8877817920161264
4.938149929046631,1.5108848195211007,0.45400363021186196,3.7773678022753066
4.939913749694824,1.642142844323176,0.48129899536824033,3.6731874749125897
4.94376802444458,1.889107115648112,0.4980994165303496,3.459854452584895
4.944833993911743,1.9103329373969231,0.5036923792753847,3.4192597904753845
4.946583271026611,1.9515948207604135,0.5122050000472673,3.348002670734712
4.948955774307251,2.00788280562387,0.5213691175388788,3.260808190405063
4.9498395919799805,2.0211730967498958,0.5236666082651272,3.2291843617604674
4.9555628299713135,2.2723704038163803,0.5114856557318362,2.917858563653897
4.956711530685425,2.333202041852488,0.5052621744848085,2.845338322546896
4.958138942718506,2.36141673539345,0.49946678520666477,2.7907851807548627
4.959872007369995,2.3854004869594423,0.4910291707807665,2.741338916125993
4.961736440658569,2.407086452326992,0.4814961950374767,2.685423252919468
4.963218450546265,2.4656704290348275,0.4705677818711242,2.6042559750606906
4.9689295291900635,2.6209084936605875,0.4265401231763887,2.350388634902826
4.9698216915130615,2.626913089298065,0.4211565302294306,2.33159818164235
4.971707582473755,2.645088260894229,0.4106072124138725,2.292580699864873
4.973959684371948,2.660589567671746,0.3936098760430997,2.242902140892033
4.9748218059539795,2.6655289591284284,0.3894376008040923,2.2280983691271223
4.981418132781982,2.813899757841873,0.32358547287058304,1.9704101829204947
4.982476472854614,2.829326459274482,0.3116144318887777,1.9310211213042174
4.983410120010376,2.828257016189421,0.30327786858470335,1.9156677012516083
4.984827995300293,2.823928835438023,0.29301793563204914,1.8890808357548854
4.986639738082886,2.8211672996586765,0.27729059373735293,1.857265446142941
4.988215684890747,2.8532397723229166,0.2555505583861301,1.774568127016267
4.993927240371704,2.9266181807453604,0.17606542287037813,1.490286192370448
4.9949681758880615,2.919813024412446,0.1638904094033766,1.4782434503670991
4.996435642242432,2.910294489842687,0.15267382065293528,1.4612955066759006
4.9981303215026855,2.8978896631232596,0.13863552603209733,1.4428397578412722
4.999839544296265,2.8801167020045817,0.12689313069243988,1.428330602317583
5.0025553703308105,2.9129591021786134,0.08927046624559343,1.2796350627508812
5.003478765487671,2.9239863239350767,0.07080472644198002,1.213831486011604
5.006381511688232,2.910054119194345,0.03628001658703413,1.1166016173258602
5.0072736740112305,2.911523313031354,0.022658788867649184,1.0746820952555989
5.008146524429321,2.900599997223089,0.01707500003525502,1.0718749598969801
5.010056018829346,2.87116405108723,-0.0009222710767620382,1.0547954155882762
5.011659383773804,2.8454886556666668,-0.014165239192673993,1.0429505342205128
5.0132012367248535,2.847269381406071,-0.04198098504180986,0.9480970417136312
5.018500804901123,2.8260675052844033,-0.13112460365137613,0.6831050684472477
5.019954442977905,2.8064946601733536,-0.14335620310499092,0.6721818884476444
5.021597385406494,2.7867087147064966,-0.15764743898855182,0.6656172416209215
5.023940801620483,2.756709865077877,-0.17862281834842575,0.6581679172964615
5.024838447570801,2.745988512499861,-0.18753764021315128,0.6563837038331012
5.031466484069824,2.7265771356459436,-0.2704933674084362,0.3925498225762787
5.033318042755127,2.709013882616619,-0.2847087095471347,0.3643193550141834
5.034852504730225,2.682712188755279,-0.2918073633577122,0.3627654137601734
5.03644061088562,2.6745412431449447,-0.2983928581898013,0.35941547499079485
5.038153648376465,2.661918805991482,-0.3204495817896082,0.2921717469565588
5.043720483779907,2.6123359076124673,-0.37585636984705556,0.10607087545552338
5.045024394989014,2.60108323382761,-0.373227385871466,0.10764302628092677
5.0464513301849365,2.585415391711042,-0.37307790381240724,0.11008063069798159
5.0489561557769775,2.5538499018851004,-0.3775012584189112,0.10528560146446991
5.049830913543701,2.544138136154871,-0.3787548505899713,0.10412945803853868
5.051501274108887,2.5265199777727467,-0.39148373899345007,0.058117123404100815
5.056371212005615,2.4721848735046796,-0.4263938601327001,-0.05374459200782232
5.057247638702393,2.461347556616806,-0.43325261102683676,-0.07170577863484383
5.0581159591674805,2.451329861482622,-0.43721511023141224,-0.06969638591684998
5.059997320175171,2.434489637227279,-0.4461128673566941,-0.06754633067862627
5.061693906784058,2.4199135088728156,-0.45262458791452487,-0.06667537617462183
5.063107252120972,2.4021160744626266,-0.46551693709532654,-0.10141223649621266
5.065983295440674,2.3785002371573145,-0.4829215530824996,-0.14207124212411193
5.06681752204895,2.3722473907316224,-0.49402034658460203,-0.15174543327490214
5.068895101547241,2.3562491892794477,-0.5089400703786855,-0.18492959202071046
5.069780349731445,2.3580675825676685,-0.5125233626272113,-0.18653496121242627
5.071622133255005,2.358415495409694,-0.5234319228754016,-0.17753911462550634
5.073936939239502,2.336549592673854,-0.5244883929585892,-0.1738332762474654
5.074803113937378,2.3310620154306725,-0.5250515660616878,-0.16718819708653435
5.081432580947876,2.3549255999703456,-0.5762419007462583,-0.22523311102559798
5.082533597946167,2.359646081023995,-0.5820701064956573,-0.23126039261416162
5.083471298217773,2.367051984290593,-0.5836116016406595,-0.23051952090401884
5.084869623184204,2.367618774849951,-0.59303994458775,-0.23178787319451824
5.0865561962127686,2.3708623153539885,-0.6006081078076924,-0.2321864026965812
5.093736886978149,2.396076249096165,-0.6126549728397253,-0.25094765432054955
5.0947980880737305,2.399914919395535,-0.6120501655074414,-0.24846850273511734
5.096521615982056,2.405559241459214,-0.6114391456888219,-0.24382748989123867
5.098160982131958,2.4049521451617424,-0.613051647042077,-0.2414308114792599
5.099967956542969,2.4063656101602855,-0.6151049040922858,-0.23815718586971427
5.10637640953064,2.4139736550008744,-0.6057864242413693,-0.21524153076591407
5.107353925704956,2.4151345569647615,-0.6040027444112591,-0.208424660734422
5.10824179649353,2.4136027756365848,-0.6063650092128635,-0.20491362435052285
5.109904050827026,2.4156154604502698,-0.6130292107178033,-0.2016432093615991
5.111608982086182,2.413940177178582,-0.6188022867422129,-0.1989124806413527
5.113123178482056,2.4205544804905252,-0.6155985167295435,-0.18097146808699396
5.118788003921509,2.4334043929789018,-0.6200627528314937,-0.10688941813539192
5.119909286499023,2.432450440322761,-0.6226737260877463,-0.10601899449168646
5.121474504470825,2.4287991452861233,-0.6293443915223176,-0.10291645754678111
5.123916387557983,2.420570748642897,-0.6381632349691599,-0.09914900610075356
5.124776601791382,2.4187069568427297,-0.6412487863986882,-0.09838785907758862
5.128648042678833,2.417450390687187,-0.6336959445447388,-0.02058694223836793
5.1314311027526855,2.410430246993275,-0.634221200352554,0.016046104802833024
5.133273124694824,2.4037402275344926,-0.6401103591974059,0.028973295347206385
5.134994029998779,2.401557134525926,-0.6481265257462963,0.03671621538703704
5.1366047859191895,2.401276378765657,-0.6572993781398269,0.039829328714574314
5.143294095993042,2.418841810361062,-0.6815260047256637,0.2163833321315634
5.14483118057251,2.4242007797911023,-0.6912562614879509,0.23085951211450162
5.14645528793335,2.4343322306171067,-0.701346518607922,0.23837031841188291
5.148972749710083,2.447045159125143,-0.7183536631528891,0.24678525923040617
5.149954795837402,2.453576548205664,-0.721255825604405,0.24927460857408465
5.151466608047485,2.454055963236496,-0.7224934687963703,0.2955362648119463
5.156338691711426,2.4651552206547387,-0.723294806080409,0.4373238613956894
5.157207727432251,2.4683743844881514,-0.7237643993569313,0.4644728596353673
5.158392429351807,2.4732077967274884,-0.7283494521156694,0.4691118913946979
5.159931182861328,2.4873428799858583,-0.7318215627594511,0.4782360744050686
5.1616716384887695,2.5001223346099386,-0.7362931143833187,0.48914066205746115
5.163197755813599,2.5076983990058497,-0.7336258220011413,0.552614886729776
5.168730974197388,2.512806059341348,-0.7261794374455418,0.7340059226673823
5.1698479652404785,2.5163901788862173,-0.7286856744070416,0.7416002882219837
5.171638011932373,2.5257383785445686,-0.7271838365462883,0.7488670389157351
5.173935651779175,2.5328512509335437,-0.7283898323097966,0.7554563471107132
5.174823999404907,2.5355689831661414,-0.7265749399755085,0.7603848519732168
5.1815505027771,2.483344801158948,-0.6955356706266438,0.9488517884225272
5.183164119720459,2.480628611382778,-0.6910157717605493,0.9609848352714919
5.184782028198242,2.4849346819466835,-0.6852062155264483,0.9575165889416457
5.186605215072632,2.491187458214537,-0.6759150149636577,0.9594943073657679
5.193798303604126,2.4643176362834454,-0.628521016790528,1.1846239082847332
5.1949143409729,2.473777584316354,-0.6230737774774646,1.1920292241638288
5.19665789604187,2.49172318043119,-0.615489392173994,1.2056912804462265
5.1981520652771,2.5081647400931195,-0.6064929039600915,1.2261162050892576
5.1998608112335205,2.52716708295144,-0.5962380063566824,1.249775558308122
5.204029321670532,2.5175219147784142,-0.5577812581628973,1.4380958435751503
5.2048499584198,2.528793650345835,-0.5510829177509304,1.4558414608517034
5.20661997795105,2.519509466415833,-0.5317413246290369,1.5434642291194627
5.208104610443115,2.5245192774146865,-0.517368142358288,1.5862655864036643
5.20990514755249,2.538468818641915,-0.5000533241731651,1.6301465990920299
5.211801767349243,2.549377412884056,-0.4809389029207739,1.6733352843088547
5.2132391929626465,2.5235811875708496,-0.462340658026053,1.7515905034081631
5.218721151351929,2.4450508169534184,-0.38540269677812816,2.065987588618461
5.219845294952393,2.43791279082041,-0.36994692475075247,2.1140875114305575
5.221431255340576,2.425175021995535,-0.3461048011218083,2.190637374125715
5.223950147628784,2.3790976712269933,-0.3060566597890368,2.325916473413339
5.224841356277466,2.355611006176757,-0.29053760995047945,2.372945701780879
5.231525897979736,1.9224517606842104,-0.1559826187368421,2.714614151263158
5.233137130737305,1.8258662027541537,-0.12147301993824437,2.746377630114689
5.2349793910980225,1.7435598687981548,-0.08486280233156276,2.7617966388305843
5.236760854721069,1.6570426847127753,-0.04911405392422907,2.77255247963025
5.23834490776062,1.5476445481384178,-0.021755710518745548,2.794188244959373
5.24381685256958,1.2740268332379996,0.060304871021636335,2.8623688886846255
5.244983196258545,1.2593218723736925,0.07136794221579022,2.881279110602952
5.246515274047852,1.2469874043331477,0.08370204469678408,2.9284834963363497
5.248121738433838,1.2376211897923417,0.09797128427982327,2.9934222586156114
5.2498228549957275,1.2284641926844881,0.11740737058212147,3.077718920169803
5.256410360336304,0.9368917616160549,0.18128484355277816,3.4218887686514785
5.258176803588867,0.7584177452323783,0.20870527723724927,3.468330611465473
5.259979009628296,0.711388551394516,0.20973952118019026,3.538509570697258
5.261667251586914,0.70187123996,0.20609033216,3.61392679996
5.26309609413147,0.5786556482925995,0.22066575278511336,3.7126375540882646
5.267005681991577,0.2492458156948481,0.2967208534002642,4.007643428141348
5.268728017807007,0.03764955348497854,0.3229672601381974,4.133898961890987
5.269854784011841,-0.02522793608297568,0.3256974196300429,4.197747440950215
5.271427392959595,-0.11846985934220375,0.3391186471920998,4.294536263576715
5.273948431015015,-0.2666464941746575,0.364209017197774,4.448068502003425
5.274817705154419,-0.322282826793379,0.38016966626113013,4.506716405649544
5.281438589096069,-1.192523390215849,0.5046789903586039,4.735435780128451
5.282613754272461,-1.3279976894569794,0.5191783031906944,4.754969778393701
5.283596992492676,-1.392674545,0.525785283,4.783721592
5.284806728363037,-1.4583801390559596,0.5462915388270845,4.818753694033297
5.286638498306274,-1.5613717945990635,0.5809550923258707,4.866482078695493
5.28812575340271,-1.7956167410398458,0.6195625505732648,4.842443811186375
5.293915748596191,-2.5898367237433475,0.768150446934764,4.728161270369099
5.295000314712524,-2.6376981213480684,0.7911663512735336,4.749982729005008
5.296489715576172,-2.7020915065577107,0.8247403948836153,4.77598254764383
5.298403263092041,-2.792449602884937,0.8697786474598027,4.8100520545518535
5.299945116043091,-2.858683649274647,0.9012527140914538,4.845378613299472
5.306319713592529,-3.6300125903939393,1.065537327038961,4.595949513181818
5.30719518661499,-3.7327504290441325,1.0843985004353058,4.5578802566990975
5.308302402496338,-3.7867206667263216,1.0994098920667719,4.58226906346339
5.309992790222168,-3.8518235199210524,1.1148001591639138,4.6246043083050115
5.3115997314453125,-3.9099878611505203,1.1285060350602374,4.660257352710098
5.313188552856445,-4.1172787029925715,1.152853063264,4.576692019313143
5.318734407424927,-4.719552747691227,1.2176167278520642,4.306072491829702
5.319842338562012,-4.766381101602494,1.222946471806766,4.325514579254301
5.321443796157837,-4.833173887533093,1.2284050900297552,4.351372166221357
5.323947906494141,-4.941935870225871,1.2343184619953091,4.382105689821322
5.3248255252838135,-4.9737152910945275,1.2336062960213219,4.392531198539446
5.327621221542358,-5.2873947459122705,1.265897664823108,4.176043724531537
5.32852840423584,-5.390463489574828,1.2749368803126433,4.096041848664277
5.3314855098724365,-5.565889488329759,1.2850292968574855,4.001480762680965
5.3332860469818115,-5.659435435181688,1.2924281828320676,3.9675864485043704
5.334777593612671,-5.700319104922444,1.2934070898422374,3.9830679465873904
5.336613655090332,-5.7486730864254945,1.2962282907457952,3.9978650944858365
5.342583656311035,-6.121414943100559,1.331888910726257,3.712092125575419
5.343528509140015,-6.192039331079502,1.3388134195827246,3.64508651065578
5.344954013824463,-6.23942658541541,1.342840560377303,3.6504516324099665
5.346656084060669,-6.278700332148053,1.3394483140850515,3.66734085866323
5.348954439163208,-6.356306796386266,1.3427039729270385,3.692672296390558
5.34982442855835,-6.387433882489557,1.342069730788269,3.7031689408824033
5.3564064502716064,-6.750807810183113,1.3529388646500071,3.4873141581206037
5.35850977897644,-6.819000029800172,1.3526642678143326,3.4692657176233728
5.359982013702393,-6.859787752262037,1.3501251654182027,3.4761075064057723
5.361699342727661,-6.895354304768617,1.3433594084583333,3.4857815611257386
5.3631463050842285,-6.953511935007421,1.3432143915325343,3.418472753519121
5.368623495101929,-7.118668783385574,1.3334342494351377,3.223971066435276
5.369760751724243,-7.133953387566662,1.3307599687138307,3.22528589187346
5.371455192565918,-7.155927135364805,1.3256814414213947,3.22145576330576
5.37390398979187,-7.179766312720108,1.3180738195672197,3.215567626901888
5.374952793121338,-7.186923999733695,1.3138467190486272,3.214054616269451
5.376510381698608,-7.216855691959849,1.3077638843977415,3.1505075479033877
5.381452798843384,-7.249170581564516,1.288576671623167,3.000142197165689
5.3832786083221436,-7.238139764219739,1.2831172130931099,2.9700840898193666
5.3849780559539795,-7.213321571567643,1.2775732986283124,2.950056353811018
5.38666844367981,-7.177078133760563,1.2686792434778462,2.929328637856074
5.3881309032440186,-7.155746230185874,1.2602118864699743,2.89266194474664
5.393907785415649,-6.970977116836282,1.2175983678980076,2.739519608677442
5.394994735717773,-6.926055239969625,1.2100335430346942,2.709178005203985
5.396507263183594,-6.856212953773716,1.2001184457764187,2.651574937836154
5.398124694824219,-6.768665239410423,1.1869237379478828,2.5842352531335506
5.399952173233032,-6.667585454906957,1.1708128990582565,2.503563399466052
5.404442071914673,-6.370725487007102,1.1227848159546023,2.3633068182130623
5.4051899909973145,-6.323196066103747,1.116841386121153,2.32986320311238
5.406566858291626,-6.219096366368328,1.0958612591671812,2.3102905776621085
5.408563613891602,-6.08481560732746,1.0788177905860192,2.2327088516105142
5.41004204750061,-5.997910970958625,1.0690115400048923,2.171665277774392
5.411646842956543,-5.893009624333524,1.058673299421759,2.102392167845231
5.413173675537109,-5.781393771723835,1.036999085031369,2.0871861352330696
5.4188008308410645,-5.40160193573099,0.9740967305765313,2.065836087226315
5.419936418533325,-5.343133240437003,0.9657826226609459,2.0304761766655504
5.4215264320373535,-5.26051934834812,0.9525278034403643,1.9802486030904818
5.423942565917969,-5.142215935415204,0.9318871680818713,1.9139024808128655
5.424813747406006,-5.100920016818713,0.9251230574853802,1.8959252154619883
5.431541681289673,-4.67383864436818,0.8414541594993555,2.0173345262170987
5.433145999908447,-4.574194671852527,0.8222989735568449,2.0182661657417746
5.434982776641846,-4.480408852993905,0.8037940645086578,1.9905358100335226
5.436466693878174,-4.400244295742117,0.7861578699386609,1.9674675408293736
5.438207626342773,-4.244272598293384,0.7583353495432008,2.0620119467362477
5.443982362747192,-3.753816236994144,0.6945482633081428,2.232855395724763
5.445025205612183,-3.684449610749582,0.6853806465577245,2.2214758852303405
5.446484804153442,-3.5879975954442487,0.6659957455473777,2.197520178001028
5.448196887969971,-3.4769409960320643,0.6459295817248784,2.1686941443830516
5.449910402297974,-3.3621822112666386,0.6233505002200362,2.1369552472038507
5.456370830535889,-2.769326238853749,0.5143508240784201,2.2363155443488836
5.4572978019714355,-2.685585721332893,0.4980242268132981,2.240057877843241
5.45820951461792,-2.627125187266843,0.4820625561413474,2.212095856996037
5.459934711456299,-2.520186882691824,0.4537252422138365,2.1589639082578618
5.4616992473602295,-2.407591817645601,0.4321832087107038,2.1122281851686218
5.463208198547363,-2.2656250998540926,0.4085628598042705,2.1199188476576514
5.465402841567993,-2.1120650261496086,0.380445389268736,2.078469744708753
5.46649169921875,-2.0050969679837807,0.36152376549049214,2.0901268353269016
5.468883991241455,-1.77397343855859,0.32278296763174025,2.1001386977358227
5.46978759765625,-1.7245942140009753,0.31150299927448794,2.0764408696293715
5.471628904342651,-1.6176843245685206,0.2877961296006307,2.0281333244334863
5.473936080932617,-1.4907900337896673,0.26271719112614067,1.9736875837524286
5.474823236465454,-1.4405337811398293,0.25395959307359434,1.953175393253459
5.480513572692871,-1.037492675698457,0.20035317594533433,1.941111808417634
5.481502294540405,-0.9571673936298309,0.19020206585686994,1.9507445404590742
5.483195781707764,-0.8671144317193636,0.17709654055152646,1.9499775943594668
5.4849443435668945,-0.7975940404539473,0.16612797273870136,1.9426118275456237
5.486671209335327,-0.7252170056212426,0.15472197056226739,1.941899045903235
5.488183975219727,-0.6225727984117395,0.14688584807912025,1.9542308540679805
5.493914365768433,-0.28968213133416876,0.13231018365497077,1.9975492168170426
5.494955778121948,-0.2581117040125313,0.1378400248245614,2.008400624255639
5.496490716934204,-0.2092181413649635,0.14100609887290683,2.025041594572778
5.498180389404297,-0.1573407356591043,0.14786823209840896,2.0454683907165587
5.499777793884277,-0.11951471415558344,0.15446455211794227,2.0693855942145545
5.506375551223755,0.2524030992414237,0.1846853543829331,2.205233759233705
5.507251739501953,0.29892823834164955,0.19256490598561785,2.220357277608453
5.508114814758301,0.32716155654534784,0.1997115270921632,2.2380000201825654
5.510028600692749,0.3834968647444134,0.2208152433694134,2.2702320801878493
5.511651277542114,0.43482647973913047,0.23971901666847828,2.3017113134347826
5.513168096542358,0.5160112920851064,0.25563229472340426,2.313897132829787
5.5187156200408936,0.8362430041455917,0.34107944780746124,2.3670104690006983
5.519962787628174,0.8791053854570351,0.36017580057985193,2.3875002236423084
5.521538496017456,0.9303773025393983,0.38642749806294935,2.42236038519237
5.5240092277526855,1.0069071799474347,0.4265025886988676,2.4703151775090175
5.52488374710083,1.033313547307703,0.4418688324382776,2.488268797065567
5.526564598083496,1.1337768933714703,0.46625343720073154,2.506162521919971
5.531357765197754,1.3880007505470024,0.5175355822203462,2.5450026369141505
5.532296180725098,1.4348373897595081,0.5239994252999715,2.549901663174435
5.5332252979278564,1.4600987249744066,0.5297887703880468,2.563643096413926
5.534830808639526,1.5046993196091938,0.5398519120653015,2.584508499666476
5.53645658493042,1.5481076042937303,0.5473205384431721,2.602353112929144
5.538148403167725,1.632042498101085,0.549324615840377,2.5907993896333523
5.541417598724365,1.7821905637219533,0.5528954947620695,2.581452982428828
5.543922424316406,1.9098184235983746,0.5428154718182208,2.571642469321785
5.545094013214111,1.9408224490654407,0.5387445254769033,2.5850259486930427
5.546630382537842,1.9795962469583752,0.5377468785824602,2.6099898878111096
5.548279285430908,2.0260136077272466,0.5347607232019492,2.632487465936362
5.549770832061768,2.0626453937152434,0.5329135377834022,2.651505591194924
5.55640172958374,2.3355916110140282,0.5045765241022044,2.6304839672845692
5.558137893676758,2.3799206406797775,0.4995087452411287,2.637371091551518
5.560121774673462,2.4070752869248118,0.490343598192147,2.651428254708995
5.561790943145752,2.428652686965797,0.4815404348166003,2.660653441893263
5.5633203983306885,2.493527341434062,0.4717569748632662,2.618433054870124
5.568967342376709,2.6706627027469225,0.4349792747320355,2.4582026567921558
5.569881200790405,2.673183668931864,0.4271048519278557,2.4520435053286573
5.571480989456177,2.673649520634056,0.40981540877695377,2.4397330383568168
5.5739829540252686,2.686441801375125,0.3794490829070398,2.4281627658366416
5.574875593185425,2.685809809042696,0.3653537462341854,2.421502267892332
5.581506013870239,2.8889288804401216,0.27029055780011574,2.117498222185421
5.583329916000366,2.9050818238313147,0.2457735706415444,2.0779004105440944
5.584826469421387,2.898923712584523,0.2307745232122866,2.066666274902743
5.586655616760254,2.892147266469601,0.21436702631782717,2.061371438693655
5.588167667388916,2.9434444965495854,0.19319601770877395,1.977569595506716
5.594009637832642,3.0719490062689467,0.119798004007522,1.700140230742407
5.595088005065918,3.0633421551617936,0.11091863155861481,1.6988162980587567
5.5965659618377686,3.053128406137936,0.09612849899755993,1.6931932952411368
5.598164319992065,3.039034908779874,0.07925943664779875,1.6867822364591194
5.599875211715698,3.0255841534869443,0.06467965398944445,1.6807094785699999
5.605036973953247,3.101120349721389,-0.020692801593084727,1.407426584771396
5.606646776199341,3.1280748532304608,-0.052306362372316055,1.300208441471801
5.608130931854248,3.1265057262582583,-0.06902715998698698,1.275627214822823
5.60992169380188,3.1152903902534486,-0.08708852053699317,1.2739169607689842
5.611544847488403,3.1073986757200296,-0.1024531332185567,1.275630089134315
5.6132049560546875,3.13351325545622,-0.12593854938481155,1.1916258693295552
5.61878776550293,3.1857757727508513,-0.2024644211240068,0.9553784761631668
5.619929313659668,3.177726781982406,-0.21018310035385923,0.9555429590445516
5.621478796005249,3.161804603027291,-0.22039587153863832,0.949247365694197
5.6239025592803955,3.1421299535382765,-0.23857605816683175,0.9440382596562898
5.6247992515563965,3.130598296995047,-0.24632517158284986,0.9362470605065799
5.631521701812744,3.1258771734864865,-0.31834544827627625,0.6461325944284284
5.633155584335327,3.1160265472539344,-0.3262251531316166,0.6256737920228899
5.635004758834839,3.1022167335964914,-0.32716918316666666,0.6293913539661654
5.636782169342041,3.0884955616080223,-0.32966019327429585,0.6345622883670551
5.638239145278931,3.088199042857348,-0.340711929591438,0.5720357002672031
5.643956184387207,3.0765126729391525,-0.3835063725597986,0.42013790613470414
5.645035743713379,3.069896253438803,-0.3884318788963491,0.41811437023317943
5.646512031555176,3.0674204642045155,-0.3948017881341445,0.4159680741391292
5.648126840591431,3.064794109066619,-0.39851134590401144,0.41643103794340974
5.64983057975769,3.0594603055316085,-0.40092451765342657,0.41611254179216783
5.651989221572876,3.0622461440946083,-0.41317585729719514,0.36014656831608777
5.656397581100464,3.0605412629465176,-0.43458857742021745,0.27756884207816634
5.658620119094849,3.052267851916981,-0.4432596146201258,0.26423215615974843
5.659864902496338,3.050893564316562,-0.4459100167784766,0.26260368722082456
5.661515235900879,3.037144311447496,-0.4535051650929652,0.2607781053535027
5.6632936000823975,3.0291085306636236,-0.46389113243380886,0.22742922936319543
5.667519807815552,3.004463719091149,-0.48155853660766185,0.17795710865653896
5.668341636657715,2.9987581427939234,-0.4852862346261559,0.16536539068956407
5.66986083984375,2.9856301107185974,-0.49092611461813607,0.15981842658180803
5.671589374542236,2.9689869734740455,-0.4968310956177606,0.1567015524950665
5.673943996429443,2.9467256712733993,-0.49826560672255543,0.15058747769772632
5.674822092056274,2.9371952956250524,-0.49906043500906677,0.14848829972883248
5.681490421295166,2.8622449812767083,-0.523267665411903,0.08434110010653931
5.682614326477051,2.848437705874158,-0.5236699755278773,0.07696636271535044
5.683635234832764,2.83467571309553,-0.523151991038574,0.07202444308592118
5.684847593307495,2.8196479136713553,-0.5253024531879961,0.06990525003968806
5.686467409133911,2.8000106577054265,-0.523827617978754,0.06638120674031008
5.688181638717651,2.780488759967033,-0.5224767605885714,0.05378855971164835
5.69389271736145,2.68664642966259,-0.5041897669077265,0.04330172084394108
5.695047616958618,2.6677467976158975,-0.5007941767598666,0.0360782552836298
5.696542024612427,2.646714405813026,-0.4990016639765175,0.02599024532373357
5.698186874389648,2.623585268863578,-0.4925361523204633,0.015632369504504504
5.699953317642212,2.5934369363035987,-0.486762577143671,0.001065307957065444
5.70633602142334,2.487138995486177,-0.4624211205139665,0.014202944447500357
5.707225322723389,2.4768774079915548,-0.45862556211823646,0.02036375991740624
5.7081139087677,2.464599245024907,-0.45741560165130263,0.01721238509103922
5.7100512981414795,2.4426201821463684,-0.45805834341229046,0.012982177803351955
5.711672067642212,2.4344366346206696,-0.46241059374721083,0.017420140591015855
5.713200092315674,2.435833779633885,-0.4623537970438196,0.048067879683985154
5.718734502792358,2.454320283687648,-0.47634632932196075,0.1604096002815764
5.719886779785156,2.4620240177120176,-0.4849993073507868,0.16611224818827464
5.721502065658569,2.473451250521123,-0.4900819100141773,0.1720274660730345
5.723946809768677,2.490190079614401,-0.4986075116702808,0.18360110881595773
5.724826335906982,2.4955969511255214,-0.5020463216801501,0.18762113528773977
5.7301695346832275,2.5160805829007544,-0.48862558459085825,0.2998549477936819
5.731707572937012,2.5178691701871987,-0.4826490182456525,0.3489342342737104
5.73321270942688,2.5249528237481353,-0.48223727412105566,0.35921373383189903
5.734922409057617,2.5372384626803677,-0.4832154774878083,0.36288208864219035
5.736589193344116,2.5523145524126236,-0.4854825618617432,0.36938036183683987
5.738237380981445,2.5622951465756243,-0.47750368536358295,0.4265266954051395
5.743847370147705,2.6111278113576195,-0.4440884879466073,0.6137605890408788
5.744977951049805,2.6301810381262514,-0.44393699185984425,0.6245061417010568
5.74645209312439,2.6541326674031054,-0.4453732943778034,0.6386944394542841
5.748193264007568,2.684429522941823,-0.445899140707503,0.6515404492974796
5.749788999557495,2.7163181338219484,-0.4412160242620381,0.6689187383617021
5.756518602371216,2.787538806251284,-0.38413837967037673,0.9502977499511986
5.7581939697265625,2.814142757174412,-0.37305858407735293,0.9915058214364706
5.760002851486206,2.8534924866110334,-0.36544390286243017,1.0097893124034918
5.761538028717041,2.895103419363049,-0.35494216622998975,1.0336047390621237
5.763148307800293,2.9119370623628584,-0.3373883458694908,1.1236767221163886
5.7687764167785645,2.9375599290805257,-0.2726460558234307,1.3934988066419685
5.769950866699219,2.953160765283238,-0.26605879830602547,1.4032333098691459
5.771533727645874,2.975085632629334,-0.2514448568126694,1.4176140039962906
5.773946046829224,3.008495493607967,-0.23431756793322825,1.4382295499631752
5.774807691574097,3.024325662864307,-0.22407115606533887,1.4509353864437597
5.783143997192383,2.930708500704187,-0.10947339458130198,1.8064762917905075
5.7854650020599365,2.928710794449506,-0.09475487696905888,1.8376017593480878
5.786946773529053,2.9233124513253115,-0.08529952767168028,1.8637838476935968
5.788454294204712,2.8707843732450953,-0.06816305215549048,1.9679360331926794
5.7899744510650635,2.828082357457672,-0.06808558874162257,2.0550446380493828
5.791752576828003,2.8021026036549563,-0.043330880663739024,2.138629962434128
5.79362154006958,2.7337330825966775,-0.021815850015077482,2.2841312852360742
5.7959208488464355,2.725822464733811,-0.006695936362034385,2.3579470350401146
5.7972307205200195,2.719156525009969,0.002975236720568832,2.4011264160175925
5.798316478729248,2.7106290147973904,0.011890748267262866,2.438891142348336
5.800001621246338,2.7039233563715963,0.026765935314201926,2.4938772755835776
5.8017168045043945,2.628446916161234,0.05514399346864494,2.615189747183745
5.803240776062012,2.546404118367502,0.08359554281989978,2.726963861114388
5.804888963699341,2.5125480818223775,0.10715352283944056,2.782613461189091
5.807125091552734,2.4123028363411056,0.14899763847983574,2.9101346953911134
5.8084611892700195,2.3930947265250038,0.16821258009708168,2.933992427324241
5.810269594192505,2.3708108811609887,0.19251593537112538,2.9626411166424185
5.811687707901001,2.3640516683938464,0.2021057135476923,2.9904175635753845
5.813168048858643,2.303174693803293,0.21258197023564782,3.067422589634359
5.814799547195435,2.2522154397911702,0.22177342490749347,3.1687102997571888
5.819039583206177,2.1462885707803245,0.2809152786377865,3.426533577829514
5.820264101028442,2.1403490745858025,0.29833435996590274,3.482075776121297
5.8217809200286865,2.1389525520498864,0.3167553194710884,3.548737087213719
5.82316517829895,2.1347550449937667,0.33398084752894036,3.6052274469893146
5.824979305267334,2.124752890880753,0.3592794341220362,3.6802973477029286
5.8269124031066895,2.021043238054399,0.3886877342192082,3.7946494319813784
5.828234434127808,1.9397927936112853,0.41222730911912225,3.8805330349937304
5.831564426422119,1.8225842193458237,0.4699613776779176,4.049380909901602
5.833452939987183,1.7774285442123439,0.5027006775047759,4.138541988186628
5.834850311279297,1.7537215307038896,0.5252851659626376,4.2001410452028445
5.836554050445557,1.7141795143715344,0.5509047709463956,4.269169393502773
5.8382580280303955,1.595921866813933,0.5817900206112581,4.357275709410935
5.844130754470825,1.1867411880145557,0.659407049423233,4.544927601078376
5.845445394515991,1.133516360245364,0.6722593058954351,4.569648635295863
5.846557140350342,1.088160204039943,0.6814954244085593,4.592788701620257
5.8482232093811035,1.0127919668170589,0.69961702691,4.630328453170589
5.8500447273254395,0.9244846100761919,0.7153391802652035,4.670175488698029
5.851614952087402,0.7663470651502197,0.735341898284773,4.716700849075842
5.856607913970947,0.26093411230895824,0.8011073603530338,4.875146392101747
5.858248472213745,0.14972209386748714,0.8176210533360047,4.932825510415284
5.860161781311035,0.05590289845089537,0.8351824610407106,4.998198104774483
5.861825227737427,-0.026923910304826167,0.8488892120660114,5.057820938950418
5.8631792068481445,-0.2185242156360131,0.8679038449157503,5.105858175664429
5.866642713546753,-0.6272932954098012,0.897522486852983,5.171374959244319
5.868210792541504,-0.9024692165798742,0.9500125241257862,5.208783912510692
5.870044946670532,-1.095384116945282,0.9652195109075111,5.282448014080712
5.871532440185547,-1.1627483530683898,0.9652401417486569,5.3630034236452735
5.8740363121032715,-1.2581348235230125,0.9853478796845188,5.4741379401573225
5.875139236450195,-1.3223241736736402,1.0052567991104602,5.52370788122343
5.876528978347778,-1.556545686428551,1.0275104546768397,5.535095218953651
5.881508827209473,-2.317891953259217,1.1034495151391825,5.534846710079737
5.883242130279541,-2.4843804184740934,1.1199867605843241,5.5524826911795095
5.884946584701538,-2.5890554843401876,1.1320875886240034,5.5872026735183935
5.88662576675415,-2.662724378573607,1.1374002795507332,5.622624276640176
5.888134479522705,-2.927607508813436,1.1622419830783055,5.556001084488661
5.894001722335815,-3.77008269632783,1.2577044920302225,5.320509630878271
5.89521598815918,-3.8251313242619283,1.2757630065785646,5.341315805030782
5.8964784145355225,-3.8640497159441134,1.2981506272513477,5.378540763931064
5.898148775100708,-3.933611766139817,1.325985635937925,5.420591905542714
5.899827718734741,-4.005019889944935,1.3502328087280369,5.460801609525431
5.906453609466553,-4.90198570365312,1.5138690479573553,5.120202938425014
5.907577991485596,-5.018356400690343,1.5379207520449074,5.09613401947373
5.908578872680664,-5.062728708678603,1.5553379182788376,5.133925236098326
5.909973621368408,-5.129152934903605,1.5845947641567477,5.176116103015088
5.911539793014526,-5.2065838494235575,1.6140418028735497,5.229708818553826
5.913278818130493,-5.446682595513244,1.6572329989068642,5.113658545147536
5.914850473403931,-5.556866724103055,1.6902129197023827,5.118812887307411
5.918810844421387,-6.081056185306598,1.759627959813363,4.788856354312736
5.920015573501587,-6.120625186552657,1.7684280049502024,4.815989423531874
5.921472787857056,-6.180488697308825,1.7796559714698688,4.844107837979961
5.923956394195557,-6.276754419179941,1.800583063458223,4.901276901054401
5.924865245819092,-6.307985761902776,1.8062439967175339,4.912830250993863
5.9265875816345215,-6.487141491663884,1.8280787691678384,4.773878346836116
5.929459810256958,-6.748631318535235,1.8551034185536914,4.565928423803691
5.930401802062988,-6.786916760920505,1.8618762303280048,4.567397288878361
5.931694030761719,-6.9176071792637694,1.8749664834162185,4.439588345282953
5.93325400352478,-6.991764635113842,1.8833001961060802,4.429204138902976
5.9347968101501465,-7.044736849028001,1.8896595926582425,4.455012148853533
5.93647837638855,-7.108090706854427,1.8956838836581738,4.476247703430932
5.938243389129639,-7.249512251741673,1.9069071267447817,4.370901223599704
5.944164991378784,-7.597496722706768,1.9115343109495269,4.076176180413106
5.945598840713501,-7.6352117515896,1.9052992331362268,4.079108166673399
5.946789979934692,-7.661399293592178,1.8996479055046553,4.0802864118342645
5.948238134384155,-7.69058460685808,1.8942727450789398,4.083617133353092
5.949917793273926,-7.718629139952127,1.8881087563111703,4.088919833837766
5.951497554779053,-7.79257464683904,1.8869656395870646,4.002757138622183
5.956740379333496,-7.963725722294653,1.8687003372767765,3.7427810649671795
5.958329200744629,-7.995610877601775,1.859452287028056,3.720870137967077
5.960124492645264,-7.992812303903774,1.8539389061834006,3.6953874648234226
5.96156120300293,-7.990631801817137,1.8516192008413213,3.6768748675826575
5.9633471965789795,-8.002486818077141,1.8435109061068018,3.595456672978611
5.964831352233887,-7.9939829827494435,1.8353975054279354,3.5678532556549807
5.969000816345215,-7.991242539521052,1.8075686394248147,3.416372153535879
5.970106840133667,-7.981722131168415,1.7967328373985172,3.3927326952870334
5.971650838851929,-7.960403453829456,1.784751972503782,3.3642552943126875
5.97335958480835,-7.933350846836741,1.7709976961544345,3.3256100593975586
5.974937200546265,-7.908241398909676,1.7566048412472488,3.298377250635701
5.976879596710205,-7.879088892658285,1.7415083119454284,3.2512323392037143
5.981459140777588,-7.768859662254514,1.6894558475910002,3.186943080128833
5.982537269592285,-7.737845979506443,1.6773548432525773,3.171030848106959
5.983533620834351,-7.711122342592783,1.6681137602371134,3.1484589938402063
5.984999179840088,-7.674542902873116,1.6636843119271356,3.1224701641796484
5.986523628234863,-7.636029869611103,1.6502980124900868,3.0936299051893084
5.988182306289673,-7.585917693995,1.6351357119865715,3.1073754419648574
5.990394592285156,-7.544028191311736,1.6200333201301507,3.0941077606382494
5.994164705276489,-7.45088699779133,1.5755813775144967,3.2072361702453303
5.995351314544678,-7.443042872072848,1.573397585231788,3.195025793768212
5.996658802032471,-7.43375099795894,1.5697036612935982,3.1819971737064017
5.998141288757324,-7.419700184798568,1.5673857780433786,3.169398641590408
5.999842166900635,-7.404699473389605,1.563478746065835,3.1571706583510744
6.005441665649414,-7.227041246700085,1.4986181730188064,3.3451230076688345
6.006498336791992,-7.172530675525876,1.4799017787360011,3.4224989229946265
6.008178472518921,-7.1247910472311355,1.4672580061608713,3.4433742489408456
6.010032415390015,-7.091133018796534,1.4625030172356064,3.4254183622860537
6.011514902114868,-7.05928095203257,1.4584927628336268,3.4182588936056337
6.0131611824035645,-6.972734719166167,1.4360749904318344,3.516874592997573
6.018980979919434,-6.641362890298728,1.3609693756234456,3.8681646635218665
6.020045280456543,-6.618025004739975,1.3547150746079364,3.863594253537795
6.0217859745025635,-6.5783420049345525,1.3454811877770794,3.861561797383824
6.0232460498809814,-6.546863986213004,1.3343244071117977,3.863809106564578
6.024957180023193,-6.510352315501101,1.3199937372826087,3.8665847159018987
6.031552314758301,-5.9546106621356705,1.1955720757822217,4.370709438531232
6.033262014389038,-5.848404948453623,1.1693831081692754,4.420630058746957
6.03489089012146,-5.776642887943774,1.1449233980906484,4.421278326714286
6.036714315414429,-5.702969080370545,1.1164733402267069,4.407876120580506
6.038205623626709,-5.524568885362236,1.0811848611799773,4.5444140247104965
6.043895244598389,-4.883758106767296,0.9553859877555556,4.906280693296017
6.044978857040405,-4.828793887710692,0.9357348890888889,4.887127241321174
6.046465635299683,-4.752045990409451,0.9046047263002642,4.862336289871735
6.04810094833374,-4.664042195907217,0.8732525582305269,4.832772968232389
6.0499536991119385,-4.562061048284795,0.832724905195108,4.787810387881276
6.051551103591919,-4.331687277059075,0.7856352997110321,4.871054012129537
6.05642557144165,-3.6747270974951456,0.6505175970291263,4.973881605
6.058197975158691,-3.49506549898869,0.612386118641947,4.939778955212741
6.060072422027588,-3.3609101016620877,0.5781051570427702,4.852448563753152
6.061512470245361,-3.2552572183686035,0.5501438781153513,4.781250714591501
6.063180446624756,-3.008999309696767,0.5110537391145136,4.776700058031334
6.066398859024048,-2.626048671126967,0.4538620252398264,4.689267636394058
6.067318439483643,-2.475870340775055,0.43708858502157005,4.685788919812472
6.068267107009888,-2.3175554792073365,0.4194579740760088,4.673029063196332
6.069971799850464,-2.1653136550632697,0.4003572798980819,4.583631707833095
6.071533203125,-2.0562818538943977,0.383204294715432,4.485464612232985
6.07396125793457,-1.8876928821877406,0.3586352035097581,4.346809709534222
6.074837684631348,-1.8294361444626168,0.3495524233761682,4.298678532502336
6.081125736236572,-1.1043850791851693,0.29722894090741536,4.098473015621089
6.082017183303833,-0.9947486450810423,0.29296052604925543,4.0728158350247705
6.083279132843018,-0.927740448882016,0.2921598703699886,4.020288838921535
6.084927797317505,-0.8436141685055165,0.29426702569766444,3.9499502729952716
6.086671590805054,-0.7516819964687854,0.3020547591143587,3.884388381573496
6.088135719299316,-0.5954091831782478,0.3074059432628399,3.8444452463564955
6.093918800354004,-0.06292627594501189,0.3576803575458234,3.6571669454180773
6.095018148422241,-0.02015746125507205,0.3760397769541066,3.6152300617095285
6.096511602401733,0.05521056063188745,0.3944809881154748,3.561021855584115
6.0981996059417725,0.13631381055156117,0.4181290627691206,3.4968614812525067
6.099948167800903,0.2054096189964784,0.4430553410971968,3.438394753272996
6.106423377990723,0.7425602169291204,0.568525785735269,3.1861520143979507
6.10811710357666,0.8341350852737719,0.6004872498348176,3.123113767631715
6.109974384307861,0.9072081097510477,0.6407874332606873,3.0689917479497066
6.111465215682983,0.960505842379977,0.6777908020644514,3.020192595986394
6.113309621810913,1.0896882468846603,0.7163369982804025,2.9446110915398074
6.118815660476685,1.428638845931509,0.802247872597077,2.7717407545939245
6.119937181472778,1.4715383007439462,0.8209357147154319,2.7482525839379566
6.12153172492981,1.5176138156799313,0.848335189151732,2.723156888281277
6.123944520950317,1.5850245580860318,0.8791743036254343,2.6884789691485755
6.12482476234436,1.6104693335823488,0.8871508939993051,2.6777862664822796
6.127586603164673,1.7716556730093986,0.9035618846954887,2.59796903562782
6.12850284576416,1.831532576386929,0.9083454761711972,2.5679588808160787
6.131452798843384,1.9560537283060357,0.9190268533723434,2.5020693875913858
6.1332151889801025,2.0231710979004403,0.9193243686114537,2.4587143161149783
6.134944438934326,2.0690027545593126,0.9232950118515759,2.4293510421905444
6.136490821838379,2.1100963441876344,0.9165259560124517,2.401247656516101
6.138198137283325,2.1894334175098487,0.9035508792609193,2.337237865817299
6.142486095428467,2.382643754059093,0.8617116797807984,2.1757850043760194
6.143346786499023,2.433532575409787,0.8513615504847618,2.1278236301136073
6.144985198974609,2.4743194794166317,0.8342958301236809,2.088475597710004
6.1465003490448,2.503087503156432,0.8173420319777336,2.0562620237742166
6.148937702178955,2.5434131870574697,0.7947040348604718,2.0119888553305216
6.149818181991577,2.5563282949185133,0.7882811037948535,1.9965271095761257
6.156408786773682,2.7669596769375002,0.6890879861875,1.6571660213125
6.158145904541016,2.802198467144475,0.6676928785466534,1.5970286485533898
6.160014390945435,2.8096403703890123,0.6465481740247717,1.5661706940427622
6.161692380905151,2.805998796617934,0.6290799491635098,1.5370056567659072
6.163216590881348,2.850363309430244,0.6025838546205912,1.4303818222681708
6.168912410736084,2.952356811565697,0.5178845753209629,1.1079463139729187
6.169792413711548,2.946802720214214,0.5097518664325834,1.0991188731014472
6.171606063842773,2.938426315731672,0.4976094264959908,1.0831167914951316
6.173998117446899,2.9287268870150847,0.48004114573359896,1.0573666605820407
6.174882411956787,2.9239851540473887,0.4737691280310232,1.0515113915454675
6.181494474411011,2.9777406733711342,0.36179889213784977,0.6679809694045655
6.183222770690918,2.970676344661891,0.3335035321891117,0.613694834469914
6.184933662414551,2.9548685283424896,0.31208317579055794,0.5912906655742489
6.186513900756836,2.9394351069327036,0.28851940572537227,0.5683826652007445
6.1881608963012695,2.9363531302210797,0.2505950324164524,0.46293509056469584
6.194024085998535,2.8915581755782647,0.12944151561802456,0.15536423829171317
6.195196151733398,2.8768855293265907,0.11493497982672991,0.13967994535365513
6.196520805358887,2.867888920451015,0.09833054242894969,0.12690296218270078
6.198216438293457,2.8572870644486557,0.07698060255163043,0.11566995128504004
6.1998701095581055,2.840588523636598,0.05301350967783505,0.10291237272680412
6.204589366912842,2.8113481670642737,-0.03159182018948247,-0.08542322293906511
6.205552816390991,2.8057188446708863,-0.04411783409346482,-0.09738632164321459
6.206765174865723,2.796512870556962,-0.06709400691875184,-0.15746356683455992
6.208325624465942,2.787561284430109,-0.08096244961873879,-0.1619672267080171
6.209853649139404,2.7814296093213704,-0.0959697418166988,-0.1544474330140887
6.211758375167847,2.7739631604108883,-0.1137150622461318,-0.14393963662521492
6.213228464126587,2.7644049331895517,-0.13428262365272625,-0.19586789981530117
6.218766450881958,2.710492488944548,-0.19752968293968842,-0.32515815399928544
6.219918489456177,2.702035839797771,-0.20623898070272975,-0.3234993250154352
6.221574544906616,2.6927349400863703,-0.21766974745566714,-0.3188423412519369
6.2239837646484375,2.6696149943852983,-0.23815301150846047,-0.3130203274635229
6.224868535995483,2.6653674239320386,-0.2423710720485437,-0.31121552970873784
6.2315473556518555,2.5847116026027983,-0.31152295634266136,-0.4215421246402056
6.233319282531738,2.564194811629194,-0.3233052919934041,-0.4283414884571265
6.234795570373535,2.5455943260147893,-0.33215713859954493,-0.4260495387963595
6.236481189727783,2.525464436723334,-0.34086166081502806,-0.4218277491128545
6.238105297088623,2.500682697422942,-0.3537153488143608,-0.43828189489754815
6.244014501571655,2.4348305565686057,-0.4178176654993042,-0.47934988249763427
6.245081663131714,2.4284399310623437,-0.4284614869871973,-0.4733579467564709
6.246560573577881,2.4207905655782884,-0.44490976125187803,-0.46841486198821625
6.24821925163269,2.414993518438199,-0.4643873841597362,-0.456117272734729
6.249922513961792,2.4172770241848216,-0.4810617725677357,-0.4442123433877523
6.256493806838989,2.4132702753841544,-0.5323356517447742,-0.41844883519178483
6.25829005241394,2.4171304054101537,-0.5509873595218701,-0.40371638987939196
6.260040044784546,2.420890410326915,-0.5647842697664295,-0.3892040798200084
6.261596441268921,2.4250451457382893,-0.5792429436527718,-0.3785237433562527
6.26324200630188,2.425753089774425,-0.5934763572172257,-0.36910172108524975
6.266093492507935,2.431807336579808,-0.6132721583209251,-0.34380097846474905
6.267021894454956,2.4350257871660554,-0.6176411101409711,-0.3334785369953059
6.27717924118042,2.479403315914261,-0.6642075857693627,-0.241568071697485
6.278379678726196,2.4931769980234355,-0.6642303936430408,-0.21120600073935408
6.279875993728638,2.503628000209942,-0.6713440419391835,-0.19483114449736183
6.281495094299316,2.5142182407191145,-0.6734048336553505,-0.1612428386394096
6.283113241195679,2.526547532155202,-0.683252798478074,-0.1383534108703067
6.2849040031433105,2.5396026153657143,-0.6953776196057142,-0.13357308494285716
6.2865893840789795,2.5444222818954585,-0.7038272512133676,-0.12025898321593831
6.293954610824585,2.6080377037188165,-0.7082488755482089,0.06504787067648309
6.295151948928833,2.6082313831250175,-0.7165104694128557,0.06546475924706216
6.297086000442505,2.6234860731357386,-0.720720982975945,0.07399064087285223
6.298299789428711,2.625238184814433,-0.7262304188556701,0.0783801092371134
6.299810886383057,2.6275939400318062,-0.7301222876935687,0.08365830531651955
6.301481246948242,2.6309122318904885,-0.7295734304973822,0.1293458750026178
6.306382179260254,2.617188301338864,-0.7237918468736948,0.2584234014013732
6.307300329208374,2.6133400844896326,-0.7214639201671672,0.27955909167381665
6.308223724365234,2.609106851736308,-0.7223563772242242,0.27919394691748894
6.310056209564209,2.597255124278319,-0.7232942825830783,0.27329255590425827
6.318984508514404,2.5338800287435603,-0.70416623,0.4410584413291357
6.3201680183410645,2.5311706444407553,-0.7072017159999999,0.4407464360280481
6.321460008621216,2.524725266709562,-0.7124580535061551,0.4417821489268537
6.32312536239624,2.5244029900916116,-0.7171008095476668,0.4445473191878042
6.324976444244385,2.5288417201856674,-0.7260563413265627,0.45158839648018884
6.326733112335205,2.51863055284679,-0.7291488702306704,0.5151255343517831
6.331523180007935,2.4975263664195206,-0.7329231928316919,0.642471332804204
6.33326530456543,2.496293928947293,-0.7346631188201088,0.6630370868203953
6.335023641586304,2.495992890081116,-0.740627964320744,0.6650595748237482
6.336519241333008,2.5033660179785344,-0.7408995951390956,0.6723331537295364
6.338164567947388,2.4960041353913915,-0.7438123442518233,0.7253077361786072
6.3429131507873535,2.4963697234298157,-0.7475640797195487,0.8709373201993431
6.344041347503662,2.5009205695405403,-0.7487597585366795,0.9085535503474903
6.345134496688843,2.5165479293303306,-0.749910585013156,0.9267683607679107
6.346460819244385,2.5371876753641835,-0.7504647558229226,0.9528545800346705
6.348263740539551,2.5697620951167046,-0.7552297574118992,0.9898692792059497
6.349911689758301,2.60213654528244,-0.7563464320152823,1.0270451420553275
6.356503009796143,2.670705290443682,-0.7531576676227845,1.3525597926082047
6.3582603931427,2.699196616847938,-0.7472699479421535,1.4247537429722223
6.360116004943848,2.735453413243913,-0.74478862588943,1.4826553258153825
6.361554384231567,2.757177639161677,-0.7398468051514114,1.5265742570635872
6.363211631774902,2.7601406663513632,-0.7340325877984218,1.6247322984517933
6.368748188018799,2.7777203313031826,-0.7115954911492259,1.9407431447616112
6.370024919509888,2.7977802495808484,-0.7080659819397935,1.9961330179030965
6.371505498886108,2.8173409524046393,-0.7030897020549828,2.06055486871134
6.373206377029419,2.8303328942745996,-0.6976190277671624,2.1262743833146454
6.374906301498413,2.836039947619454,-0.6897060894216934,2.186206811571169
6.38158917427063,2.6976054226548962,-0.6561834439479629,2.569547341961115
6.3831467628479,2.669344625577469,-0.6531659343432707,2.6389528654715493
6.38483190536499,2.6437693809958027,-0.6461544294427032,2.7044326041827342
6.38660740852356,2.611778757417021,-0.639586825299253,2.7683212993178556
6.389509916305542,2.4638543223916862,-0.6211643087552693,2.910420341147541
6.39039158821106,2.4194696613969024,-0.6161578846302033,2.945807219344627
6.3940269947052,2.2356570151329698,-0.5716760866472316,3.0745058486833052
6.3951256275177,2.199714675052433,-0.5577825072646811,3.0997323788309563
6.396622180938721,2.1533103324907525,-0.5349820318021505,3.144985097051613
6.398261785507202,2.1097159139488006,-0.5036892155227306,3.2190483461706636
6.399979114532471,2.06463105485078,-0.47193289191536747,3.30058305447049
6.405508995056152,1.8068858139070103,-0.3505871875287174,3.6693981641302718
6.406713962554932,1.7330263465334677,-0.3240311893352526,3.7571065299894917
6.408149003982544,1.6810215467879228,-0.29532607836159097,3.836926973568733
6.410047292709351,1.6223717227206602,-0.26452851065603583,3.9198069248574625
6.411541938781738,1.5725312922702028,-0.242058312794593,3.977785468951954
6.413268327713013,1.473261654503417,-0.21612351750341685,4.032861810084283
6.418712377548218,1.0746514487958092,-0.17016094604823515,4.142978493758261
6.419841527938843,1.078018742797778,-0.15111849838799044,4.153856271227535
6.421460390090942,1.0263563227523242,-0.11149817758236491,4.18892795484878
6.423952102661133,1.004980128937789,-0.09994280741824296,4.259161881266778
6.424822092056274,0.9338050510327869,-0.08033797436065573,4.306804897661203
6.431509494781494,0.42415013582786887,0.04375601581557377,4.616931464553279
6.43329644203186,0.32789588458176944,0.05422468568110625,4.672574785042754
6.4347968101501465,0.2550112092010477,0.07371989400070791,4.722936697195526
6.436541318893433,0.18972241462010297,0.09697262474706891,4.787399729322991
6.438250303268433,0.0036935775682819527,0.13718861509471364,4.859005552030837
6.4439616203308105,-0.5533187349888666,0.22752997233771055,5.070471886267486
6.445051193237305,-0.6092260602500713,0.24449444441450185,5.104111983068798
6.446543216705322,-0.6895161336204099,0.27914661459716683,5.166747239699629
6.448160886764526,-0.7608626798233546,0.31504028359693953,5.2428978447841335
6.449854373931885,-0.8531081668944723,0.35028190784701285,5.3202586873271915
6.4520580768585205,-1.145511189040299,0.4023220815514361,5.394519571070779
6.456439256668091,-1.6981899587424352,0.5155697406887997,5.475876729713179
6.45819616317749,-1.8527021184959886,0.5505475593303725,5.518418588810315
6.459829568862915,-1.932279068772102,0.5782723729764243,5.562552696554027
6.461555242538452,-2.007485795818991,0.6094808104005934,5.60223558169733
6.46320366859436,-2.2672155136708447,0.6628617772375756,5.568963901591358
6.467430591583252,-2.812999963347083,0.7817311047937537,5.487104818873306
6.468283176422119,-2.9861679256051854,0.8157400069222157,5.431616319780789
6.469926595687866,-3.1026752956545174,0.8582378921914536,5.4357231184496575
6.471618175506592,-3.1722259229188414,0.9054139268861485,5.475390809234298
6.473952293395996,-3.25089515648625,0.970221134053448,5.531272618496404
6.474825620651245,-3.288316904302214,0.996387977307291,5.555502095832887
6.481518983840942,-4.1627793231842025,1.2422581699888005,5.316328420549219
6.483302354812622,-4.28030434728151,1.2879311093669543,5.332965376973263
6.484802961349487,-4.334476420453804,1.3224635246999015,5.404405258700886
6.486679792404175,-4.422356786652772,1.354699566775677,5.4971878136261285
6.488174915313721,-4.656225134896552,1.3998188816000001,5.44424945577931
6.493898153305054,-5.440805291286739,1.4916635000817204,5.204501299005735
6.4949445724487305,-5.500364137697491,1.500445347299785,5.2491324629859495
6.49666166305542,-5.583796124896551,1.509496321827586,5.3004977011193635
6.49816370010376,-5.657984299443857,1.5167253611410934,5.350218781797766
6.499979257583618,-5.738163141600725,1.5176001729008783,5.40832021491928
6.506405591964722,-6.4957641317347745,1.6013195193001313,5.0052875536021615
6.508821964263916,-6.64283585646762,1.6100692653729807,5.002064143601573
6.50993537902832,-6.682468012087348,1.6089837103536813,5.038767709174125
6.511534929275513,-6.741456990091393,1.6067805717600223,5.085266742430334
6.513113975524902,-6.903895839663892,1.6196465373089395,4.980383713103418
6.518917798995972,-7.427913681135261,1.6416235457664823,4.6271410063500635
6.519872188568115,-7.455887442556926,1.6322325787114702,4.641926883420388
6.5214784145355225,-7.4991611900513515,1.6246059125906165,4.663407548234158
6.523946046829224,-7.562022615532556,1.6108705443226867,4.692497850056066
6.524818420410156,-7.579931231151473,1.6041152518760795,4.697814157867169
6.529656410217285,-7.880857964729914,1.6123396885524217,4.348655149074074
6.530529975891113,-7.905427888173596,1.6117728468321189,4.329073199781541
6.531751394271851,-7.988158852852551,1.616611839101443,4.213612114208601
6.533186435699463,-8.012175306603583,1.6134949477392548,4.203475041056017
6.534893989562988,-8.028037278029466,1.6055178749296732,4.200587016100903
6.536476373672485,-8.030781802669027,1.5973890081441642,4.193680006077026
6.53815484046936,-8.079381513456633,1.6006014419603676,4.069421347216543
6.544063568115234,-8.094777551891479,1.5896842354515681,3.6548480867574242
6.545201539993286,-8.052256295130448,1.5789977593587288,3.613938043379822
6.546457767486572,-7.9987386166703205,1.5660635627415633,3.5671636416524373
6.548135280609131,-7.915992520426157,1.5510343014517267,3.5016975492412934
6.549989700317383,-7.82089510162044,1.5344589505448343,3.426909484749791
6.556442499160767,-7.5489081089459455,1.502373518025025,2.942454044128128
6.558123350143433,-7.460902254797223,1.491952277825558,2.8621463689793933
6.559991359710693,-7.362098917062448,1.479155744653219,2.8009054694084
6.561528205871582,-7.2800636829515595,1.4730101713212482,2.7564990135875185
6.563234329223633,-7.21027970856294,1.4700831888985217,2.667684364021817
6.5687432289123535,-6.96187006994054,1.4589372095116178,2.4633457662349545
6.569851398468018,-6.9068385287438305,1.4541133415075767,2.4386615831967093
6.571439743041992,-6.832466879960314,1.451252137509782,2.4026830381447737
6.5739452838897705,-6.713902449280953,1.4444235145652113,2.3458913812528577
6.574804067611694,-6.678110966689299,1.443669321445531,2.329989263120369
6.581534385681152,-6.376883865752354,1.4259210174068475,2.249647676977889
6.58327841758728,-6.30133817261276,1.41471096332086,2.2350104888746953
6.584923982620239,-6.2340593025873545,1.4079593374025738,2.2221162127608056
6.586467981338501,-6.1623198850475145,1.4021044971047074,2.2167906955455345
6.588169097900391,-6.071873348824636,1.3934058553457784,2.2441120465415074
6.591464519500732,-5.890988730243885,1.3770193372150943,2.318331193122292
6.594026803970337,-5.74704039710967,1.3517080661730796,2.3817655632467214
6.595114469528198,-5.6979217625585825,1.3438444036476438,2.385972706837441
6.596618413925171,-5.622931822169439,1.3252674269145643,2.3904111630705276
6.598228454589844,-5.540643680268241,1.3026877655422031,2.396029251476395
6.599967956542969,-5.453193078303439,1.2809243369716332,2.407396087165616
6.606442451477051,-5.002889151660234,1.1378123099824187,2.5913160123003145
6.608168601989746,-4.8846003525891195,1.1026642811590552,2.602701167599284
6.610033273696899,-4.7691300336645215,1.0684823988133743,2.584339507821908
6.611484050750732,-4.667006635706608,1.0392171620140969,2.566342976614978
6.613112926483154,-4.522062736294982,0.9997521536881978,2.606304891794912
6.618746042251587,-3.998025171470029,0.8725493565331413,2.7488092064342937
6.61984658241272,-3.9201932011541785,0.8522080413054756,2.7316106229726227
6.621438503265381,-3.805713402147862,0.822556249052767,2.708958430263549
6.623970031738281,-3.629807170218156,0.778899845115797,2.6784575981453895
6.624888181686401,-3.5638352163076483,0.7664691364267333,2.670539144969121
6.626556396484375,-3.3970931525623396,0.744032033286448,2.7162593539457918
6.631440877914429,-2.927154048596184,0.6808979269109167,2.811679319240568
6.632555246353149,-2.826927793615198,0.6688644456111984,2.819898780147979
6.633671998977661,-2.7509144026575343,0.6591324358082191,2.799867608465753
6.635137557983398,-2.6653219352284037,0.6491396168985183,2.7796401514126363
6.636521577835083,-2.5756306268897866,0.6401380195059515,2.760597299527847
6.63835883140564,-2.3921646844943565,0.6240908816726862,2.8010091810733635
6.640028953552246,-2.2276655147712083,0.6056133593954585,2.8378476536916595
6.644167184829712,-1.8757020197551544,0.6047658308573866,2.8761269252705817
6.645549774169922,-1.806547121243871,0.6055145087303226,2.8596227646438708
6.646676301956177,-1.7421335597599998,0.60474962844,2.84857198816
6.648381948471069,-1.658064559756216,0.6096706176667619,2.8401000494609887
6.649996757507324,-1.5779540581208995,0.6156721101643031,2.826646287771666
6.651949644088745,-1.3875655064959886,0.6235200154896848,2.86123716416447
6.65351939201355,-1.2328234957659026,0.6306460296123209,2.881171256097994
6.654998779296875,-1.1733243811035172,0.6379622466162425,2.8618217962633685
6.656866788864136,-0.9867601930341868,0.6485015518008869,2.8829972360374767
6.65830135345459,-0.9348062772677447,0.6666873887110761,2.8726811722042074
6.6602489948272705,-0.8650571143091316,0.6924980845777715,2.8585174658240717
6.6615376472473145,-0.8115199546773483,0.7115809640383655,2.841404515738204
6.6632325649261475,-0.6694279025673839,0.729529296188137,2.8486261984211496
6.6689348220825195,-0.2618457828492334,0.8179929801669505,2.8355992250093696
6.670297145843506,-0.2205431272278081,0.8396616832352772,2.823378657853203
6.6716508865356445,-0.17229492574978456,0.855940946380925,2.813591527095662
6.673179388046265,-0.12226066072870437,0.8749409549377237,2.805126812662133
6.6749372482299805,-0.07103584493487222,0.8955275161467436,2.7952241730539984
6.676843643188477,0.07809037795012619,0.9139711302676266,2.785971302452575
6.681635618209839,0.3561960512542155,0.9550909790571592,2.7544543717863674
6.6832191944122314,0.4144966923460877,0.9643390551566351,2.747648908466753
6.685030460357666,0.4522908713069498,0.9727922194263651,2.747679446235797
6.686545133590698,0.49282553980631166,0.9840535454819025,2.7546162624507926
6.688406705856323,0.6124017944408309,0.9887201057918339,2.755396078974785
6.69414210319519,0.8855073391277964,1.0009826110858502,2.771088525082774
6.695472002029419,0.908686074037787,1.0007774615076286,2.7794982611818053
6.696588516235352,0.9330360807627264,0.9982827266426636,2.791246250801797
6.698245525360107,0.9653855423195876,0.9915354827142857,2.811960337094256
6.699845552444458,1.0022828357771159,0.9850516761206538,2.828512058553678
6.701728820800781,1.1058361559200285,0.9716292717126158,2.831699222484961
6.7066733837127686,1.338019116776081,0.9194953477843585,2.8136027878029113
6.708346128463745,1.3820526182578103,0.9049762462374605,2.8179921924034104
6.71019721031189,1.4178853181446318,0.8853484863081097,2.8231619098896346
6.711671590805054,1.4408308115231787,0.8711439214370861,2.8289562005774833
6.713197708129883,1.5156161025491932,0.8519430256310152,2.8126230222940167
6.7168354988098145,1.6404582494538165,0.8157392819269912,2.794561363153208
6.718919992446899,1.726783351795483,0.7900350682229194,2.780413120386449
6.719909191131592,1.7357720431656212,0.7823998890485153,2.7873671844968633
6.721489667892456,1.7489249477012763,0.7718803894310914,2.8043943547953534
6.723207235336304,1.7654688758101482,0.7651599184761972,2.82417701789695
6.725004434585571,1.7785365478671498,0.7565195439396135,2.8395745112125605
6.731731176376343,1.9888003904433713,0.6929341624012292,2.778004387002634
6.733467102050781,2.0051569402085363,0.6817370296407906,2.767588545956173
6.7348480224609375,2.012736310381423,0.668599273683888,2.7706986362180754
6.736672401428223,2.0222990629481665,0.6536412350404948,2.769780194151966
6.73823618888855,2.067735043608733,0.6312502846498288,2.7377271517636985
6.744001626968384,2.1923329511536425,0.5682067459488787,2.6296780184013095
6.745293378829956,2.190939005185402,0.5584465159238056,2.619860625797047
6.7467451095581055,2.1879961206214436,0.5436530079902788,2.6069353024609008
6.7483251094818115,2.1906342691929592,0.5347129946993666,2.5979926749768745
6.750064849853516,2.1865305767362835,0.520477915891107,2.5857080797316767
6.751516580581665,2.2233204034680365,0.5029318544817352,2.537871660227169
6.756540298461914,2.326811077358474,0.4528012913744681,2.395795477986941
6.758325576782227,2.3378440836001433,0.43513625074345025,2.36592081199184
6.760087966918945,2.335675970955704,0.4140549195736175,2.349997610171472
6.761843204498291,2.3343813840336765,0.3946635525895588,2.336554351624118
6.763516426086426,2.391616424256579,0.36500711354562354,2.261074593615847
6.764915227890015,2.38995526032789,0.35295192748259563,2.2446314643816074
6.768839597702026,2.5225009524230018,0.2874579208538012,2.0440967649181285
6.769965410232544,2.5190886302216655,0.2749550076758563,2.025174525487051
6.771581172943115,2.5141017189948505,0.2607457374720355,2.006203983612359
6.773267984390259,2.509094339568359,0.2463772749813098,1.9839543858593083
6.774804353713989,2.505339785870049,0.23370949513273107,1.9668439683822099
6.777857303619385,2.601542291839191,0.1853039429860852,1.7930949260180749
6.7788941860198975,2.627371443534767,0.17052794434320023,1.7410830081968725
6.779845237731934,2.621349559017453,0.1668322667305222,1.7320424626891928
6.781849384307861,2.6671149299027306,0.13735757912386232,1.6251277435726676
6.783181190490723,2.6636042706656338,0.12887451401372288,1.6050133565561457
6.785005569458008,2.6481986800131176,0.12096631303628244,1.5875334444208764
6.786602020263672,2.633627348232893,0.11043081590396477,1.5717188716575623
6.788406848907471,2.6752138464688393,0.07562057238707834,1.4563260161578044
6.794193267822266,2.7444821600900338,-0.01651612178726968,1.1769962786968176
6.795642137527466,2.7348136097631195,-0.02299001837965406,1.1678331453139843
6.796816349029541,2.727016896552184,-0.0283543779039871,1.1634013145422164
6.798156976699829,2.718550368581199,-0.03152321408713693,1.157072575698097
6.799868822097778,2.706473131947142,-0.040684901023349096,1.150769572652342
6.80152440071106,2.728509291230032,-0.06477883135352132,1.0667044991876649
6.806457757949829,2.753125083,-0.13012781353846153,0.8289013031538461
6.808243274688721,2.749477208843786,-0.13801513746477662,0.7962899326908648
6.809897184371948,2.7348708859509068,-0.13896919107336123,0.7914088229958159
6.811636924743652,2.7188127498381838,-0.14459412453968254,0.7810220307874779
6.813306570053101,2.7243996086737114,-0.16534916615436243,0.6994834270331286
6.818964004516602,2.7113852707856445,-0.22177573478424803,0.4921505601390867
6.819962501525879,2.7042844445585814,-0.22252656230163384,0.49069701359195644
6.821633338928223,2.689474238828767,-0.22085936679908677,0.48514614688812785
6.823122978210449,2.6790170999222616,-0.2184292714664311,0.48574415439575974
6.82482647895813,2.663316390653064,-0.21630490746573816,0.48287213389052924
6.831501245498657,2.62257794457489,-0.24885682535022025,0.2836864000770925
6.832681894302368,2.6078496644841946,-0.252626935819663,0.26222186092480154
6.833669662475586,2.5935765492838128,-0.25336153483855733,0.255856685189781
6.834863901138306,2.5836925219320164,-0.24803785464734507,0.2529876616131387
6.836482763290405,2.5597748785483443,-0.24266414378675497,0.2456813327602649
6.838180780410767,2.5402630172628573,-0.24934336453942857,0.2009217638462857
6.8440515995025635,2.477508176911962,-0.2746718305279486,0.08177933302920626
6.845238924026489,2.4707032908471214,-0.27657706467551707,0.07864661726341532
6.846492528915405,2.466714822469565,-0.2827637248802566,0.07712974073528153
6.848172903060913,2.4674101608913652,-0.28999891848629233,0.08481555610614279
6.849769115447998,2.474824897300959,-0.29820749613505626,0.09409059593247186
6.854316473007202,2.498632351621885,-0.3419751169116299,0.0712952056475222
6.855080842971802,2.5040014685666,-0.34648548825136066,0.07764981310469779
6.856578588485718,2.5093918715785644,-0.3565615109781647,0.07107528398844014
6.858561277389526,2.510478210283257,-0.37014155066284404,0.07001582471444953
6.859947204589844,2.515454693266219,-0.3752848045598434,0.07182743215380313
6.861706018447876,2.5141325799261205,-0.3866342430693532,0.07529745139085997
6.8631370067596436,2.5145884443059425,-0.3960919792614444,0.06998336503113449
6.869995594024658,2.5320547976319467,-0.4324830211535884,0.08979786334431722
6.871714115142822,2.5399958772805036,-0.4396020916248033,0.09409362278043198
6.873276710510254,2.548381680756852,-0.44564806171420196,0.10207013833137916
6.874862909317017,2.5556891160462185,-0.45236715481512607,0.10808768931428572
6.881608486175537,2.5693026229841687,-0.4641513410096746,0.17071337957343888
6.883331775665283,2.5708250849627454,-0.46748708468720446,0.17959684952357072
6.884963274002075,2.5738065827504157,-0.4699006771364393,0.1832641208702163
6.886621713638306,2.57432608761463,-0.47430215895296496,0.18627919480291444
6.888120412826538,2.576236631980699,-0.4725052803550227,0.21154718326787542
6.893901586532593,2.5760290272920985,-0.46820358401625106,0.31410662645587
6.895062446594238,2.578096213833847,-0.46997532566797423,0.31785248908265623
6.896581172943115,2.576810481268899,-0.4766102442305893,0.3153346007694108
6.898197650909424,2.579931226504375,-0.4823625272546263,0.3175932518588438
6.899922847747803,2.577266113151801,-0.48916864590480275,0.3196337483913665
6.901599407196045,2.5764315519913117,-0.48295229813858426,0.3583126940796183
6.906349182128906,2.5682805737915144,-0.46951880291294806,0.45505226567739576
6.907240390777588,2.565368439880642,-0.465399911893681,0.4748925834633902
6.908155202865601,2.565348810648517,-0.46608302269651813,0.4751934973981946
6.909976482391357,2.5673499507965603,-0.4639574280180369,0.4780214770185962
6.911798000335693,2.567547879880288,-0.4659929874715041,0.47327040976586365
6.913315296173096,2.5617060448335,-0.453222395324718,0.5256132745963158
6.917002201080322,2.548245233449549,-0.43058545333404896,0.5945860291957922
6.918747901916504,2.5351195610071615,-0.4113286081211687,0.6542147578072186
6.919888734817505,2.535672607496706,-0.4106188018242624,0.6535379092086795
6.921503782272339,2.536043305180026,-0.4074305787125304,0.6470674907766824
6.923972845077515,2.5376077690621885,-0.39534046687415664,0.6388929669583456
6.924841642379761,2.5397167610528015,-0.3922152740252273,0.6386736471155764
6.931547164916992,2.503654952170376,-0.3321017796652911,0.8075555218658806
6.933190822601318,2.5079364340004298,-0.3229380365219946,0.8243734669134547
6.934815406799316,2.5184723098669743,-0.3178108486693244,0.8229201505392362
6.936484336853027,2.5329559697342123,-0.3106606555734798,0.8214716930638828
6.938148498535156,2.534516446999285,-0.29373414804446035,0.8773104256307362
6.943881511688232,2.536312703060134,-0.23521465319153675,1.0582051943095767
6.9449379444122314,2.548423879988725,-0.22713100546408688,1.0639288910669542
6.946658372879028,2.56484198814481,-0.2188566143761925,1.0695104916807632
6.9481847286224365,2.576776220825364,-0.20950192595841993,1.074100385091476
6.9499053955078125,2.5867278997686123,-0.19818361023166506,1.0841603977224457
6.956379652023315,2.531623888898637,-0.11371698839792731,1.2912822468530665
6.957252025604248,2.5221333942955724,-0.10186263098874573,1.3209817206112837
6.958130121231079,2.525758415814749,-0.09706850975655264,1.3260503483282986
6.959927797317505,2.5317860343305347,-0.08827145119619367,1.3365988130470192
6.9616780281066895,2.541161247496128,-0.07937647733128746,1.3523074031668858
6.963209390640259,2.5215333970780245,-0.06367014490737294,1.4204683352310665
6.968988418579102,2.44902468240849,-0.00713570025052192,1.6356284293089771
6.969942808151245,2.4539532384073763,-0.004139084535699373,1.6469026757340293
6.971600770950317,2.4602201863647366,0.0018183755649668685,1.6733196339095362
6.973908185958862,2.468253884728794,0.010555935453583177,1.7121696118545273
6.974810361862183,2.4716969301449003,0.01676834871177228,1.7313829056837362
6.97859525680542,2.3664497263185074,0.056332819159674474,1.9308026032691175
6.981456995010376,2.305958956313076,0.07907747577348068,2.0238633818360956
6.983214855194092,2.2714064893892894,0.09189638114521112,2.075580858972488
6.984968423843384,2.251539931182276,0.09802025850405369,2.1099175275582893
6.98650050163269,2.23015633833257,0.1099998578980673,2.1437843389321403
6.988108158111572,2.1718251650266627,0.13111235453003223,2.2173255895335484
6.994044780731201,1.9651966380679478,0.20534925466259438,2.4730322619342484
6.99515175819397,1.9492713998160605,0.21633800432752232,2.5019256980971862
6.99657416343689,1.9229619503761755,0.23485974767935514,2.5369343295829228
6.9981489181518555,1.8921972006462067,0.25345676854166066,2.5801302745944357
6.9998509883880615,1.857678388611963,0.2738290728748446,2.6174406347567345
7.006349325180054,1.5311994822147468,0.37261029561598047,2.797014609144312
7.00728440284729,1.4820830622486958,0.3855294792595652,2.810931031620435
7.008172988891602,1.454207061894493,0.3926565581626087,2.808862883130725
7.010015964508057,1.3982178545444086,0.4118936044704644,2.806021889705907
7.011655807495117,1.344451992405147,0.42810346013235295,2.8008895738999997
7.013181209564209,1.2504859932501071,0.4463048882088273,2.8068044054987857
7.01874566078186,0.9759968662664524,0.516792186183317,2.839975363635322
7.019883155822754,0.9468710171891854,0.5283637603839597,2.8442570271569094
7.021451234817505,0.9073794170301197,0.549549751617171,2.8543987586235047
7.02394962310791,0.8419058769756596,0.5749819703602973,2.8705638009717243
7.0249857902526855,0.8137293122092989,0.5861810897761259,2.880454631231162
7.026612043380737,0.723883117460177,0.6096637754690265,2.900128954905605
7.031375408172607,0.4283151843216495,0.6515237530061856,2.9315649395670103
7.032332897186279,0.3594149203811267,0.6609375714002818,2.9361192166484504
7.033239364624023,0.3436480408394366,0.6757691675098592,2.9356889576957745
7.0348711013793945,0.2810968372973087,0.7098706809492744,2.9386290279357477
7.036674499511719,0.2089354284165803,0.7302877821160622,2.9452011636103625
7.038144826889038,0.08120129837000001,0.750588019076,2.966141930309
7.041400909423828,-0.1171024960172122,0.8011865993225169,3.044881528347348
7.042288780212402,-0.20491100952058908,0.8248853732755219,3.071485774071776
7.043136119842529,-0.29130228636273947,0.8458676003298542,3.0979957531881612
7.044912099838257,-0.3944912257480884,0.8837737833764772,3.175730625301543
7.046496391296387,-0.46115095837064746,0.9161267308742447,3.250507225220719
7.048966884613037,-0.5595850626895831,0.9581310532123832,3.348539149019244
7.049845218658447,-0.599945353045182,0.9743882441631572,3.3766040901454466
7.05639910697937,-1.2596391234325215,1.079860086379513,3.439767460616189
7.057304382324219,-1.3408221499725048,1.092915095021624,3.4360385256620365
7.058197259902954,-1.3760108950534156,1.1017291624840326,3.4452201914482314
7.059906005859375,-1.4639180343406168,1.1183274392390745,3.4629190496491002
7.061450958251953,-1.538622127109969,1.1330454690099971,3.490035945898057
7.068848371505737,-2.2772114827538594,1.2505079979305318,3.3549008072204116
7.069820404052734,-2.311894328859777,1.2676012347740138,3.377089773075043
7.071474075317383,-2.3711259891509644,1.2919399803382723,3.4030863867407044
7.073940992355347,-2.4677403777424263,1.3369121749628274,3.444094085170935
7.0748395919799805,-2.498855738113859,1.3535369912641593,3.4639078251789845
7.076496362686157,-2.657302400888778,1.3884130858857715,3.4333331200701402
7.081511974334717,-3.1632078586365324,1.5095128626174248,3.396342974434051
7.083151340484619,-3.2955385934605745,1.5380999123360355,3.443718224561533
7.084872007369995,-3.3949400130952316,1.557857234066897,3.5390648530673117
7.0865113735198975,-3.484376334996602,1.5674675794198554,3.6476028697534346
7.088206052780151,-3.655502349862623,1.590333669899577,3.645082916939351
7.094042062759399,-4.294580590736371,1.656461339839251,3.630625711634051
7.095107555389404,-4.355280530863433,1.6593965014533127,3.6738377975919767
7.096601963043213,-4.438847457615428,1.6739054102191213,3.7456337154415347
7.098204851150513,-4.5264643118506385,1.6867593450296665,3.8173924205281247
7.0999064445495605,-4.608958138940045,1.694011112719053,3.8881889891674053
7.102200984954834,-4.865580782907562,1.7071054913193278,3.7833455412715153
7.1064112186431885,-5.215598791269686,1.7277238055021185,3.697929701001753
7.108125925064087,-5.321041051256878,1.734402378839697,3.699954693211819
7.110063791275024,-5.404514300959107,1.7488808187397769,3.7503951334070633
7.111687183380127,-5.482643028121794,1.7625866283269809,3.7981232530038684
7.113168001174927,-5.6118902167287095,1.7687238940798946,3.7424475902695344
7.117486953735352,-5.93291754573631,1.7844820771688237,3.65221733978097
7.118327379226685,-5.996832299764899,1.7872647982006828,3.619017204238373
7.1198883056640625,-6.068585138003364,1.786165947691758,3.6539826760092513
7.1216583251953125,-6.153176259053736,1.794383853226437,3.662153014938362
7.123950004577637,-6.2371829104036145,1.8033880760783132,3.6857762728373493
7.124807596206665,-6.269192499385111,1.8071755019393287,3.7032790101699655
7.1315083503723145,-6.688111881629158,1.839738126713293,3.5504299598477007
7.133408308029175,-6.757759404402408,1.8361657295356837,3.5850501015030094
7.1349616050720215,-6.828021974569839,1.8467784548311075,3.6004553153884253
7.136501312255859,-6.908883924376931,1.856550860297337,3.6109063124510814
7.138124704360962,-7.002664556080313,1.8585686249950248,3.5973015784993603
7.143854379653931,-7.246576114162305,1.8628100125087939,3.5695555668414345
7.144912004470825,-7.272836029482066,1.8674224542398559,3.5817403275333057
7.1465911865234375,-7.321121905890013,1.8715813248228066,3.5903317220594015
7.1489739418029785,-7.377964598685512,1.8744160006134276,3.603012491444523
7.149872303009033,-7.396917742538516,1.8752818385486927,3.611482889937244
7.156416177749634,-7.518120820586679,1.8593950036493634,3.648672158108717
7.158580780029297,-7.541071352341234,1.8512241794609157,3.666584078929486
7.159910440444946,-7.555748175460187,1.8514590994792917,3.6803457817120346
7.161672830581665,-7.576137736673566,1.8441094448213708,3.6929712642000587
7.163174867630005,-7.575506546510921,1.830704535225696,3.737399515916631
7.168885707855225,-7.528535029987133,1.7766280873686713,3.9353603874934264
7.169990301132202,-7.5215002413169225,1.7712300378107693,3.9411772589553844
7.171590089797974,-7.511285620215369,1.7604535038443045,3.9402947123571836
7.1739747524261475,-7.486418535546826,1.7467057087459437,3.937967638552804
7.174856424331665,-7.4744619457301456,1.7404022245811273,3.9331826076105894
7.176537752151489,-7.410838742078504,1.72180369176449,4.001624475567132
7.181466102600098,-7.1636579680610115,1.6751295722306487,4.191902633041339
7.183183193206787,-7.0876134320750905,1.665069237367756,4.209704551596659
7.184925317764282,-7.031546873596871,1.6587148236894376,4.194476008762199
7.186528444290161,-6.978502858254014,1.6534154088024655,4.180719376029243
7.1881303787231445,-6.867035765797235,1.6406076548064517,4.274602556525346
7.193713903427124,-6.44043162728152,1.5878584296438356,4.6179688020234835
7.195017337799072,-6.384214684075062,1.5745046455753426,4.615072805879648
7.19648003578186,-6.320071549281209,1.5598561219879605,4.609251657897808
7.198176383972168,-6.246743240791017,1.5409951245351166,4.599739368687455
7.1998608112335205,-6.17543746482061,1.5207937465548094,4.589368012725149
7.206468820571899,-5.509208987743383,1.4524295791225326,5.016034461076327
7.208266019821167,-5.3902543458511,1.4324262899909366,5.053220023206301
7.209947109222412,-5.324132562503074,1.4056526375584126,5.034048177752096
7.211493968963623,-5.257598183944714,1.3764757922551094,5.017913349217321
7.213324785232544,-5.033371027214752,1.3500200244124823,5.141245917138724
7.218940496444702,-4.392783863836811,1.2608107074052586,5.416169567039153
7.219934463500977,-4.346453213392826,1.2385404259132609,5.39841807227265
7.221641540527344,-4.2638269225916945,1.2055967515313544,5.371720136083612
7.223128795623779,-4.187939764186479,1.1740616910198851,5.348546924229342
7.2248992919921875,-4.09519784726955,1.136385342685477,5.317783854763391
7.231466054916382,-3.2349478679734363,1.0009503129850044,5.4838452601306775
7.233310699462891,-3.074205722202747,0.9594052072352268,5.4496301423361
7.234781980514526,-2.978817984821152,0.9283745033336199,5.390905981881055
7.236459493637085,-2.8702025586009148,0.8971576819502574,5.324544130971413
7.238194704055786,-2.6284803101436967,0.866535805616221,5.315243747081399
7.240577697753906,-2.393690734388276,0.8254495272744828,5.23563450613931
7.241494417190552,-2.2508820307048274,0.8113087076634482,5.23162050857793
7.24381160736084,-1.9078792307645551,0.7797859235590036,5.192448055324412
7.2448835372924805,-1.8435531277245552,0.7631850070790035,5.128172606364413
7.246621608734131,-1.733204607297048,0.7397592236037468,5.040698731204797
7.248996734619141,-1.5870840194619458,0.71202810791971,4.912912592223864
7.249890565872192,-1.533765416416225,0.7032214330869808,4.865148934840814
7.255859375,-0.8847267046293256,0.6587033961346042,4.646705241047214
7.25670599937439,-0.7702554731607039,0.6542034153356304,4.624886178300733
7.258236408233643,-0.6837166197645824,0.6536343914341867,4.568558193181424
7.259838819503784,-0.6084099934400516,0.6540241042647186,4.503449853283198
7.261771202087402,-0.5165942115837712,0.6593536374220665,4.423156648756567
7.263207674026489,-0.3553727684031008,0.6587834694909561,4.377054039576227
7.268754005432129,0.11775218346245173,0.6819449456492633,4.146125631259047
7.269883155822754,0.1714283612773566,0.6864332340841081,4.095413210539837
7.271602392196655,0.2528864721443299,0.7031234650837629,4.010767193068299
7.273922443389893,0.3538413665576789,0.7367150996097085,3.8976639857225557
7.27482795715332,0.3935420714105175,0.7471713533310085,3.854838491600921
7.276507377624512,0.542301112003518,0.7555240046473175,3.7601426666534743
7.281428813934326,0.9122505386305788,0.7960374861894616,3.495841487450619
7.283206939697266,0.9971739396198395,0.8223948383979358,3.405443785379014
7.284924507141113,1.0532362171881104,0.851741857833659,3.3341789725210718
7.286497116088867,1.0996076358376672,0.8761402299700308,3.269058894265903
7.288109302520752,1.1910267760109687,0.8946170229165242,3.1924748784653847
7.293869972229004,1.5069740939174812,0.9336560876040213,2.958690220130271
7.2949395179748535,1.534870437749651,0.9443196027411338,2.9355984988013124
7.296651601791382,1.5845223893936544,0.9528642682270858,2.9023750538040543
7.29818058013916,1.6436235329321889,0.9602970280177396,2.8707691019369097
7.299921274185181,1.680187419899101,0.9727840725694306,2.8365046918438703
7.302511930465698,1.8299138583800458,0.9701133307525049,2.7412404787881477
7.303358793258667,1.8913938791805038,0.9661673612775551,2.706313956669625
7.306447982788086,2.0351717602067554,0.9569028406995175,2.600984621519228
7.308188199996948,2.099447162747376,0.9563284209020848,2.5556846251344356
7.309935092926025,2.138314214154985,0.9527452231319984,2.526030381082499
7.311498403549194,2.1714573730496776,0.948140468169506,2.4915390287550467
7.313141345977783,2.252825529249783,0.937642791756288,2.417428189020815
7.317837715148926,2.462780662036139,0.9210710322807405,2.2209700790903484
7.318645238876343,2.5069679427941916,0.915700778017174,2.170947756929908
7.319975137710571,2.523733388944429,0.9043083812556548,2.1493059269159454
7.321573972702026,2.547232125863669,0.8983818994561028,2.1223276114768024
7.324079990386963,2.574167085234966,0.8767321339719548,2.081528450419701
7.324962377548218,2.582071876438677,0.8697263268740059,2.066510471994977
7.326531648635864,2.650207560346895,0.8521537575357602,1.9742384602543899
7.331413507461548,2.8285630640284207,0.7733531510304199,1.707515916738646
7.33318829536438,2.8574111904155846,0.7500607441193093,1.6404769111432853
7.334897994995117,2.860764313484182,0.7351678411065574,1.617621556913719
7.33645486831665,2.8697164054788917,0.7246412489168865,1.5966635996266492
7.338159561157227,2.920472738904925,0.7021295636980728,1.4857256712312634
7.344061613082886,3.043753950362963,0.654359499437037,1.1759568156814815
7.345120429992676,3.041103636665828,0.653078137179455,1.1747243751819705
7.346597671508789,3.0332674550272327,0.6465281537463092,1.1643910540956
7.34842324256897,3.0234341256433903,0.6422567157509882,1.1542599431102327
7.349961996078491,3.0141620960860185,0.6347165592984373,1.1438731073345318
7.356490850448608,3.0741246953442816,0.526481169047214,0.7422996794466277
7.358220815658569,3.0585603377962487,0.5018336540282073,0.6880520297687571
7.359969615936279,3.036195854154315,0.48253266723465854,0.6709071707017592
7.361692428588867,3.0131485255112587,0.4650843313975173,0.6520858608204387
7.363179922103882,3.015157873271661,0.4287082963745785,0.5452307321627328
7.368898153305054,2.9794126194493127,0.3065807271112543,0.22594006548582474
7.369795799255371,2.9689924827525775,0.2980670200515464,0.2211995568969072
7.3716583251953125,2.9418672549065583,0.2788581356116588,0.2100645065357908
7.373986721038818,2.911194490787618,0.25918243519267076,0.20171297596529705
7.374903678894043,2.8996548470016656,0.2516927655435869,0.19575942615713493
7.376519680023193,2.8776855285227008,0.21941675035229952,0.11201166375029481
7.379326820373535,2.836376933105716,0.16474884104469273,-0.017880705713364847
7.380147933959961,2.8224079324507954,0.15683112993854748,-0.02228590090373872
7.3817057609558105,2.795785574817209,0.1310486004036815,-0.10193754449657534
7.384843587875366,2.7401103741623154,0.10611298503972759,-0.11599088146424517
7.386491537094116,2.709264895884514,0.09565631025242434,-0.11724501397796062
7.388280153274536,2.674394409750357,0.06961106766323907,-0.17833591146815198
7.3940019607543945,2.557620971798776,0.005100190039632874,-0.3310619598243638
7.395106315612793,2.537698698573912,-0.00247684792782645,-0.33334509330120987
7.396549701690674,2.5086906662342874,-0.008400080352168781,-0.33518531482797287
7.39825963973999,2.4801288970130746,-0.01441907465276631,-0.33357700426906134
7.399889707565308,2.4507373237665173,-0.02218361911493422,-0.333863690241145
7.406383752822876,2.314031359096055,-0.07877329095969125,-0.47363534900085763
7.407259702682495,2.2976055752335434,-0.08561819183056668,-0.48808230909502004
7.410068035125732,2.261259900904643,-0.0904228492620239,-0.4890548839844315
7.411522388458252,2.2405544962979227,-0.08864798529143952,-0.4914688846746722
7.413302421569824,2.208327045078684,-0.09788456260858369,-0.5175624997324749
7.418761730194092,2.128373324977136,-0.11782765924807087,-0.5810982951894827
7.420019149780273,2.108948408984853,-0.11684968721434696,-0.5816136836130322
7.421458959579468,2.089053708290831,-0.11569826731504299,-0.5868243559308023
7.423954010009766,2.057764446194672,-0.11242224423360656,-0.5840556873237704
7.424884796142578,2.0485282707280055,-0.11108207250027323,-0.5830290366571038
7.426732778549194,2.0235923854075515,-0.11699463327180101,-0.6002890270305664
7.431534767150879,1.9667831582818223,-0.12025073891401787,-0.6246839260470192
7.433246374130249,1.9506352309578736,-0.1211762585258633,-0.6275700585644075
7.43495512008667,1.9421181631192812,-0.1190825755390463,-0.6267023536476849
7.4364824295043945,1.9371535242377,-0.11814353213841139,-0.6219820152219917
7.43820858001709,1.9313851262485393,-0.1179460928502209,-0.6230740698116004
7.440274000167847,1.9210297027672607,-0.11727877976614699,-0.6211397168697105
7.444034576416016,1.9086559080458558,-0.1174937621159214,-0.6234693282811165
7.445109128952026,1.9093215005478497,-0.11836139170791797,-0.6209905450324694
7.446603775024414,1.9042633655771757,-0.11961840894300879,-0.6201459917691018
7.4482421875,1.9008340607285334,-0.12055620237518443,-0.6157158996292417
7.44998574256897,1.9014129808765707,-0.12025688332839989,-0.6126871154320023
7.455647230148315,1.9019992538996622,-0.11451079857220509,-0.5971217602359337
7.456498384475708,1.9042277573020419,-0.11530526019406494,-0.5896582627480536
7.458303928375244,1.9104466564926186,-0.11581022484147914,-0.5827147859865272
7.4600348472595215,1.9100973610829146,-0.1156604807520938,-0.5794504352981575
7.461821794509888,1.9221851508252745,-0.11634467466010555,-0.5736379716826415
7.4632604122161865,1.9283410296148529,-0.11546076583455882,-0.5592637952963235
7.4687659740448,1.9682475535080841,-0.11291379986478751,-0.5087226797114036
7.469876050949097,1.9782624895939334,-0.11100865846430105,-0.5071477112661325
7.47159481048584,1.9907943504630028,-0.10878168193287534,-0.5029875132633462
7.474073648452759,2.000778466501716,-0.10914438351915928,-0.4843055605661996
7.474955320358276,2.0079965886833,-0.10911278238018302,-0.48534337248899057
7.4766223430633545,2.035049005679081,-0.10721024600585045,-0.461051857329766
7.481446027755737,2.0991801813828284,-0.09292419519288445,-0.38994575032872686
7.483098030090332,2.1113814438881406,-0.09153615694729304,-0.3768851869590375
7.484792709350586,2.1249003617996087,-0.09309436322776149,-0.3737550769393939
7.486466884613037,2.1412974427286446,-0.09382204645304029,-0.3695433482647619
7.48813271522522,2.1589159669073097,-0.08929979079931341,-0.33409241339679585
7.493912935256958,2.212091104170774,-0.06526387288939828,-0.2112953772469914
7.49496603012085,2.2167751276409744,-0.06377506165702006,-0.2076881481351003
7.49643874168396,2.228255059708071,-0.06055418767229537,-0.19991497088179738
7.49814772605896,2.2380676281228347,-0.0564511867480315,-0.1937273706535433
7.499962568283081,2.2486524653714364,-0.05374482964091773,-0.18887780267187076
7.502399206161499,2.2647349984615386,-0.04343729779487179,-0.1105389966923077
7.5032172203063965,2.272543106663945,-0.038645138362269016,-0.0785648972780404
7.506439208984375,2.290535207766724,-0.02818999902058319,-0.009207689629502573
7.508164167404175,2.3019017354507447,-0.02601766706471936,0.01179357326131157
7.509897708892822,2.3116685989306736,-0.02561629419389036,0.019557017841539966
7.5114827156066895,2.3268076105591766,-0.023894852183676388,0.027439139752001143
7.5132012367248535,2.3430074243155654,-0.014963854593979442,0.0876728784798825
7.518780946731567,2.4001128802373173,0.013092834351246776,0.27909372588736026
7.519911289215088,2.4186165004657494,0.016528702547434795,0.29143211927773
7.521615743637085,2.442348477684429,0.022575010030654635,0.3095664029139092
7.5239667892456055,2.481277946112894,0.0270152805195367,0.33789034919006417
7.52485990524292,2.494235572870639,0.02728593921308959,0.345114435437343
7.5265793800354,2.5220717621013624,0.04140723395268786,0.4288888312255749
7.531439304351807,2.602932852293488,0.07301640080205656,0.6592513891248215
7.533223390579224,2.639622475745236,0.08189685646439318,0.7204895018942542
7.534826040267944,2.6730245757794835,0.08897235490718772,0.7555637210753663
7.536545276641846,2.7108943057952213,0.09770383115435356,0.7963733547647317
7.538158416748047,2.7214685646667616,0.10574194786687616,0.8951802383120983
7.543902397155762,2.748587767003151,0.14305508060126038,1.2503466329725008
7.545019626617432,2.766994632726439,0.14697361689057575,1.2851890537510742
7.546504735946655,2.787970504105278,0.1502358345673008,1.3368132042780718
7.5481812953948975,2.8128867373464836,0.1582593477315609,1.3998890827504287
7.549865961074829,2.8372361626002864,0.16742306806733523,1.4634891031690545
7.556427240371704,2.764837002542138,0.24328857178700208,1.9785956888633123
7.558156490325928,2.750970668233074,0.25877729814113676,2.077138739050962
7.559835910797119,2.7521979276840147,0.27365064548492357,2.1439744064047916
7.561460018157959,2.745005746047923,0.29062439157827474,2.2064064027220445
7.563176870346069,2.682967335580579,0.3165010018496636,2.3277665918151507
7.568777322769165,2.449766150988538,0.3973511301523623,2.6699074183539278
7.569928169250488,2.4294176059204644,0.40909867913041653,2.7017175426754263
7.5715343952178955,2.3986247805567316,0.4223574764638448,2.7405146267319225
7.573997974395752,2.353430114417111,0.44868095245743916,2.807776498739162
7.574867248535156,2.339018074018724,0.45814269582716405,2.835336513488982
7.576564788818359,2.243229060629233,0.48054294699868055,2.931651004427797
7.579190015792847,2.1008990801070153,0.5181602906106587,3.0876931472596088
7.579993009567261,2.086118649882126,0.5259276762486069,3.1145412778782684
7.581620931625366,1.9904419779845492,0.5493957159030043,3.2189799658811156
7.58315634727478,1.9524733929434697,0.5678411273299916,3.2885410219099134
7.584855794906616,1.920626894956646,0.5816972725132351,3.351354575477178
7.586521625518799,1.8852157223547654,0.5907804578782361,3.397280565501849
7.5881187915802,1.78771733292056,0.603434641932056,3.4685758288044215
7.593984127044678,1.4175256278018895,0.6379210505455196,3.676972703810335
7.595065116882324,1.3775754232224449,0.6427899155861723,3.704582564307615
7.596620082855225,1.3222341057210136,0.6528258692829946,3.7541130466604637
7.5983123779296875,1.257353367393215,0.6599443943476954,3.814637588351417
7.599864959716797,1.1998946271816233,0.6739495979644183,3.882126718602601
7.606451988220215,0.6742023495853205,0.784066290836927,4.311742985118949
7.608177900314331,0.5639015283868195,0.8119643486952722,4.431455570583954
7.609910488128662,0.47889245910369527,0.839293355562876,4.5418603010905185
7.6115052700042725,0.4034952977725977,0.864519131893071,4.6415459839357
7.6131696701049805,0.2350779769800945,0.8953863195291422,4.733610923181441
7.618711709976196,-0.3934447220225154,0.9891515614792773,4.966429200650508
7.619831562042236,-0.4332424326608346,1.0006986749013338,4.991428268799656
7.621630430221558,-0.5494813449324847,1.0166225500370476,5.085635125844085
7.624006032943726,-0.6832574576416822,1.0782525946399657,5.218024098760693
7.62496280670166,-0.7422557668058933,1.0919364499223287,5.275464384066371
7.626667261123657,-0.979213638786851,1.124472599842546,5.346261427780151
7.631419897079468,-1.6399210959484884,1.2209866215215732,5.529199025795862
7.633178472518921,-1.8065508726328434,1.2569297456568682,5.615099822751837
7.634892702102661,-1.8846856993256997,1.2849166485661576,5.721254799353689
7.636472463607788,-1.9581731907275843,1.3121189308546546,5.8088041628429465
7.638181209564209,-2.2599623846410406,1.3569564264102603,5.827897582168161
7.640413284301758,-2.4527568100504826,1.3920556560166812,5.899476170035557
7.64192795753479,-2.7963702298129935,1.4322247695700907,5.84328919965379
7.643211126327515,-3.0925626401135258,1.4646013969316556,5.772755655627967
7.645007610321045,-3.250565040701074,1.4969472473268433,5.80710419964252
7.6465277671813965,-3.326347896645202,1.5137003282469619,5.860837924508311
7.649065971374512,-3.442023735791375,1.5446586554042552,5.962685938427103
7.650082588195801,-3.4796097857996573,1.554322966042553,6.005346440089818
7.651520729064941,-3.781826236462507,1.584319030231826,5.915533602895249
7.655091762542725,-4.332391704288129,1.640156727802234,5.794902860358012
7.656710386276245,-4.657999707889862,1.6634200851652077,5.657872578933917
7.65820574760437,-4.779625689061968,1.6722489603524484,5.672956138450239
7.65993595123291,-4.869045467572903,1.6737948170716845,5.723041534889176
7.6614696979522705,-4.937964514347079,1.6745394607674684,5.772051651573883
7.663202524185181,-5.223334991079966,1.6845108134420963,5.629712850728973
7.668907403945923,-6.074032199022322,1.6990049550044644,5.239397926821429
7.669786691665649,-6.1226349006216525,1.6938817102243302,5.271221641776786
7.671624183654785,-6.225590372607001,1.6826455329152816,5.3318831118343875
7.673946857452393,-6.34561959611748,1.661327891948389,5.413028829615626
7.674823999404907,-6.393620998761049,1.6539775777748789,5.438981890320644
7.681507587432861,-7.255363419549929,1.6094788821714492,4.889229007134003
7.683268785476685,-7.36939080288242,1.59532171655137,4.874949406049087
7.684807777404785,-7.4342030795373075,1.5815643309950913,4.911579982014726
7.686449289321899,-7.505704416688563,1.566418747472434,4.954930055084751
7.688199520111084,-7.7028533922340605,1.552300780924262,4.807870803924263
7.693928003311157,-8.244224712763913,1.5109863918072117,4.426051191213799
7.6950788497924805,-8.295530381130607,1.502842616475866,4.454811045170358
7.696584939956665,-8.354777659005455,1.4910221647014497,4.494664620971867
7.698213577270508,-8.43807600410021,1.4904478121331464,4.530873089992992
7.6999311447143555,-8.512921904975018,1.4755234503232917,4.563627828206613
7.706388473510742,-8.976129537216217,1.4309397685,4.1393047738378375
7.707266807556152,-9.027310879995241,1.4257096179217128,4.091572856255622
7.708141803741455,-9.048777231181804,1.4191937122945502,4.103434653413927
7.710022449493408,-9.092291441182974,1.4051377770180318,4.131201641688286
7.711676597595215,-9.146963211547282,1.3866093043682786,4.130355972151476
7.713146924972534,-9.209830472692602,1.3673611138007926,4.049307168293893
7.716272592544556,-9.32459786420955,1.3639921873370477,3.9478095136859626
7.71702766418457,-9.368115804571428,1.362957312104676,3.8910657024593167
7.718913793563843,-9.43959959453526,1.3535201373204118,3.8152650284282648
7.719828844070435,-9.447879213501073,1.3468127621091401,3.835646768877128
7.723997354507446,-9.509080562876845,1.331812809916225,3.8841342904668483
7.725006103515625,-9.529079182044251,1.328374102989403,3.8881792022043533
7.726738452911377,-9.582995086916393,1.3188564954437152,3.818551009426309
7.731457710266113,-9.662568978003144,1.2982857780926111,3.7312589771564957
7.733226776123047,-9.66986840904298,1.2847355090444126,3.727317221898997
7.734824180603027,-9.666109324084628,1.2729965693799132,3.7319289938875366
7.73648476600647,-9.653951471987563,1.2574774467363183,3.729530695154229
7.738103628158569,-9.640449293050015,1.246388224928408,3.7153947223440986
7.744045972824097,-9.49454842361393,1.1814661566572084,3.742716839804958
7.7451112270355225,-9.460230664535684,1.1741232093152767,3.726509057112496
7.746588945388794,-9.4072866697112,1.1582675899033044,3.704123762574882
7.748414516448975,-9.332325673537449,1.1404272287692967,3.670587429890938
7.749882698059082,-9.268122822806728,1.1314283458701502,3.640294713089764
7.756503105163574,-8.843888785259416,1.0480895243177488,3.8553232789277443
7.758195400238037,-8.768668040540907,1.0401233024040692,3.8727703828620146
7.75989031791687,-8.706484749910441,1.0309507412693901,3.8581364558798743
7.7615416049957275,-8.655370781422384,1.0236951757332762,3.8451437673490565
7.763224124908447,-8.547162133225843,1.0010916796472271,3.9773482943241856
7.76892876625061,-8.20637659824957,0.9380799080648308,4.484562533815261
7.76979923248291,-8.194788354098538,0.9340857805704246,4.493447278971887
7.7716124057769775,-8.1652605724685,0.9304858835372279,4.511239193574456
7.774007797241211,-8.123059620377175,0.9208206789359777,4.54681718653556
7.774888753890991,-8.106142149016701,0.917797554388309,4.559961650969102
7.776582479476929,-7.962644019710824,0.8937527128723748,4.777381169762521
7.779038906097412,-7.7177701004392,0.8614815035934666,5.1177264926976545
7.779819965362549,-7.704810956305656,0.8576637529490574,5.128030939730609
7.781689643859863,-7.511815725128756,0.8347775604463519,5.388396678046495
7.7831199169158936,-7.464708666310755,0.8277147043883717,5.451227950946728
7.784814834594727,-7.436500215457031,0.8196834308476563,5.478832425888672
7.786520004272461,-7.411471719657231,0.8100189399923577,5.508715009253042
7.788132905960083,-7.234052957468796,0.7889700364054978,5.732002725599257
7.794173002243042,-6.570049952926965,0.7140720583323786,6.455146965660175
7.795351982116699,-6.546372007148339,0.7041035655209049,6.47305362785252
7.796581983566284,-6.522115025897766,0.689144835972079,6.484774954892182
7.798173189163208,-6.490649255586325,0.6734876783508797,6.504777603290373
7.7999372482299805,-6.45381063384884,0.6551315605465216,6.528907138919983
7.806456089019775,-5.531504227995996,0.5861423234864865,7.266566184288289
7.808279752731323,-5.3999424654999295,0.5702490079538832,7.355511497302306
7.81009840965271,-5.343021268198386,0.5567987437459655,7.37139314177685
7.811617136001587,-5.288316370242196,0.5457236382943227,7.381035802962974
7.813343286514282,-4.969175737018868,0.5307334804968553,7.564383032138365
7.818869590759277,-4.075947184798396,0.49151528392668953,7.908405425919817
7.819985628128052,-4.018925942550401,0.4837164430183276,7.891727431770046
7.821566343307495,-3.9366676794836146,0.47246698285232186,7.8673832378599915
7.823994874954224,-3.798390454037814,0.4556932537758764,7.807480687728402
7.82501220703125,-3.7417299373952524,0.4504813064274082,7.778918895485924
7.826714992523193,-3.378840292198933,0.43941239731737325,7.834723976450341
7.831416368484497,-2.560709178984254,0.4180431918697395,7.822582641790438
7.8331921100616455,-2.360416767747174,0.41120358367162685,7.747232072954786
7.8349103927612305,-2.250779485678761,0.40523649448646387,7.64642334070681
7.836510419845581,-2.142645884854182,0.40128524754181977,7.546075463193591
7.8381500244140625,-1.8461034057985874,0.3949598071819209,7.485124928222599
7.841536045074463,-1.3755705074023021,0.3813623614730709,7.305638460783289
7.8439435958862305,-0.9229795934100389,0.36979449306256296,7.16493697678326
7.845004081726074,-0.8630510592820365,0.365349384614411,7.079611814188696
7.846493244171143,-0.7754051761508787,0.36472437856779544,6.965677559332477
7.848128795623779,-0.6733001277560349,0.3613988732851022,6.831971776341523
7.849982023239136,-0.5612639060947868,0.3583897800647709,6.672280717892575
7.856404781341553,0.2949974147251036,0.37355201036390917,6.115950485150164
7.8582069873809814,0.4435115991815892,0.3855104516601847,5.950073305865417
7.859938144683838,0.5222991683851341,0.40186387632751797,5.788571506028735
7.861537218093872,0.5933958001966203,0.41651545582958616,5.633459740917514
7.863150596618652,0.7727470346985987,0.4270820325590506,5.464773273790963
7.868876695632935,1.3103163451394635,0.47392059351816657,4.846416424982113
7.869985103607178,1.3477687365649804,0.48387842928451646,4.740579646666014
7.871598958969116,1.4070672875328385,0.498815483234723,4.591079965436893
7.874004364013672,1.4953328116831766,0.5170310283019504,4.3593130658546375
7.87492299079895,1.5280411600686123,0.5245217155041392,4.280846888446892
7.876622438430786,1.6588339788843192,0.5304047541444558,4.100620237897544
7.881580591201782,1.9483424467272208,0.5725454975561436,3.636016835768417
7.88332200050354,2.0088118159468116,0.5849333772916786,3.50165090197169
7.8847815990448,2.0362119723930143,0.599245175449956,3.4012343931235693
7.886479377746582,2.0649995637665857,0.6123454923312796,3.2965291479497063
7.888224840164185,2.1472960918988138,0.6147129552269545,3.1583643922125195
7.893951892852783,2.3784581530100755,0.6062795450235097,2.7653462002695215
7.895106554031372,2.3974746337069686,0.6090031476495942,2.713074790411419
7.896653175354004,2.4207226428068114,0.605105060315913,2.6453983811611863
7.8982532024383545,2.4423054002277613,0.5999547006948861,2.576625109296949
7.899970531463623,2.4642544241580246,0.5935264048123458,2.5059156965925924
7.9039061069488525,2.6344660861827203,0.536101320776038,2.225403242432546
7.904787302017212,2.6429674028889973,0.5286153288039983,2.192540128480917
7.906615734100342,2.7160286038919748,0.4912247808906593,2.0601261227038443
7.908647298812866,2.745372542871784,0.4633170308450543,1.9698618645427388
7.909850358963013,2.755353926848628,0.4528374005294454,1.9306534715504575
7.9114789962768555,2.770633859801894,0.4375900631078755,1.8741437261134701
7.913196325302124,2.82996103909131,0.4030395484989333,1.747294808616982
7.918944358825684,2.976337927780624,0.2967689186635661,1.3513495674308815
7.919952154159546,2.9773594009613626,0.2902827498800801,1.3256941992344018
7.921607255935669,2.969925956963225,0.27576480135643566,1.2829350851994343
7.923938751220703,2.966781872323972,0.25901249904456225,1.2203258057654391
7.924814462661743,2.9629829882617855,0.2523144938201748,1.19969636731953
7.926517009735107,2.983579291406419,0.2138638751443652,1.071513589740371
7.931454420089722,3.0095761787513213,0.1085582709094415,0.7183202986991858
7.933128118515015,3.0016539183581297,0.0794369227906498,0.6389279048018229
7.934826374053955,2.9851039129568244,0.05667558084261838,0.602467824025766
7.936567783355713,2.9659800658419035,0.03540048959216149,0.562627466048917
7.938201665878296,2.961589765204974,-0.0036611902577186953,0.44471745659734135
7.944055557250977,2.9067730164073815,-0.11238244611491682,0.12013238439410039
7.945139646530151,2.8944520175634003,-0.1214704071802041,0.10793277258758563
7.946599960327148,2.873896082004299,-0.13234877837532244,0.09677304689982803
7.948166847229004,2.8511550023557537,-0.14369361770741335,0.08594592065082614
7.9499547481536865,2.8336517228565916,-0.1555141230282817,0.07835233110127125
7.95195198059082,2.803704324584001,-0.19176120083986836,-0.03497453191628506
7.956378698348999,2.736599482376123,-0.24662157593068035,-0.20862962735173302
7.957451581954956,2.719465383501985,-0.2601392438561976,-0.2439868593378915
7.958646059036255,2.7050013357503455,-0.2678459368973473,-0.2503351868708207
7.960065126419067,2.690326051492816,-0.2762220118351754,-0.25019815518693006
7.961493492126465,2.666937938155562,-0.2816330299904403,-0.25451328123725375
7.963225364685059,2.6337918085557503,-0.3044516646168347,-0.32298558903390323
7.96703839302063,2.564641622123552,-0.35137635935521233,-0.43149091780180177
7.968966007232666,2.528481111781625,-0.38009743327338735,-0.4913755122831611
7.969960451126099,2.5190734795195477,-0.3851228499857582,-0.4937231603902541
7.971586465835571,2.4948624341282315,-0.3919751181883079,-0.4939136545740306
7.973108768463135,2.48141791210252,-0.3991401880787514,-0.4953619557889462
7.974817991256714,2.4643228834392676,-0.40806556913435943,-0.4936715499434276
7.9814372062683105,2.351352506575745,-0.4659608201931025,-0.6101467599307396
7.983240842819214,2.3247500178534595,-0.4768996344334622,-0.6204262301256267
7.984942436218262,2.311165190972039,-0.480806539773731,-0.6127724782748781
7.986560583114624,2.3037840719656946,-0.4861040524048027,-0.596030172535163
7.9881508350372314,2.2862842295845294,-0.49650436844887197,-0.6136516280506885
7.994084596633911,2.256047090609044,-0.5185533982661706,-0.6252185594321695
7.9951171875,2.2555231672830565,-0.5241474351279336,-0.615350501127075
7.996596813201904,2.256077191889182,-0.5285921081715039,-0.6040821363456464
7.998222351074219,2.255554418485817,-0.5320250521398128,-0.5918325696640748
7.999765634536743,2.254917476991199,-0.5378896588870471,-0.5806761576794778
8.006448030471802,2.2308403355100728,-0.5868881344462066,-0.5847595993956279
8.008126020431519,2.2264498890066986,-0.5977191077457438,-0.5783989474205973
8.009826421737671,2.2248134503643033,-0.606158610274035,-0.5674895930068985
8.011489391326904,2.2232745736380295,-0.6136636594140893,-0.5537798349570446
8.013208389282227,2.222946046454237,-0.6206698493542373,-0.5504179084652542
8.018928050994873,2.221490828329582,-0.6325766111899402,-0.5145309987429485
8.019817113876343,2.218729959527164,-0.6335736510753092,-0.5075793707254412
8.021625518798828,2.213384820018569,-0.6365906820912625,-0.4978132519038434
8.023977756500244,2.1995560287486025,-0.6444750363945821,-0.48928765639830873
8.024845361709595,2.194463189571879,-0.6454444624479002,-0.4860432769228895
8.026553630828857,2.185529941177705,-0.6438200599961461,-0.4755723479474736
8.030093908309937,2.161743695483331,-0.6399467156148696,-0.46294459927869996
8.031637191772461,2.1534881056472917,-0.631674617805372,-0.4519492083232056
8.033141613006592,2.1367133262092826,-0.6321075148060954,-0.44974444140891934
8.034854412078857,2.121604133339698,-0.6307472275031348,-0.44983571391308064
8.036662578582764,2.0991908278426163,-0.6308053281082547,-0.4540649244257355
8.038121223449707,2.089479507671822,-0.621967764353513,-0.4426545442621888
8.044062852859497,2.065017259347832,-0.6095838094370412,-0.3900130015607425
8.045113563537598,2.0613600213604375,-0.6157169151641502,-0.3898171601947638
8.04660677909851,2.0635275978891285,-0.6233859199354931,-0.3824462552778978
8.048258304595947,2.067602027221077,-0.6321651895864834,-0.37832692163001147
8.049962997436523,2.0660110566177443,-0.6423043120673642,-0.3708369960928766
8.05636477470398,2.1002104026613595,-0.6452913546450086,-0.25823107436517495
8.057224988937378,2.1070057007078438,-0.6460029649717979,-0.24191218421239716
8.060043573379517,2.111788040203234,-0.663046636692222,-0.24088348755310846
8.061517238616943,2.1146247675987055,-0.6705862464698441,-0.23955451847543394
8.063217639923096,2.1244184632339573,-0.669548680117193,-0.205034385732028
8.068897008895874,2.1514261549351605,-0.6645863304391262,-0.07325621831000417
8.069848537445068,2.151307748789898,-0.6679211888263531,-0.07052734165688047
8.071478843688965,2.155385969188766,-0.6731479665833932,-0.06605369952736675
8.073997259140015,2.1594285041601746,-0.6787930092462382,-0.05423137888060751
8.074889183044434,2.166160369214597,-0.6821852992254254,-0.046749395715370554
8.07654094696045,2.175146192865167,-0.683307088908969,0.0033489540263706846
8.08158802986145,2.188044433242518,-0.6762373712621259,0.1436151311506708
8.083222150802612,2.1928540937637715,-0.6768269023627128,0.1628526840022893
8.084940910339355,2.1938196969946984,-0.6802827312286551,0.1678487549467076
8.086545705795288,2.191697224042775,-0.6853052689725122,0.17527913659944142
8.088271379470825,2.1872880791549436,-0.6796152167640177,0.22559053606320445
8.091522693634033,2.1781118290600894,-0.6705194427118502,0.29055091610480716
8.094045639038086,2.1731605926066098,-0.6577995406947428,0.3780075938276391
8.095039129257202,2.1749211021666435,-0.6556007610552225,0.38148765594575373
8.096510410308838,2.1766878690696236,-0.6551564112435371,0.38523391209488833
8.099948406219482,2.1853123820353137,-0.650499214663066,0.4017323863236394
8.10642671585083,2.1629381034687993,-0.6168600150965428,0.5684135042292354
8.108204126358032,2.1623534100797825,-0.6049575717289156,0.5927794569610637
8.109984159469604,2.167340258563578,-0.595526212956177,0.5989622254211185
8.11153793334961,2.171673306781003,-0.5878357956358673,0.6050116986707861
8.113150596618652,2.162577426365247,-0.569853359107305,0.6564936647151223
8.118921995162964,2.1332547828912953,-0.5175839479413162,0.8362323279832332
8.119784355163574,2.135311344807042,-0.5129670033508453,0.8453120759573844
8.121593952178955,2.1393009620454415,-0.5023658767007717,0.8703506262429266
8.124040842056274,2.144104534885133,-0.4799298617201375,0.8987283425363792
8.125049114227295,2.145081740369522,-0.47080017634918364,0.9110233774714982
8.126676082611084,2.118995790457976,-0.4512102840137221,0.9767335229897084
8.131458044052124,2.0514566224728936,-0.3895538281627807,1.1503816125961952
8.13321328163147,2.031978137508437,-0.3684047504651504,1.2011557008730742
8.13492727279663,2.0213630705517387,-0.3491576421587767,1.249285707588186
8.136473178863525,2.0169686172030223,-0.32836412439036217,1.3100446801234673
8.138134002685547,1.9781454414209132,-0.29640827046921947,1.4337697692539029
8.14397644996643,1.7585507112795984,-0.17149509749058708,1.8571763953334264
8.14505124092102,1.7219999937534514,-0.1488534377215172,1.8984260223533678
8.146533966064453,1.667607046531696,-0.11724883082232682,1.9429869772737167
8.148132085800171,1.61096023804336,-0.08506159412550085,1.9748254157019176
8.14996337890625,1.5419386016220855,-0.053267473239593764,1.9933331711979687
8.154549598693848,1.2872841509590358,0.023926189870419397,2.0584794015084293
8.155379295349121,1.2587566359916975,0.03585439938391068,2.05474097131377
8.156624794006348,1.1914408539682222,0.05729674633152019,2.0698668688906383
8.158688306808472,1.129335753278405,0.08583412928690924,2.074851648387146
8.160051584243774,1.096252803490032,0.10318708029318277,2.080257910169664
8.168956995010376,0.7680354717196928,0.2671369273173184,2.338161937268017
8.169983625411987,0.747425728269134,0.277102512403352,2.374941562296229
8.171608448028564,0.7126186415688296,0.30915475273700044,2.422928121679702
8.17400574684143,0.6579288976023459,0.350775111487913,2.4796107780779577
8.174898386001587,0.63378813453669,0.3608239871371764,2.4920534841034185
8.176482439041138,0.5498040790251683,0.39919077684050336,2.5426381052452443
8.181426048278809,0.2375267843258106,0.43356770737894584,2.61029349938723
8.183166980743408,0.13533584532695983,0.465121324663627,2.6549218993490222
8.184899091720581,0.0660767612056401,0.49661239470626833,2.6958586831422586
8.186503410339355,-0.0070474850825620605,0.5243279867577494,2.7527257453561043
8.18810248374939,-0.1404178589634599,0.5579422349117898,2.8133250046100486
8.194078207015991,-0.7265031113205307,0.720932568619134,3.1210999009279328
8.195162534713745,-0.7918526341333799,0.7568143252297486,3.1896259965726257
8.19663691520691,-0.8899824731348694,0.8021649031800704,3.2957702702048723
8.198206186294556,-0.9868490994809782,0.8511004080108696,3.4033142544755433
8.19997525215149,-1.085513360423842,0.904132998975379,3.512811113279455
8.206438779830933,-1.8436404764976315,1.1029828507966006,3.6112346409593203
8.208167791366577,-1.9876603438899674,1.145913998611062,3.654558876402765
8.20989203453064,-2.0305999179598606,1.1840572195025785,3.7331402610165854
8.211498022079468,-2.113426580068639,1.235452236011344,3.7962945877501437
8.213152170181274,-2.2954941447754207,1.2807899252269201,3.7868312914596927
8.21556568145752,-2.4725551061614035,1.3360665392757893,3.845356970672281
8.2166588306427,-2.6410817587017545,1.3636469976947367,3.809939097940351
8.218968391418457,-2.9403165300606147,1.4234438066005586,3.757419303663687
8.219875574111938,-2.978403020860894,1.4429838314189944,3.803708046965363
8.2215256690979,-3.041764873847216,1.4695535411458793,3.8854892102587044
8.223982334136963,-3.109460958418401,1.5014229933741925,4.024018110534807
8.224868774414062,-3.1851746231423856,1.5161975387613034,4.043163368512703
8.226564407348633,-3.4370944384633204,1.5399733654288574,3.98687389899714
8.231413125991821,-4.017446135847164,1.6144134916311157,3.8751884228950786
8.23318099975586,-4.169047625049971,1.6299091612003225,3.881499311416618
8.234892845153809,-4.261908386861253,1.636441214745608,3.9299460383480427
8.23647689819336,-4.333910081131852,1.6360521779223702,3.9695519233214815
8.238192081451416,-4.5265470343226175,1.6434388462767537,3.86752548633019
8.244016885757446,-5.075248788990378,1.6715328673374703,3.6286440556490027
8.24505615234375,-5.118566869695301,1.6784199803532283,3.658528836885093
8.246541261672974,-5.196843705508883,1.6841825710813754,3.701882621624642
8.24818730354309,-5.27930725995325,1.6909588524070696,3.7526124765872293
8.249906778335571,-5.360991426198182,1.6989470674597245,3.808288296326893
8.256468772888184,-5.936492863933333,1.719052341033554,3.5582340532635763
8.258184432983398,-6.041182334890336,1.7222311588982104,3.569774068598282
8.259881496429443,-6.118255501098883,1.7207549634262571,3.627897011405028
8.261621952056885,-6.200046180931035,1.7186385086206897,3.6909733100344826
8.263344049453735,-6.357615510818182,1.7200461132170688,3.6133442442857144
8.268935680389404,-6.746560932925574,1.7035736194311695,3.4796904463382767
8.269806146621704,-6.776066593623112,1.701305710476637,3.501161428258114
8.271625995635986,-6.8439711067155455,1.698835479992462,3.5517966417068694
8.273996829986572,-6.927361282880547,1.6920173383197041,3.617133185199693
8.274901151657104,-6.952924814552051,1.6854045138238907,3.6436131508738487
8.276471614837646,-7.031596065161177,1.6810709291584085,3.620668525789274
8.281391382217407,-7.231492390033519,1.6662021475326405,3.576247678298156
8.282331228256226,-7.261130540638173,1.6639891979258306,3.575023212644473
8.28323483467102,-7.281169036344072,1.6603201729458763,3.593334225916237
8.28488540649414,-7.32961970505481,1.6584250715850113,3.62388387834396
8.286459922790527,-7.3708289394499635,1.6535476380426588,3.651724662089116
8.292270421981812,-7.53049845675179,1.6544595630489551,3.6968585911308334
8.293302297592163,-7.5457735658866305,1.6561293768182077,3.713286480350415
8.295003175735474,-7.569067395614717,1.6506133490942922,3.732801559188584
8.296580791473389,-7.590365928619224,1.6460906008510943,3.7608620789156055
8.298131227493286,-7.611980789554282,1.6388345615923314,3.790387518328926
8.299978494644165,-7.641420818462798,1.634473129253925,3.8266326658969283
8.306539535522461,-7.675323024150369,1.6323241971399391,4.022472737327684
8.30837631225586,-7.6738330816640365,1.6238829380784678,4.048545913396213
8.310024738311768,-7.676464372230952,1.614542747214485,4.054890689627965
8.311525106430054,-7.6681435468600885,1.606255055162003,4.049503735511929
8.313325643539429,-7.621676439193493,1.602737107604452,4.096199621032534
8.31897258758545,-7.403597984617006,1.5767919377155148,4.254106628240034
8.319867610931396,-7.3850528020632344,1.568862676905076,4.239579451361342
8.321472406387329,-7.347961109878649,1.5594720751960502,4.215709406001145
8.324012517929077,-7.282940444153416,1.545720939500215,4.1808504301859335
8.324910402297974,-7.257355170729266,1.5419508530584445,4.1695186759071765
8.326549530029297,-7.151295263392684,1.536493430810961,4.2390715496725555
8.331420421600342,-6.813315906830793,1.5177447940035709,4.4187194718449385
8.333165645599365,-6.720851828879193,1.5077255782600059,4.438600405225721
8.334854364395142,-6.663589946268286,1.4962117973710816,4.403281397080486
8.336517095565796,-6.604079202840808,1.4852517770800975,4.371518017616134
8.338124990463257,-6.467649809575239,1.4765695521046154,4.460861720004688
8.344052791595459,-5.968286051681317,1.4325099410712956,4.808210205006586
8.34513807296753,-5.932626191341733,1.414911562376378,4.792278922508661
8.346612691879272,-5.879537831818911,1.3906865883879655,4.776493049147278
8.34822678565979,-5.818530382133581,1.371049139139874,4.766985100649028
8.349931001663208,-5.758786030945684,1.3462670011580988,4.756746330743939
8.355642795562744,-5.169499159717334,1.2729378375209872,5.099939258864036
8.356470823287964,-5.0461447781246695,1.267207341995677,5.178372931968205
8.358160018920898,-4.913976684085991,1.2393482963654294,5.215225940602523
8.35984206199646,-4.831770974619635,1.204282352803646,5.193551296167216
8.36157488822937,-4.749955558821888,1.1683043994284692,5.165421225414878
8.363290786743164,-4.516751831507611,1.1442976592429743,5.259879920768736
8.36892557144165,-3.8037284615831424,1.0374682653093463,5.434609384886468
8.369798421859741,-3.7578673895779815,1.0160891305366972,5.404838565321101
8.37160038948059,-3.6533190195169114,0.971589138624661,5.338806274682746
8.373186349868774,-3.556309050469534,0.9318867859437993,5.277544029503226
8.374786376953125,-3.466413516667544,0.8967934295798587,5.218204052994321
8.381544351577759,-2.551400505650551,0.7789760990561352,5.165494444191624
8.383141279220581,-2.4130804724742947,0.7483933850148933,5.0936530779296865
8.384980916976929,-2.3032302140013936,0.7143674984132404,4.992256895266202
8.386500597000122,-2.213590980183262,0.6897286845124463,4.907279646525321
8.38817048072815,-1.9919699275546416,0.6651387757592538,4.856378736440658
8.394169569015503,-1.3213211170408135,0.5789248463667478,4.617425293870973
8.395259618759155,-1.2626327873378205,0.5627772252531863,4.5529167204337675
8.398972034454346,-1.0696516521754411,0.5179359188799832,4.333367318348937
8.399864196777344,-1.022282635275316,0.5072228842368384,4.284420290848451
8.402997970581055,-0.6682153663565603,0.47715191973773075,4.149006733506081
8.403948783874512,-0.5823700600894365,0.4689570475986432,4.10399668167382
8.404874324798584,-0.5398487254564586,0.4599826310769763,4.051265093158799
8.406695127487183,-0.36816420013133644,0.4475306738847926,3.962559796048387
8.408311605453491,-0.27966407108727004,0.4329087617249448,3.8749637037555553
8.409881114959717,-0.20986648353325943,0.42567773269512194,3.7967911984822615
8.411536693572998,-0.13738133304380404,0.4215500445475504,3.714819190156772
8.418272018432617,0.3497410116836764,0.41043149049828476,3.413233669140366
8.419964790344238,0.425256746573365,0.41523902110145333,3.350811031045137
8.421611547470093,0.4756148956151475,0.42087079019859097,3.278095923277704
8.423997640609741,0.5406496024510022,0.4280402132861915,3.1806599584844095
8.424895763397217,0.5685925860360523,0.43356208103800115,3.14549608894613
8.426483392715454,0.6708256365121164,0.43482118967851374,3.070260909335732
8.431375741958618,0.924832948034513,0.4622663445700497,2.8609907173933897
8.432276010513306,0.9722847057793044,0.4689425085161013,2.8228913202563333
8.433159589767456,0.9948298594824674,0.4757441583749821,2.791238583769715
8.4349205493927,1.042849422887802,0.49390191353779517,2.732076185202878
8.436486721038818,1.083727580007912,0.51401879223663,2.6812767672514286
8.444128036499023,1.3855562775590213,0.6124431998994134,2.404909340393332
8.445258378982544,1.416850442975533,0.6273692564853341,2.3895892598333095
8.446503400802612,1.4505425694155696,0.6402442575497997,2.363987271312822
8.44812297821045,1.4842276068085254,0.659465136847659,2.3404796827568135
8.449764966964722,1.5177819047586207,0.6794509852965517,2.3242683094068965
8.456420183181763,1.7800237663693568,0.7234308081082095,2.193957824305876
8.458739995956421,1.8367315349506224,0.7384383866868094,2.17491136806952
8.459838151931763,1.8591179023424256,0.7453543533503987,2.1702497140079733
8.461531400680542,1.8884731657987421,0.7487235205519965,2.1610633842882843
8.463265657424927,1.9586863212402235,0.7473542883455092,2.1198705479565962
8.465620756149292,2.0224282247623653,0.7494408666569987,2.0866094822617347
8.466460704803467,2.0611813481685584,0.7472270054602774,2.0617120893072722
8.46895694732666,2.161172524103221,0.7387119581644953,1.9902757724930566
8.469875574111938,2.1837502220778813,0.7374738731504653,1.9874982222943451
8.471503496170044,2.215426095099943,0.732860289781071,1.9810459212114833
8.473999977111816,2.254731925658008,0.7232593653871371,1.9762259115199334
8.474927186965942,2.269341327715933,0.7166969666314766,1.9738815079026255
8.476534843444824,2.3290683494790287,0.7057912246251655,1.9250912186843268
8.481449127197266,2.49708310708088,0.658891404861389,1.7730531668531009
8.483102798461914,2.5314039626460483,0.6458429160893471,1.743092644722795
8.484800100326538,2.539341367740746,0.6352762516590306,1.7309237715458863
8.486510992050171,2.5472513458037263,0.6241043912860496,1.7215285367919906
8.488210201263428,2.5950562779642192,0.6041686197383712,1.646341880012881
8.494045734405518,2.7172764039440147,0.51739858462815,1.3873659138628294
8.495164155960083,2.7175060983828754,0.5075463676274341,1.3745587087462774
8.496794700622559,2.7143849892738077,0.48564045361177144,1.3600695887332093
8.498261213302612,2.711403395323075,0.47179597112439164,1.3480079932172917
8.49987244606018,2.7031162675930314,0.4555065140039983,1.338278436669713
8.50636887550354,2.782878553826087,0.3546943822505721,1.0731344997718821
8.507232189178467,2.7908850376134917,0.34200877756851933,1.0446855342893508
8.510030031204224,2.769638664011823,0.3261892840285714,1.0566224675940885
8.51162838935852,2.7590272978878625,0.3129802851345646,1.062598536864116
8.513342380523682,2.777150164775647,0.28111683480025756,0.982424375818429
8.518891096115112,2.7959970732160033,0.18154616026195247,0.7945414916594618
8.51981234550476,2.788018778827226,0.17315928797337532,0.7970997312346121
8.52164912223816,2.7664382168238326,0.15348342832612433,0.7946662047148382
8.524031639099121,2.74392967579877,0.12666568342806064,0.7982798225427631
8.524943113327026,2.7312341319702518,0.11706897416704805,0.7975472778947368
8.52653193473816,2.7337377109202734,0.0847168292095672,0.7354971363735763
8.531409740447998,2.702426119951883,-0.0052343693279392825,0.5783393530995274
8.533183574676514,2.680226354210564,-0.029523905848840543,0.5532755088756084
8.534913301467896,2.6480546617262073,-0.048403090220485626,0.5488708775662853
8.536530494689941,2.6119332960721,-0.06814889495154185,0.5388580013116006
8.538140773773193,2.583100601987846,-0.10149313100650084,0.48122095213863764
8.542215585708618,2.505104476145535,-0.1850263548485976,0.3788773977508586
8.543214559555054,2.490928376833858,-0.20747613860646824,0.34594711386848886
8.544954776763916,2.464774916691086,-0.23137200295636,0.3413080450206038
8.546700477600098,2.4381808735659356,-0.2503237987663798,0.353849469887146
8.548994779586792,2.3953917419368738,-0.2759899013067564,0.36357462098668764
8.549867630004883,2.3817419088637273,-0.2810722596644718,0.3687147954746636
8.556408882141113,2.2850681128721213,-0.3847040645933343,0.27363033242025464
8.558175563812256,2.253541021128972,-0.40660963967291724,0.2647116497268824
8.559909582138062,2.219090368173031,-0.4231249680731843,0.26745032438577976
8.561533212661743,2.18816037109907,-0.4390230845622324,0.2679310927702643
8.563167810440063,2.163316998029278,-0.46184299728823197,0.24251313338089825
8.568939685821533,2.0810282190373526,-0.5199102114908394,0.18712135540221558
8.569825172424316,2.0690382296534584,-0.5254723260583724,0.18738555736727738
8.571677207946777,2.0493420687202075,-0.536395712123057,0.1859478390880829
8.573989391326904,2.0255168562942814,-0.5438505322276332,0.18809016864101852
8.57489800453186,2.014099689946709,-0.5490394332940031,0.18707145286642549
8.576461553573608,2.000142712485067,-0.5601645943416214,0.17317767292526115
8.581485986709595,1.950716879422238,-0.5846032268001425,0.14372444370306486
8.583122491836548,1.9364579180403771,-0.5891563351679929,0.13873767005747126
8.584843635559082,1.923897769334306,-0.5920830512292622,0.1376353932117549
8.5865159034729,1.910070709100546,-0.5961357891034186,0.1360159839816145
8.588159799575806,1.900854940406837,-0.6002910259207747,0.12795505806558097
8.594060182571411,1.8662515598880836,-0.6058004723510801,0.11043340656487804
8.595174789428711,1.8630534252922648,-0.6009511069050871,0.11218131380878048
8.59663701057434,1.8547663122414189,-0.5977135619702517,0.10894594218878718
8.598236083984375,1.8459350155472198,-0.5957561220789939,0.10414644628773169
8.599891901016235,1.8346129506877504,-0.5898359696659988,0.09892491880366343
8.603534460067749,1.8000538472601326,-0.575970932284451,0.09089817924274134
8.606506824493408,1.7637623269495037,-0.5635907845287009,0.08495177539030355
8.608202934265137,1.7412910815000735,-0.5583872401318923,0.08208397985855022
8.60986590385437,1.7206531380804468,-0.5483047129525139,0.07746376631675977
8.611578941345215,1.7009391986931317,-0.5414205857351042,0.07391922154329322
8.613297939300537,1.6750670277347697,-0.530045350189756,0.0735682963261521
8.618618488311768,1.587152381635402,-0.49465350456039525,0.07765448270512107
8.619882345199585,1.5698737300873922,-0.4890119060893404,0.06678182556610075
8.621540784835815,1.546237719728584,-0.48226505627759786,0.05221232584309685
8.623185634613037,1.5208994697050822,-0.472451416007874,0.03784659146528275
8.624810695648193,1.4962347672611607,-0.4640170067293527,0.02283620034375
8.626490831375122,1.4743030295646438,-0.4565023167664908,0.023192264335092347
8.631418943405151,1.4244853841612217,-0.4320129436369679,0.038195924822938765
8.633217573165894,1.4121855432553665,-0.4211309136713545,0.03695473192627683
8.634953737258911,1.3960040809791143,-0.4147489209752158,0.02445158296853244
8.636462926864624,1.3832655442001722,-0.40877394820462043,0.011883914971157985
8.638137578964233,1.374579726733812,-0.39639438557603285,0.01899810472853794
8.644045114517212,1.3727007158430249,-0.3550364845752027,0.05145306252124685
8.645113706588745,1.3753866198125524,-0.35086529567528657,0.04790083318521107
8.646634578704834,1.377271119340395,-0.3369171974841111,0.04186244906012024
8.648240804672241,1.3781374029531848,-0.32414160031831524,0.03625019692339301
8.649784564971924,1.37726274110237,-0.31557455725676625,0.027283493465292387
8.656399250030518,1.3410571749682934,-0.2510264088009374,0.08128680792473118
8.658700466156006,1.3212426981176635,-0.22848358744983233,0.06850814536836222
8.659780502319336,1.3068628664100055,-0.221322468367943,0.05866569358524315
8.661568880081177,1.2913224295397918,-0.20959967420460207,0.04629833931584347
8.663264989852905,1.2732718058361172,-0.1928800589503212,0.056366787862955035
8.66899299621582,1.220001748348542,-0.14284604833696107,0.09000923714790009
8.66989779472351,1.2119902915444398,-0.13517750978735874,0.0848015747410353
8.671482563018799,1.1995381357660122,-0.12468195620618999,0.07616082919028515
8.67401123046875,1.1770057561139664,-0.10741528199804469,0.05658029500670391
8.67490530014038,1.167121675806704,-0.10218727449106145,0.05152435645921788
8.67652940750122,1.1573625521111113,-0.09107253057777777,0.06457596744444444
8.680011987686157,1.1369171462812064,-0.0643265406618263,0.09314568827757609
8.681734085083008,1.1319239675538462,-0.05417987185274725,0.11917291118021978
8.683130979537964,1.1322438477070864,-0.04394795192283465,0.12453057748188975
8.684849500656128,1.1331807641771443,-0.032381141121821735,0.13238902104749928
8.686465978622437,1.1419849006094571,-0.02161426556012843,0.1513352221818447
8.688170433044434,1.155329647769905,-0.0021550605666858305,0.202074951869359
8.694166421890259,1.1945370866503906,0.07249437364983259,0.4282528284478237
8.695315599441528,1.2071185319426077,0.08554638490210391,0.4670245963890082
8.696576118469238,1.2199463383489337,0.10082106590940318,0.5100340122284241
8.698192834854126,1.2299657200051433,0.12253825126054371,0.5708323819719324
8.706470489501953,1.1545451737142858,0.26334151307518794,0.9672459786992481
8.708179235458374,1.136198314529538,0.2903561027093406,1.0323239839598055
8.709920406341553,1.1286773636083955,0.31925693607676503,1.093846909391164
8.71152639389038,1.1235726047252432,0.34352490878820835,1.1496879122558672
8.71324610710144,1.090937017941311,0.3741076184536627,1.2318877080479793
8.71896481513977,0.9569117130136213,0.4651373145557237,1.4435417415127958
8.719889640808105,0.9443465971510732,0.475293768890754,1.4600946369600991
8.721490383148193,0.9213998641931637,0.4972954393639272,1.5003129691396364
8.723989963531494,0.8873169044986748,0.5305324868029014,1.570848429132515
8.724898099899292,0.8748284877829544,0.5430008001383736,1.6006463137045615
8.72663688659668,0.8088088930731636,0.5700330738047995,1.6742016952039802
8.731426477432251,0.6319536148193703,0.640334680197498,1.8934707020645207
8.733170986175537,0.5744892493225806,0.6662629015752688,1.974050316908602
8.734859228134155,0.5289744893237922,0.6851012679854789,2.041707355534348
8.736517190933228,0.48083012630219296,0.7054734140043859,2.120255578453509
8.73816990852356,0.3961204172989262,0.729769474800859,2.203306376237938
8.741567134857178,0.23640207253971196,0.7804302299603593,2.394134357502638
8.744020938873291,0.09335594570611219,0.8195065263792911,2.539026543173039
8.745049238204956,0.05930387239087357,0.8331591196322914,2.5984664512005304
8.746558427810669,0.019907585798824203,0.857904537539002,2.6909992968967593
8.748155355453491,-0.03138679229041697,0.8840430977271397,2.7993386829882954
8.749953269958496,-0.08607005805318851,0.9170996097445001,2.9319882405597326
8.756464719772339,-0.47712498745166354,1.0464684433951164,3.485052574929316
8.758498191833496,-0.5670958941147227,1.075056649045889,3.6884481962256213
8.760004997253418,-0.5990959631483133,1.0966663831053804,3.8231264712695845
8.761497974395752,-0.6383516272807173,1.1231341548203997,3.966206698067313
8.763161659240723,-0.7942868894437465,1.154840771027984,4.091531012454026
8.768959999084473,-1.3709683822660064,1.2463916626975868,4.442249840060678
8.769875764846802,-1.4021407943777373,1.258988315155252,4.506588981778351
8.771492004394531,-1.4598052652309124,1.2797381203321874,4.619006358233348
8.77319860458374,-1.5174429250647292,1.2957852824820197,4.741195261043006
8.77496075630188,-1.5759618364721841,1.3160853463144697,4.8616961724350505
8.781552076339722,-2.4737909980457333,1.421667420615902,5.01222206853714
8.78318166732788,-2.600155625309871,1.4349937807893933,5.071317645668749
8.784781217575073,-2.6666007109848855,1.4420065459244278,5.157061975150857
8.786554098129272,-2.7403446858229334,1.4465391809089707,5.257917877795185
8.788239002227783,-3.026110832754286,1.4709790377694285,5.225017275043428
8.794092416763306,-3.910065681249687,1.5469294406943632,5.134518397861796
8.79523515701294,-3.972228665189701,1.5596598408146138,5.194899677276827
8.796477794647217,-4.03627934700885,1.5612321395752213,5.262387759670797
8.798114776611328,-4.120572605870311,1.571616852513885,5.3528779445714285
8.799943208694458,-4.216463757403383,1.5831421840756863,5.449671018391738
8.803495645523071,-4.899898769195544,1.6594824521363236,5.207705492164468
8.806376457214355,-5.205444712312945,1.7013655353783783,5.175940883197013
8.80726408958435,-5.334024034970143,1.7173962419125919,5.130219320372133
8.808164834976196,-5.387405505304486,1.7291687122440502,5.173343296195298
8.811561584472656,-5.59223278298808,1.7642529565178802,5.344024958387764
8.813292980194092,-5.89724720799121,1.8033677411816584,5.227802850716524
8.818548440933228,-6.6241554258263555,1.8779735027735849,4.91481253686026
8.819937705993652,-6.707500944991626,1.884932676469365,4.95863721454208
8.821628332138062,-6.796747538091168,1.8909672371894706,5.021663319057926
8.8240327835083,-6.915602174753943,1.8942361138771808,5.123981936855687
8.824930429458618,-6.961622808084718,1.8987993017592464,5.160657846492114
8.82653522491455,-7.185537202103196,1.926728720924509,5.040526060943858
8.831454992294312,-7.767996691984,1.9973617319897143,4.761821511712857
8.833147287368774,-7.90067636756338,1.9975898832112677,4.753353042971831
8.834913730621338,-7.991247313616169,2.0097572172591454,4.81677560270916
8.836517333984375,-8.071967217227039,2.0167311253322557,4.876096035446878
8.838125944137573,-8.239087218613005,2.023669154045202,4.771880553303436
8.844030857086182,-8.702470812617895,2.0215612707594848,4.511651530130279
8.845085620880127,-8.727975859177095,2.0150644066678596,4.531069783513242
8.846552848815918,-8.772888593149421,2.0110423190352082,4.559845222028767
8.84817361831665,-8.820416092590838,2.002651358353758,4.6017890665636365
8.84995174407959,-8.865131799223397,1.9894940440374234,4.656052541397658
8.856412410736084,-9.184929917511319,1.9575206315051041,4.427801482869507
8.858702898025513,-9.236251528241993,1.9402652439578112,4.4301043862925376
8.859788417816162,-9.249379275174602,1.9300029093809523,4.443126765698413
8.861529350280762,-9.269959989453985,1.9136366979383532,4.459683951470717
8.863211393356323,-9.30389509444435,1.8987355528288985,4.42141640256309
8.865623235702515,-9.307910173393434,1.8702313738536653,4.396484525658364
8.866501092910767,-9.306924710011321,1.8565662035281632,4.374805320795924
8.86901044845581,-9.268081266076472,1.8104400073372477,4.347951309190463
8.86999773979187,-9.244509291011026,1.7928542975711013,4.333549542154804
8.871656894683838,-9.203503525166571,1.763534979853463,4.307563772677161
8.873117685317993,-9.159339415514221,1.732264734370608,4.276753647725042
8.87490963935852,-9.103745892181909,1.69968635585861,4.235456605382526
8.880708694458008,-8.9129803279575,1.5834883792817647,4.285969179653823
8.881681203842163,-8.871725454525,1.560053490135294,4.346258542826471
8.883340835571289,-8.853916803687321,1.5414260379668003,4.355981955946193
8.884980201721191,-8.84244940022648,1.526876401466899,4.351624749716237
8.88650918006897,-8.83444144049356,1.5120228111609901,4.349619242759874
8.888099193572998,-8.77041958676003,1.4762475081748714,4.4460079434930195
8.894246101379395,-8.48547167037003,1.355414613758895,4.827808374024697
8.895418405532837,-8.468341323156936,1.3463478294527327,4.8221353954946204
8.89669418334961,-8.443803966849233,1.3287056315796872,4.809784432378568
8.898321390151978,-8.412696547071727,1.3126076905612616,4.799017903527211
8.899926900863647,-8.38026129638084,1.2957809526121495,4.7830877090105135
8.906437397003174,-7.837616588824773,1.164180806042853,5.360301606035222
8.908161401748657,-7.747556301111509,1.1384806646925614,5.429432144019206
8.909995555877686,-7.705941558191005,1.1139509020203795,5.426755689550387
8.91157579421997,-7.676162703685315,1.0916521248986013,5.4264980126363636
8.913344383239746,-7.480366123436805,1.063200562760913,5.662817630443366
8.918948888778687,-6.891271175130169,0.9856271322986218,6.317667205621746
8.919816017150879,-6.874784348304191,0.9766338606764583,6.325628374821941
8.921633243560791,-6.83176647597905,0.9602205638256123,6.352063076804662
8.92401123046875,-6.77483458513156,0.9364829070365291,6.393533718507908
8.924905776977539,-6.755914611824353,0.9289412904139959,6.407403533422953
8.926575183868408,-6.512876880434263,0.9041710764810758,6.635475743616533
8.931477785110474,-5.839278105052907,0.825189759909879,7.190385301094007
8.933221578598022,-5.716647980469973,0.7928419351246955,7.276380017990827
8.934954166412354,-5.676860354710416,0.7670377450815414,7.29181894960458
8.936456441879272,-5.6390608559863935,0.7380364185741038,7.300563811851354
8.938162803649902,-5.374060465586701,0.7013836686354257,7.472258180768701
8.942571640014648,-4.764393439233995,0.6124552143267108,7.794546409507726
8.94358229637146,-4.5462913002419425,0.5865498668472406,7.895992412000441
8.944992065429688,-4.5028499447689745,0.5654192622577148,7.887365602291076
8.946502447128296,-4.451857000011805,0.5430291662938381,7.871671681565793
8.949008464813232,-4.368282977191824,0.5101763240597484,7.846068003985135
8.949889183044434,-4.336154197289308,0.49903636427044024,7.834339499071469
8.956470966339111,-3.296709584626128,0.39205969280647474,8.07383980863286
8.9584219455719,-3.1163778050256523,0.3730113026099071,8.050834090221583
8.959957122802734,-3.0440579364975013,0.3634524494532204,8.001518318458634
8.96148681640625,-2.9699472704585546,0.35314664473207874,7.940363949463008
8.963136196136475,-2.6904625732671756,0.33274594412213737,7.937791284580153
8.968974590301514,-1.810952369206273,0.27402394769793725,7.82218435730941
8.969899892807007,-1.7630742213430348,0.26572460575656964,7.764949993014552
8.97151517868042,-1.677047384686712,0.25917454103883497,7.670223692941603
8.974080562591553,-1.5428271262227495,0.25120881232491277,7.499574443249546
8.974922180175781,-1.499543775771947,0.24923697452449406,7.450160619887369
8.976551294326782,-1.237479596862797,0.23605791215303432,7.366661757441952
8.98147201538086,-0.5941456835851171,0.21706512287990232,7.047836627820716
8.98317003250122,-0.45419122541656876,0.2203179228907168,6.917415882812867
8.984870433807373,-0.3746887184910523,0.2287564388929134,6.778759248853687
8.986576795578003,-0.300509726206591,0.23639195856909442,6.640495136689283
8.988171100616455,-0.09754268084623341,0.2393490328450517,6.509289634436779
8.993998050689697,0.4885806824584756,0.2664230382167236,6.040737517770193
8.995060205459595,0.535173610389363,0.2771921967640785,5.9583154652062
8.996528387069702,0.5931464820263046,0.29462931685094046,5.847977778769339
8.998122692108154,0.6486306648134221,0.31325975767963554,5.723395216420162
8.999938488006592,0.7124527191442375,0.3389004567672595,5.580527581606778
9.005525350570679,1.1540848059784454,0.40886172267640103,5.064924879457517
9.006505250930786,1.24339900736351,0.41795110398637186,4.967676101026144
9.008278131484985,1.3288041835890168,0.44877005470726306,4.810710033122675
9.009939670562744,1.3755408268115417,0.4762837524262615,4.6709392370368
9.01158595085144,1.4203889796916618,0.5075127929805539,4.522509571827342
9.013245105743408,1.524349444994439,0.5309344410966776,4.36489642151761
9.018933773040771,1.8315697463894045,0.6085221362606026,3.88499043158375
9.01987075805664,1.8490056681186633,0.621862967124518,3.8203407295189202
9.021472692489624,1.8822854257730455,0.6463415098190654,3.7111252910252963
9.023995399475098,1.933043788590068,0.682137951440256,3.5629120175145363
9.024951219558716,1.9513362856640701,0.6904013056977327,3.5095076712353594
9.026487588882446,2.027197614357819,0.6985767222172166,3.3956429175443326
9.03146243095398,2.237438033938971,0.7157729455779412,3.048979147735294
9.03317403793335,2.289844698887409,0.7192320148487323,2.9555857720111733
9.034899234771729,2.3232022088052564,0.7259225793447505,2.8785313535694117
9.036463737487793,2.3513789179929794,0.7254497954475647,2.8110238133979815
9.038150310516357,2.427419030949843,0.7150692642695924,2.7008810731394983
9.0440092086792,2.6540894686890013,0.6688640386430679,2.315431283516224
9.045115947723389,2.666674222158871,0.6689921204149459,2.2740907726175026
9.046595573425293,2.6781121547067612,0.662364147883274,2.2200537919032026
9.048205375671387,2.6929623450502427,0.6576775610493609,2.1600508419321285
9.04977798461914,2.7055943662098483,0.6482176052977383,2.1084658000435157
9.052000999450684,2.7821787544436276,0.6155144974199346,1.9701467828104575
9.05657958984375,2.9090312063205057,0.5484144222848938,1.6836490658116023
9.058271646499634,2.9213953778912565,0.5333370741240265,1.6153387453229977
9.059911251068115,2.914304637035102,0.5138645744351581,1.5719695913655105
9.061547994613647,2.9111452575069947,0.4951659771438669,1.5242270972604917
9.063169956207275,2.9370643831820127,0.46088249578072804,1.4093851028603854
9.067011594772339,2.949775179555888,0.4062201826558451,1.1879971920794532
9.068993330001831,2.9952546152305377,0.3803221743156989,1.0545277943681721
9.069998979568481,2.9818382046249465,0.37041966068043014,1.0281665473711827
9.071639776229858,2.9662706963978795,0.35919177721163503,0.9968417659652623
9.073102474212646,2.951816233141175,0.3483316045284852,0.9719928744217577
9.074992895126343,2.9400617835307714,0.33779011596463376,0.943327580652186
9.081521987915039,2.94553729520663,0.24750374599662875,0.6377745017189211
9.08312439918518,2.937385953281686,0.23564903899079848,0.6004175068542594
9.084983348846436,2.922576117545518,0.2233388700798319,0.5845539288641456
9.086540699005127,2.905711247603352,0.20716535731843577,0.5657460225921788
9.088141679763794,2.8935940687733335,0.17756154523692308,0.48630622945025637
9.094034910202026,2.8415898564978432,0.0842503028438848,0.24684976812522608
9.09508991241455,2.8246481803290666,0.07078990291693335,0.23630060937679143
9.096535921096802,2.805312949200457,0.0566666858720731,0.22120451375671046
9.098204851150513,2.7784147192307693,0.041055078556213015,0.20697112054437872
9.099867582321167,2.7582263826247435,0.021917822021872865,0.1878670188380041
9.106443643569946,2.6658749136332744,-0.07178499677846426,-0.03763809290511915
9.108201265335083,2.6488889688358825,-0.08615571216883489,-0.05708592992437456
9.109900712966919,2.630915474069877,-0.09590125568299432,-0.05949858907942438
9.111563205718994,2.61504715014008,-0.10685507253346194,-0.058103987856952075
9.113200902938843,2.5947380320272737,-0.12072930946408682,-0.09434515726888476
9.119000911712646,2.5242304896669454,-0.1672952633752787,-0.18117180224024526
9.119899988174438,2.5144225022831663,-0.17142944861649945,-0.1769785364225195
9.121534585952759,2.4927487930114154,-0.1787198141757991,-0.1770863045913242
9.124090194702148,2.4529107201190614,-0.19749973423239842,-0.1770433487567258
9.12509298324585,2.4429435738889524,-0.2011506969178592,-0.1757446956980538
9.126607656478882,2.419841330240353,-0.2118834820092553,-0.19662274568830984
9.129395008087158,2.3792169671431758,-0.22443276162506964,-0.22971551128245124
9.130259990692139,2.3678316346412256,-0.2283032095465181,-0.22923326367743732
9.133661985397339,2.3216909473276397,-0.24140828964949182,-0.24044377848066065
9.13480019569397,2.30845744156677,-0.2475667772799266,-0.2362537221110954
9.136553287506104,2.286968466713129,-0.2586975202816657,-0.2343661694661654
9.138155221939087,2.262824794161647,-0.26316355729116464,-0.23905731127811244
9.144051790237427,2.190994604143474,-0.2805809385542555,-0.23903702904123136
9.145207643508911,2.1793364249341134,-0.28655032235032735,-0.2371406560800947
9.146451234817505,2.1658633469832433,-0.2937257473408123,-0.23360291522834423
9.148309230804443,2.143061204913688,-0.30437579670339615,-0.23074748525641406
9.149792194366455,2.1272701744371108,-0.31134581428518054,-0.22876080040348692
9.156458377838135,2.0545325726067354,-0.32275424826541094,-0.1939277097762557
9.158201217651367,2.0360087822116033,-0.3264040819248879,-0.18926878510201794
9.159878730773926,2.0136675233189556,-0.3332374655428404,-0.19000606926115024
9.161571979522705,1.9943898697888565,-0.3415702711202346,-0.1866300026920821
9.163188457489014,1.979578302916214,-0.3419551753154132,-0.17013618878352874
9.168981313705444,1.92554349551687,-0.33998747001579327,-0.10803516048312993
9.16996455192566,1.9149489164248386,-0.34384472211687006,-0.11175255717516153
9.17159366607666,1.9007850906065196,-0.3495181970271167,-0.11159024184162701
9.174000024795532,1.8841144349719703,-0.35511854075010457,-0.11217943457676753
9.175029993057251,1.8752709654419188,-0.35830581578566445,-0.11028139067772974
9.176580429077148,1.8674888935391756,-0.3590019074359263,-0.08820813532268955
9.18149471282959,1.851963863014151,-0.3613001594021227,-0.014071703783313676
9.183104038238525,1.8511140420216488,-0.368293010184846,-0.0028259917243963367
9.184778928756714,1.8528830671809662,-0.3746655221033886,0.00034741402566690685
9.186496496200562,1.8518746199178042,-0.38322190837237635,0.004736302789373257
9.188197374343872,1.8578206128072254,-0.38418167043924034,0.03999752969927174
9.190543174743652,1.866056648899564,-0.38732203424954287,0.06343299803277536
9.191498517990112,1.8705478651733014,-0.38390566402039666,0.08998451184540723
9.193941593170166,1.8723345281016193,-0.3822322456416806,0.1538988753583194
9.19495415687561,1.874169049511446,-0.38533250525153545,0.15439157774846454
9.196664333343506,1.8798262858080967,-0.38767760741278406,0.15865763086349433
9.198134183883667,1.8829978515953456,-0.3934375614466909,0.16003420015418182
9.199964046478271,1.887753658558898,-0.39841794768540906,0.16437112037053697
9.20602536201477,1.9037079281570262,-0.38446520659360595,0.3018028220614126
9.206839799880981,1.9045312623821562,-0.37956411164163567,0.3306009424884758
9.208404302597046,1.9138263156698947,-0.378934174713337,0.34300139149059217
9.209870338439941,1.9213973907227881,-0.3806208181606519,0.34748378341720026
9.211597204208374,1.9318087469690932,-0.3793062449233924,0.3563272041038524
9.21330738067627,1.9357546433298969,-0.373285985591638,0.4041123320778923
9.218960523605347,1.9412484516168635,-0.3513242013600659,0.5395980075531447
9.219873666763306,1.94499874901181,-0.35158558860395495,0.5428181891886844
9.221522808074951,1.9557380457271405,-0.34813074076115713,0.5535705542411687
9.22399377822876,1.9783513811297795,-0.3405988460890315,0.5680813305657271
9.225104808807373,1.9858812180039074,-0.3382563793209601,0.5730124318858498
9.226547718048096,1.9879846159970738,-0.3268617493087052,0.6260754036759327
9.231482982635498,1.9935312268813732,-0.29481625677737544,0.7719908563803592
9.233136892318726,2.0039616286521738,-0.2865998145652174,0.7991969987391305
9.234819173812866,2.0263939513933926,-0.2789651022648529,0.8096078452755413
9.236508846282959,2.0501307797501847,-0.27062451029120477,0.8236407351478197
9.23819637298584,2.0586030201556254,-0.2576657740716733,0.882521242515277
9.244016885757446,2.112381671746936,-0.19999468151657382,1.1051032546026462
9.245102405548096,2.1364077113376045,-0.19159986962841227,1.1322615146902508
9.24658489227295,2.1668144723272214,-0.17619496540620594,1.1686015770409026
9.248228788375854,2.2084611684170405,-0.16129928970852017,1.2173685857242154
9.24996018409729,2.253393381923892,-0.1428912316671313,1.2689380324923334
9.25213360786438,2.276452510750847,-0.10960461594975689,1.4111284654891705
9.256489276885986,2.3238559664523217,-0.046702844522923684,1.6876897898117766
9.25822377204895,2.3493995099204987,-0.021355167342071338,1.7904070002333476
9.259903907775879,2.3775889545290503,0.0011068269057262561,1.875415902025419
9.261489629745483,2.400901657233732,0.021587492765976074,1.951796989738255
9.263151168823242,2.3867745858104117,0.05125765979592714,2.0734923137887566
9.267454385757446,2.3182849814387305,0.1381821184072877,2.3843609959706145
9.269917964935303,2.2612653629198944,0.19292304395515758,2.5617439770637236
9.27144980430603,2.2445273806117263,0.2301427008373948,2.6577411631747156
9.273996353149414,2.204163953482518,0.29282325440395596,2.8050773070874775
9.27499270439148,2.183625311173283,0.31573286653767935,2.855470545523332
9.276514768600464,2.1080375425881765,0.3588167022838783,2.951258292095673
9.28148078918457,1.8565444233212194,0.4875795897796014,3.1882472739941385
9.283215999603271,1.7880253788625469,0.5258633403428017,3.2344931245832065
9.284945249557495,1.7332154035546257,0.5612128036768653,3.2745174573688844
9.286518812179565,1.6765700337346938,0.5877917047672883,3.310679319669652
9.288129329681396,1.575876439533619,0.623231739364454,3.3621047353751603
9.293972492218018,1.2044864295665314,0.7211210775815027,3.501321511249895
9.29505443572998,1.163179493783126,0.7323644960992025,3.515465172107598
9.296528100967407,1.1530653536003441,0.7404279243013189,3.5314034175252296
9.298139095306396,1.0887831533068815,0.7644517692679356,3.5850148917307467
9.299822092056274,1.0380414179478958,0.7941733436567421,3.660531119235328
9.306461334228516,0.5142404496343218,0.9286262768978273,4.05534344781562
9.308241367340088,0.4017740850802292,0.9623355328740688,4.152298598543553
9.309874057769775,0.3249002410643065,0.9889873952702254,4.238206581013553
9.311572790145874,0.24073879908684054,1.012615334653527,4.344491337658861
9.313178539276123,0.030375036372983,1.0586638170816793,4.465760115554334
9.319004774093628,-0.753837665627615,1.2456921497280335,4.893175746294282
9.319982767105103,-0.8207736502359833,1.2668746494577405,4.957467718435983
9.321444034576416,-0.9143562202373607,1.2957053766628106,5.043086969479862
9.323151588439941,-1.0303957116181015,1.324398075360559,5.144686045167476
9.325056791305542,-1.1481901524459537,1.3531017867925363,5.250764786049185
9.330594062805176,-1.998746234319977,1.481078010236418,5.33378906815286
9.331754446029663,-2.2431566386246966,1.5115337030774276,5.313704441530159
9.333195686340332,-2.3741840068497138,1.533183254019098,5.36247558732305
9.334874153137207,-2.4735528322942084,1.5569269439048685,5.435782936777421
9.336611986160278,-2.554929496315882,1.5803431333981521,5.525101549694677
9.338282823562622,-2.870457509997142,1.6305441072179194,5.480050915206345
9.344038009643555,-3.7918724011396354,1.773455015275233,5.3474912761266875
9.345075607299805,-3.8613554146637896,1.791193812109982,5.393348105034943
9.34649920463562,-3.9378195255000716,1.816827659329746,5.460486800454872
9.348193407058716,-4.045114807398769,1.8490754906268423,5.547819273732723
9.349756479263306,-4.1432843038694855,1.8842477868363972,5.636336470882495
9.356476783752441,-5.2692942115452395,2.0940436916439977,5.482914323499704
9.358190774917603,-5.461990644747245,2.1350809613373407,5.500112907476456
9.359808921813965,-5.575544900035263,2.158069377413994,5.557048663932667
9.361589908599854,-5.6580800666143,2.167879606903611,5.633249958916559
9.363335132598877,-5.921336653317563,2.193527063258093,5.498050241860114
9.368940114974976,-6.628619194491847,2.2710422905594423,5.1157994512623
9.369853496551514,-6.67671236553115,2.265157902324181,5.1323579147927525
9.371442794799805,-6.7536791815289625,2.2646803046470154,5.161304194524405
9.374001502990723,-6.876599224185252,2.270794683714525,5.215513784109563
9.37499189376831,-6.9276333811088655,2.2734084541678286,5.243176638949261
9.376703977584839,-7.141242076104291,2.2893041426039273,5.110023059748072
9.381392478942871,-7.6553172497982995,2.3213888754156677,4.88194343653429
9.382378816604614,-7.7502173166883175,2.3243901078415874,4.8511127600580455
9.383278369903564,-7.798620331406025,2.324019360830125,4.887346919416606
9.384894132614136,-7.886619647734571,2.321180808577213,4.945207319086289
9.391878843307495,-8.412889058498916,2.302448607518722,4.825009690371115
9.393912076950073,-8.580804759103033,2.2919785913848734,4.73308739331693
9.394905805587769,-8.625180299040961,2.2847260814270935,4.755008789744723
9.396618843078613,-8.702712423312775,2.267705961201175,4.7983443573171805
9.3981192111969,-8.76262080847976,2.2565202223431555,4.839184701524961
9.39995527267456,-8.838686138233276,2.2419764730064324,4.889359819725843
9.406389951705933,-9.29171472946384,2.2068281647116033,4.751246595810767
9.408466100692749,-9.398132817992979,2.203374793208626,4.778316893418254
9.410001754760742,-9.457343546179402,2.188339824292359,4.814994474842193
9.411504030227661,-9.510101386330623,2.1793006925546354,4.856832113384297
9.413221597671509,-9.603361183748031,2.167878750303937,4.832487517656693
9.41895055770874,-9.805200214397738,2.115973466544257,4.798914955318104
9.41985011100769,-9.818571402704382,2.112914282262389,4.810212020364938
9.421564817428589,-9.84454145127265,2.102237123554858,4.830783601651733
9.423317193984985,-9.85921881276396,2.0848740702588833,4.843095492115482
9.424868106842041,-9.865445455962899,2.072426557390145,4.855828114023188
9.426734447479248,-9.871655403371786,2.0513328007173044,4.851958180489435
9.431502103805542,-9.79276670760951,1.9894681631623037,4.847017219642233
9.43319320678711,-9.73722477713672,1.9659613533629205,4.829333732738726
9.43489670753479,-9.672796501827788,1.949801432833888,4.805420561405436
9.436555624008179,-9.59692172823227,1.9355083686294325,4.7766477691312055
9.43819808959961,-9.468632139112911,1.9008899216006592,4.8452964198054165
9.44407844543457,-9.037171428123342,1.7996889219755552,5.000229712763235
9.445148944854736,-8.987549176146809,1.7885928512687526,4.979058119060204
9.446609497070312,-8.92196835976896,1.7734867770821476,4.952434844943817
9.448219776153564,-8.854692916308341,1.7587469483104878,4.924096021377021
9.449937105178833,-8.786900301278644,1.7463543017247891,4.8983246358130454
9.452906847000122,-8.51212690184375,1.6869910063084677,5.12291258325504
9.453769207000732,-8.429983178728001,1.6724298044042065,5.187023829268565
9.45646333694458,-8.22095228552008,1.6401449396716035,5.302718808530049
9.458179235458374,-8.107091362697544,1.6261374792046532,5.3420465415773375
9.459821224212646,-8.034668894818976,1.6192829299491185,5.329551495938942
9.46151876449585,-7.9570093104543895,1.6158368623224193,5.3202747895724904
9.463139295578003,-7.782214398842942,1.593843916584493,5.472119772039761
9.468060493469238,-7.238123165817808,1.5360111985658242,5.908048068272553
9.468878507614136,-7.140172139204923,1.5249898485148827,5.982266285226674
9.469972848892212,-7.093051040249571,1.5202066146382371,5.9758880992593015
9.471614122390747,-7.021893961906145,1.5102216084715083,5.967171191499441
9.474880695343018,-6.874996587472684,1.4812936495249407,5.951127684346793
9.481514692306519,-5.966948469020969,1.3637512290882141,6.500546614660882
9.483213186264038,-5.814469654076935,1.3326879955598052,6.531338037458063
9.48497200012207,-5.7299077432037215,1.3063006182200028,6.498296364514298
9.486530542373657,-5.647143640362438,1.2814565216955218,6.461623415713643
9.488113641738892,-5.392536748828571,1.2447788100964285,6.56903967865
9.494071960449219,-4.5055057699576695,1.1212717101876222,6.811509889441743
9.495150804519653,-4.451018426233865,1.1053092543165688,6.7716874088466055
9.496605396270752,-4.366302819047545,1.0887921721527107,6.717215253991626
9.498283624649048,-4.2628851473703095,1.0667178624156903,6.649510059137921
9.499977588653564,-4.153734643116907,1.0444546910268686,6.580580356654852
9.50649642944336,-3.090554871296169,0.915115742654088,6.644877619791024
9.508184909820557,-2.9151948282924476,0.8877621395854712,6.5859977971767085
9.509798049926758,-2.8166686559896235,0.868278008794964,6.497090027851687
9.511574029922485,-2.7068844043621705,0.8435912281659382,6.389166709217784
9.513183355331421,-2.4338106122791063,0.8111451790156093,6.357669264611914
9.515066146850586,-2.2582177498926144,0.784677368250074,6.262742749200591
9.518991231918335,-1.6033221482471065,0.7172967709171664,6.126629826171106
9.51988673210144,-1.5552062488684981,0.7077781712596569,6.061867992655557
9.52148723602295,-1.4682200653535529,0.6916829427404679,5.943403909982669
9.524008512496948,-1.32591542337486,0.6710181659130313,5.75865801727321
9.525033235549927,-1.265334543072567,0.664174532386745,5.683363618453859
9.526538610458374,-1.0455901593307768,0.6427534337432182,5.600509658793779
9.530055522918701,-0.6556558559688548,0.6165331727476258,5.368817655735056
9.531493902206421,-0.455599951973236,0.599597186634464,5.275238838544296
9.533122777938843,-0.33575663443455267,0.5907013118933451,5.153937411454385
9.53481411933899,-0.2616296847195885,0.5888622177155568,5.030659658496316
9.536511898040771,-0.18326603390363397,0.5842753892682065,4.902743394380021
9.53810429573059,-0.012979102828473393,0.5732839198845054,4.78639924095283
9.5440833568573,0.5122074081688963,0.5337988551421405,4.360782544788741
9.545125961303711,0.5462209440380434,0.5337786958315217,4.287651312447464
9.546638488769531,0.5941703350684931,0.5342142787191781,4.184328011338185
9.548315525054932,0.657045647906643,0.5424438669789909,4.077779957360852
9.549774169921875,0.7061412997503467,0.5468116877489597,3.987094673098474
9.556458711624146,1.155394217261908,0.5684679027292763,3.4929583112307694
9.558219194412231,1.225280337973004,0.5873208990861574,3.386629540078116
9.559859991073608,1.2665356224963564,0.6040487028724776,3.298526932331278
9.561509132385254,1.3017774689716841,0.6180284225291961,3.2176043156869127
9.563157796859741,1.4047736860185556,0.6221508370216957,3.1204184615475308
9.568990707397461,1.6631625980393965,0.656614375057558,2.831977977343951
9.569910049438477,1.6759386944752723,0.6614519026730931,2.804287836638726
9.571512699127197,1.7073685855474827,0.6672995906066344,2.7525703722213417
9.5740327835083,1.7461154434333286,0.6751894127449768,2.666977854227062
9.575066804885864,1.7659534841160602,0.6740944844744976,2.6318484644045244
9.576624393463135,1.828227687522112,0.6654860382032244,2.5505444894275993
9.581533908843994,1.9917618893222107,0.6357948842869323,2.3116320640798174
9.583178758621216,2.021632106929872,0.6259613160108992,2.2465758089056362
9.584855556488037,2.039050413523876,0.6142989310538955,2.1834515866506563
9.586549758911133,2.0581421071806414,0.6051725488012368,2.1238016135150293
9.588128328323364,2.1025416362191502,0.5892496797993306,2.0436331360560245
9.592068910598755,2.184794274893617,0.5465473272377109,1.865177847526779
9.593988180160522,2.2288314097184534,0.5154589150829145,1.7580007494177834
9.59497332572937,2.2319748448680907,0.5078582049020101,1.7264431260113065
9.596434831619263,2.2429039032434375,0.49893339701085204,1.6848345371076403
9.598142385482788,2.24832130176124,0.48681852488941635,1.6351964147715723
9.599967002868652,2.247638840158506,0.4725338770177915,1.5815942425428613
9.606441259384155,2.3373902707151704,0.3806871387368421,1.2491848482786376
9.608180046081543,2.339430975647566,0.35746772648987507,1.18322930647379
9.609813690185547,2.3254461527330257,0.3474815489302814,1.1482408621877362
9.611559391021729,2.311726068524047,0.3336056694397361,1.1101927493329913
9.613181114196777,2.32025862734387,0.30473507330115335,1.0214198762029048
9.618954181671143,2.309965194927912,0.20975505169014472,0.732439408158787
9.619844436645508,2.29841898806561,0.20352714165485872,0.7161421791021365
9.62168550491333,2.2753223305022363,0.19495067194633273,0.6903775697625224
9.624197244644165,2.2341736784106154,0.17792636635781597,0.6552134468410477
9.625286340713501,2.219905073990438,0.17223294561502217,0.6406745467202052
9.631590604782104,2.186603792443234,0.07099367300286696,0.3480594526701548
9.633122205734253,2.1698070630583137,0.05036827076175088,0.31302438081345474
9.634948015213013,2.152379522736287,0.0310724844949423,0.3026178503603077
9.636552095413208,2.139297356667973,0.015817158299552075,0.2949245908253079
9.638163805007935,2.134827334617621,-0.008605937826431717,0.23910976913744492
9.644132852554321,2.1065467841383736,-0.08965087779457917,0.07992102911412269
9.645307779312134,2.0957836674310566,-0.09623473223504456,0.07999809016419177
9.6465425491333,2.08852685350997,-0.10727645178857304,0.0750670075977938
9.648178100585938,2.077957008111191,-0.11949224846221516,0.07667683421214307
9.64978837966919,2.062641151392762,-0.13077102525922288,0.07461738006045729
9.653749942779541,2.0302218666988137,-0.18056579969923237,-0.04650867706615492
9.656483173370361,2.004411724241674,-0.2059303855550811,-0.08668165835781383
9.658368825912476,1.9847598927222059,-0.22387204240917133,-0.10689948019787673
9.659789800643921,1.9681843524267124,-0.23153372083626483,-0.10600442707650508
9.661547899246216,1.948791528508852,-0.24222078787635637,-0.10848332440748144
9.663156032562256,1.9279193178160046,-0.25373633214254987,-0.1404033338846981
9.668554067611694,1.8631914752205356,-0.29223132597622803,-0.22095569793226405
9.669904470443726,1.8491784277882846,-0.29605175550850765,-0.21783645984114366
9.671488046646118,1.832690688302805,-0.301545648125644,-0.21266581620706926
9.673178911209106,1.814964967086369,-0.3092020490524383,-0.2108569901808167
9.675007581710815,1.7967398681129765,-0.3147507087633751,-0.20798139354154807
9.68160605430603,1.7220357629792626,-0.3482817913329493,-0.26949615188018433
9.683150291442871,1.7099652445259388,-0.35694439485525936,-0.26785089771166526
9.684865236282349,1.6961517266900537,-0.36443037692323565,-0.26366346133718527
9.686602354049683,1.6840897631650298,-0.3717891266717262,-0.26101438240595237
9.688204050064087,1.6730154890158662,-0.3768245871200686,-0.26773642199957115
9.694048404693604,1.6357763263179488,-0.39811338743076924,-0.27870607233333333
9.695176839828491,1.6272559075767807,-0.4027324839427351,-0.2776779157314815
9.696662902832031,1.617895586885854,-0.40363859899396204,-0.2711464277722829
9.69826602935791,1.6112512682821611,-0.4074456578499142,-0.2628648258121784
9.70000958442688,1.6032215642587022,-0.4121704123859046,-0.2592532775682567
9.706541299819946,1.5775809528137972,-0.4327975920479392,-0.24443399249868458
9.708252191543579,1.5753565214045813,-0.43657405153915535,-0.23895161902662848
9.70996880531311,1.5737703989312988,-0.44416129376550745,-0.23492995300070973
9.711600065231323,1.5764868905077414,-0.45169588664476923,-0.23183132648589205
9.713226556777954,1.5811541521148242,-0.4506537654884319,-0.21873292839160238
9.714969396591187,1.5823830165951962,-0.45467970188195667,-0.21456936240509666
9.719002485275269,1.5914869074903872,-0.4513360388356088,-0.1826403366681527
9.719871997833252,1.5955623375197827,-0.45188417663541375,-0.1793821176394539
9.721448421478271,1.6003786494903225,-0.4522079283019355,-0.17710534968129032
9.724093198776245,1.6040099329520547,-0.45399651897945204,-0.17231649016438358
9.725079774856567,1.6058495006917808,-0.4556318439699469,-0.1726413480363433
9.726653099060059,1.6157747297855733,-0.44992446541335585,-0.15304540616934348
9.730489730834961,1.640862299967424,-0.4447960970567224,-0.11062156960380054
9.731646299362183,1.6519116802923275,-0.44137371690327193,-0.0878233029325618
9.733144760131836,1.659583267361849,-0.43958089605605283,-0.08021826345253118
9.734863519668579,1.6643904092534467,-0.4422596993896393,-0.0774458391870213
9.736515283584595,1.673245349395585,-0.4408659100307579,-0.07533582774834437
9.73811960220337,1.6842862891363635,-0.43248313584534015,-0.05003629534248142
9.744019508361816,1.718160012641791,-0.40677474584558515,0.050689696562561025
9.745079278945923,1.7245053496567164,-0.40464467568029017,0.052045792340912264
9.746623277664185,1.7309273838044372,-0.4048335083808405,0.06058452213120776
9.74825119972229,1.7440128982771739,-0.40482547017663045,0.06717911484239131
9.749966144561768,1.7563775631684517,-0.4083315042005842,0.07607429564751704
9.756498336791992,1.7948258373387422,-0.405441340831643,0.22689755156389452
9.758260488510132,1.7996801989741888,-0.4070159870734513,0.245013316849705
9.7598295211792,1.8113082898105881,-0.4078738544545328,0.257245796242911
9.76156759262085,1.8195605198010565,-0.41111834747769954,0.264686234095804
9.763240337371826,1.8221028040755043,-0.4060556828118118,0.3079438022562563
9.768946409225464,1.8243684521230812,-0.3944508567102986,0.43532030420792633
9.769836902618408,1.8262345292162991,-0.3950120547936087,0.4383353357883059
9.771467924118042,1.8316311554343347,-0.3957828388125894,0.4467156070638054
9.774189949035645,1.846957794616,-0.3976183023528571,0.45958318784485713
9.775206565856934,1.851272160984,-0.39777830286142857,0.46506761956942855
9.776531219482422,1.8498478535416667,-0.39435778688356166,0.5108259347305936
9.781501531600952,1.8557565135943166,-0.38745681555176353,0.6346121504568042
9.78309965133667,1.8640107019735799,-0.38584588562219285,0.6567800534363717
9.784799098968506,1.8802240813417086,-0.38658119849134565,0.6665292503271915
9.78654956817627,1.8982495973785767,-0.3822828290083639,0.6805768684727806
9.788175344467163,1.904618277792793,-0.3755030052402402,0.7277900390720721
9.791714429855347,1.9214383324217257,-0.3644040220990725,0.8047503610005621
9.793947696685791,1.9257211394807263,-0.3488160797284916,0.8811724297248603
9.794983625411987,1.9347752419849162,-0.3482405687005587,0.8844196921759776
9.796454429626465,1.9462906677704148,-0.34326747033205074,0.8903698203301981
9.798090696334839,1.9558993050801414,-0.33883632357483795,0.8933260540216559
9.799960136413574,1.9667482138036012,-0.33204947865263157,0.8956514935855956
9.806434392929077,1.9531810487083763,-0.2943227756717209,1.0265895354145445
9.808165788650513,1.9600596506384196,-0.2847407811858002,1.0559404925516749
9.810029983520508,1.977654395777499,-0.27238065130489336,1.082943466809703
9.811468839645386,1.9908001339882475,-0.26813274543190835,1.101856051875863
9.813184022903442,1.983720828993133,-0.25770911982317596,1.1611119449081546
9.818972110748291,1.9449558398552484,-0.23965280903001115,1.3607248002164993
9.819858074188232,1.9462132115297321,-0.23832278239740368,1.3843193570389447
9.821449995040894,1.9445916242886405,-0.23555273152943704,1.4259546634043834
9.824233770370483,1.9235189765938947,-0.23392608430089942,1.5046592407473427
9.825393915176392,1.9075026173334837,-0.23484787771162233,1.5400522548759585
9.826726913452148,1.8592372048313035,-0.23088612755976545,1.6164395861745602
9.83167552947998,1.6742339836952311,-0.2168713453662509,1.8475662758663243
9.833205223083496,1.6207011884540772,-0.2090690694386266,1.9084912809171675
9.83481478691101,1.571835385556546,-0.1973303606328691,1.967020323276323
9.836601495742798,1.5170013097598234,-0.1796653026392936,2.039584121291832
9.838209629058838,1.4449606278939935,-0.15582655446497362,2.125671650354972
9.844160079956055,1.2082352971988826,-0.07101008307039106,2.3755719307620113
9.84522271156311,1.1866998550413408,-0.055672871295530724,2.4065105940305864
9.846431970596313,1.159983625626009,-0.036338598775429325,2.4416131383483046
9.8483247756958,1.0312845570480824,0.007359106974670862,2.484358421182026
9.849799633026123,1.0629777411307513,0.005149169312731768,2.5129990153103967
9.854089498519897,0.8421842998266331,0.10108990522906197,2.648948390033501
9.854926586151123,0.8382257825912898,0.10432956677833613,2.6671608311546624
9.856476783752441,0.7393369857126829,0.09958561670245704,2.698834933004971
9.858336448669434,0.6603647767586505,0.11971237435735821,2.736290459474085
9.85996961593628,0.6168752721125467,0.1575485122440425,2.7873035861854722
9.861546516418457,0.561635625673154,0.18092442437578707,2.8620537677003433
9.86319637298584,0.46594765080832967,0.1984796813654495,2.944177355818008
9.868990182876587,0.0544874424008374,0.24854476824591767,3.214340124242847
9.869865655899048,0.014849135647452903,0.25632660286866715,3.2483050377613396
9.871487617492676,-0.07074809133744855,0.2670508483856555,3.310302007745444
9.87415361404419,-0.21341141662002258,0.2734611617543067,3.4165051847295964
9.875161409378052,-0.2572387617187235,0.27708855088167184,3.4639032215278167
9.881596803665161,-0.9242194237823728,0.31461137738656697,3.7401820689146503
9.883214473724365,-1.0582271799168335,0.32370420429208346,3.8190563964479853
9.884859800338745,-1.170164334467641,0.3297099274217119,3.8964801244634657
9.886595249176025,-1.2655533800850332,0.34641651231370296,3.9782215403688594
9.888219118118286,-1.4675679474532668,0.37050507064840316,4.0328508653138
9.89410138130188,-2.116764875018446,0.47357206054122414,4.210179644603549
9.895227193832397,-2.1781911083588597,0.4919485648701789,4.274802848128145
9.896462440490723,-2.259105029327288,0.5212052094530916,4.346450634060117
9.898318529129028,-2.361332846956036,0.55921932535186,4.469387948898397
9.899828433990479,-2.437486111234924,0.5947051425693055,4.549233194334096
9.906483173370361,-3.20316284141329,0.7852719744100486,4.571143305037277
9.908228397369385,-3.329285189494981,0.8286184163657873,4.5973617429186975
9.909990310668945,-3.405955003038365,0.8658674775069503,4.630732632554907
9.911580801010132,-3.465677994608144,0.9023371997288285,4.66740875587666
9.913200855255127,-3.6445107830631427,0.9393966385975715,4.609724144646429
9.916088819503784,-3.8845752047721107,1.0062161537325014,4.565453848954965
9.916897296905518,-3.9793070469214595,1.0197082780560227,4.522577523793407
9.918990850448608,-4.198643685425939,1.0732085175184978,4.432103748945833
9.919875621795654,-4.250896145048862,1.0961577829218203,4.4480666742478014
9.92418122291565,-4.413691755974024,1.1534255162084937,4.5858666622805115
9.92526912689209,-4.4552306947221,1.1651481962146784,4.62199907692166
9.92660927772522,-4.623452146117725,1.1793032401757702,4.5494575067989285
9.931535243988037,-5.056253436413557,1.221917772923781,4.398652112840126
9.933186054229736,-5.14288529101031,1.2301968824277625,4.386395197116451
9.934783220291138,-5.187953683916133,1.2341399125163,4.399938332414043
9.936515092849731,-5.214224132272943,1.236048223373002,4.418514411892244
9.938126802444458,-5.3201730583401865,1.241305451581808,4.328963598272599
9.944080114364624,-5.724533539562072,1.2606156419696795,4.082091479253719
9.945161581039429,-5.762171961645595,1.2670500942053775,4.10507735369651
9.946648836135864,-5.805856721836916,1.2725640287738609,4.141938935641158
9.948268413543701,-5.850803125594439,1.27991154591181,4.177643348187333
9.9499831199646,-5.892549912034951,1.286871126836893,4.217523661902913
9.956415891647339,-6.27309146024366,1.2961520763785368,3.9672525002354493
9.958173274993896,-6.321136364750143,1.2855649224965595,3.9473029802210435
9.960010528564453,-6.353301705928303,1.2868104161834286,3.9744788163328217
9.96155595779419,-6.38046161139524,1.2905689064575374,3.9983828576027034
9.96318244934082,-6.474019052856939,1.2955921120669527,3.93317215555794
9.9690101146698,-6.763002878143817,1.3013186298733543,3.7328632425538064
9.969892978668213,-6.777958814516886,1.3021745013806527,3.737892773945621
9.971495389938354,-6.80979497130203,1.3048464452051174,3.7484703111150655
9.97413420677185,-6.847708373595085,1.3060153766919855,3.760622395674672
9.97522258758545,-6.85993617290673,1.3049892007683608,3.766373135621614
9.976469993591309,-6.903116006645559,1.3017470294736149,3.7032684699683376
9.979104995727539,-6.980782634017975,1.294777066403595,3.5957318948900436
9.9799063205719,-6.980590214054065,1.294841429010813,3.5951335944114593
9.981534004211426,-7.01140269749811,1.2964583119790636,3.528633484956092
9.983314990997314,-7.015781165469037,1.2942948896829127,3.491801003039564
9.986616134643555,-6.972202941060762,1.2896170677440526,3.4377944975224994
9.988258838653564,-6.962441999055763,1.2852609342713754,3.347276583107807
9.994046449661255,-6.828200380088752,1.2630761224074798,3.038839658545074
9.995169639587402,-6.782390122373849,1.2618849651881106,3.008225415036562
9.996699571609497,-6.717844459876652,1.2522020656886932,2.948457966154185
9.998319387435913,-6.647200945271808,1.2476083981188368,2.9022943717429417
9.999792337417603,-6.587154248543654,1.2444237235612894,2.8574980681442614
10.00647234916687,-6.33369572433827,1.2202550081797654,2.593580618991642
10.008242130279541,-6.262033882355542,1.2165696855117747,2.542916866334291
10.00986933708191,-6.196503165018431,1.2102644503882993,2.5065353557123706
10.011531114578247,-6.130300311552943,1.2043342712945704,2.4690343552674934
10.013254880905151,-6.066702892299295,1.1986368834143193,2.4261751965088028
10.018951177597046,-5.848592887494909,1.1712579386295159,2.3400107267316224
10.019827127456665,-5.8136341507266005,1.1655451100096248,2.331527286999442
10.021429538726807,-5.744645263010898,1.1502908962193863,2.320376137820763
10.02408218383789,-5.628720317545531,1.130780176314954,2.2980431794761906
10.025173664093018,-5.578057489165414,1.1219345649699248,2.2872465841428573
10.026493310928345,-5.5078444382969645,1.1144912466304442,2.290775476384074
10.031483173370361,-5.19942217060356,1.072223405017803,2.3282527553564916
10.033180952072144,-5.090551339205128,1.056095596119658,2.3337857719230772
10.034906148910522,-4.982766084549048,1.0357035920885698,2.324165324150839
10.0365149974823,-4.875609805025634,1.0148375711814968,2.309125418244844
10.038106441497803,-4.756736151056669,0.9945123624725244,2.3305089661631366
10.041562557220459,-4.494280745147176,0.931772324347975,2.3514017020929834
10.044077396392822,-4.271780263652002,0.8839440353915671,2.387800428078285
10.045098781585693,-4.199261022941953,0.8641956943391427,2.367186142808292
10.046570062637329,-4.094762744086444,0.8338374988836263,2.33372117868967
10.048179149627686,-3.976503326180295,0.801056140026636,2.2934698175560646
10.049791097640991,-3.8605467285542674,0.769270992044699,2.2485072064425196
10.056478023529053,-3.2260317945980166,0.6470057053531187,2.248667277167433
10.058191776275635,-3.081518911641221,0.6138235254198474,2.2140716627576333
10.059803009033203,-2.9671202405386627,0.5868326128684644,2.1677267668834617
10.061525583267212,-2.834517246931845,0.5548961817866072,2.1133169332827384
10.063129186630249,-2.6831730258384243,0.5276035128906652,2.1153786935503853
10.069000005722046,-2.1664162176764337,0.4313631814569555,2.100436027573462
10.069860935211182,-2.1125562557300124,0.4172677923446351,2.080109240005023
10.071430921554565,-2.0117513609770477,0.39481588984392485,2.0399304588212592
10.073217391967773,-1.9020731968633962,0.3665686930904818,1.9960082189823736
10.074844360351562,-1.8074067458018432,0.34559825131029187,1.9588332046497696
10.081528186798096,-1.3085010290795374,0.2737489758976153,1.9620854752880195
10.08325719833374,-1.2081189991828876,0.2579714753835637,1.9549085119328138
10.084993362426758,-1.1351685366837119,0.2437318014016999,1.9394327921574472
10.08656644821167,-1.0684512783507791,0.23065434655983533,1.9260364066768598
10.088217496871948,-0.9592823553500784,0.22578320699999999,1.9307166325777079
10.094115495681763,-0.6291818737955468,0.2209753738685058,1.9370285091529198
10.095197916030884,-0.590625119234561,0.22116838013373477,1.9323257144546984
10.096670866012573,-0.5440171010867974,0.21955313266920376,1.9254458782920083
10.09829044342041,-0.4976157043789549,0.22851695757079454,1.9134465446999285
10.09976601600647,-0.44991092159025786,0.23043473918194843,1.9129584786733524
10.103575229644775,-0.23282270659312654,0.24226681383937673,1.9158977653186253
10.106494903564453,-0.11311519144286761,0.2676468027869788,1.9094515398715435
10.108242511749268,-0.043585090060014355,0.27876028779325196,1.9104671805715723
10.109833717346191,-0.00929425870748678,0.2971179115647092,1.9113169479312553
10.111575603485107,0.035418369447662745,0.3226724245012905,1.916487669969888
10.11319613456726,0.119800320442113,0.3472141698181952,1.9213490489123992
10.118602752685547,0.3295193033404433,0.42660108552572146,1.9239310024851526
10.119913101196289,0.35882147290966127,0.4408253794378921,1.9263181873651192
10.121514797210693,0.3912667177548225,0.461946771396996,1.9336600415262848
10.124077320098877,0.44839769214734576,0.4875946273123386,1.9414612432342897
10.125166416168213,0.47104499005150646,0.5012964245794834,1.9485274745697274
10.12666392326355,0.5307751107052616,0.5121235671326109,1.948929004260944
10.131504774093628,0.6947262664925651,0.5323912051282528,1.9747597473420075
10.133121252059937,0.7308850909561572,0.5400804193979697,1.9817021514116522
10.134842872619629,0.759998239744928,0.5477821463777809,2.000542987547642
10.136523008346558,0.7918699295180405,0.550692101260487,2.020271487841009
10.138121128082275,0.8458383665888224,0.5465396305548902,2.028394265992016
10.144133806228638,1.0109031279675675,0.5306887616126126,2.065544960126126
10.145182132720947,1.0192870240740124,0.5274692008156618,2.076655405156618
10.146668434143066,1.0383471152471098,0.5236630357716763,2.098326687227601
10.148270606994629,1.0544144860176314,0.5211169840828681,2.1188008515640613
10.149970054626465,1.075365169413423,0.517879702138237,2.139837631037493
10.15650200843811,1.2074685016629898,0.47980682413933234,2.1519596428278667
10.158260822296143,1.2270625104135362,0.46667798090722684,2.1585345317867795
10.159831762313843,1.2344176826107158,0.454462801864797,2.1654020471318542
10.161559104919434,1.2464040783815693,0.43965357673354927,2.1665650838357133
10.163160800933838,1.277283442777889,0.42413967837451794,2.155766553111127
10.165977239608765,1.301679709071695,0.3998405299761973,2.1486784498614853
10.166802883148193,1.3166522770791511,0.3891665058097218,2.14130281948308
10.169003248214722,1.3475088712178827,0.3703001710125541,2.1155361561199606
10.16987657546997,1.3491861047060958,0.36378556460022315,2.1145072266243545
10.174124956130981,1.3503456222698058,0.32999523217549254,2.1048920421324575
10.17527461051941,1.3479700565922872,0.3226544193433003,2.102431609389688
10.176531553268433,1.3628989438183676,0.305349438152285,2.0904160442963935
10.181519508361816,1.398518845588365,0.24074487619479945,2.069552866489643
10.18315577507019,1.4003900480827616,0.2165225267680103,2.0693043493233274
10.184953212738037,1.3940870951676647,0.19376616058426005,2.065921737373824
10.186585187911987,1.3844021170397647,0.1749123427163365,2.071466563957795
10.188224792480469,1.391804526298213,0.1513295334583274,2.0632358965072193
10.19407057762146,1.399300336998428,0.06285784120523082,2.03006891046377
10.195127010345459,1.3891076646992997,0.049504714618693726,2.0242393217065886
10.196598291397095,1.3797362019543498,0.028517959698535746,2.0132861522589725
10.198272466659546,1.3616014760226232,0.009108280453894616,2.0038465727144903
10.206557989120483,1.3455665598015376,-0.1221820347687927,1.908245540218394
10.208406448364258,1.334722205979032,-0.14591590654746517,1.9046661760762602
10.209978580474854,1.3211498664333656,-0.16440650981334073,1.9077477583665234
10.211553573608398,1.3117622777179638,-0.183572671738976,1.9122715837469666
10.213213205337524,1.3142773423709955,-0.208154969110984,1.9077612169681064
10.218992471694946,1.3258475460255514,-0.29170499317816256,1.8972950688166712
10.2199068069458,1.3214202623499023,-0.2986987437785535,1.907051788057805
10.221644878387451,1.3116798949881452,-0.3130890731760879,1.9203045578347548
10.223125219345093,1.3049257968599048,-0.3254667404246141,1.9379049304451017
10.224858522415161,1.2995646920905033,-0.33891313550034863,1.956062752959141
10.22879695892334,1.335054251915138,-0.4059537343970032,1.9401036413873407
10.229830980300903,1.329070548708024,-0.4136417832520655,1.9497801230554543
10.231493949890137,1.3395637863641678,-0.43896659116922404,1.9501052777932193
10.233229398727417,1.3437168300861897,-0.45899651098250394,1.9543541067105978
10.234955787658691,1.33831549740992,-0.4739353129626568,1.9666914024850342
10.23653244972229,1.3359222583623978,-0.48736758079578374,1.9772797639939768
10.238183736801147,1.3504297402918395,-0.5098747912472488,1.978931543015578
10.243626594543457,1.3940332251587635,-0.5845653547707372,1.9793969838177368
10.245115756988525,1.397267839754651,-0.5929074928001119,1.9951657547636032
10.24647831916809,1.3952761479725426,-0.599157483899372,2.0046711442614282
10.248314380645752,1.394981369585237,-0.6076377367975443,2.0227550668840664
10.249971628189087,1.3946327845559294,-0.615373705242781,2.0359149451948415
10.256467580795288,1.4373639499218636,-0.68484904824584,2.0082680790609175
10.258590698242188,1.4426798230211701,-0.6974356984122444,1.9997482147711343
10.259846448898315,1.4398805211562022,-0.6977830658334957,2.001312094295559
10.261532545089722,1.425556078046156,-0.7007115927736293,1.9915217934021756
10.263142824172974,1.4245473341186077,-0.7115785931512677,1.9757553341611518
10.268959999084473,1.4240470706678796,-0.7703789427456963,1.9220181983911826
10.269826889038086,1.424313892510287,-0.7765639726317705,1.9217423305675299
10.271623611450195,1.422838253665544,-0.7903757327875238,1.9243597176425538
10.27419400215149,1.416078598225636,-0.8026831626397887,1.9310311236507716
10.275395393371582,1.4159879343162367,-0.807813073457503,1.9371891962066239
10.276669263839722,1.4269888839655627,-0.8239588670215416,1.9279437070590564
10.281467199325562,1.4400359685751392,-0.8663407529128014,1.9157979874489797
10.28323245048523,1.440607464207415,-0.8739940605661323,1.9036122763737475
10.28491759300232,1.437472794003962,-0.8764667936654439,1.8961074543253118
10.28656005859375,1.4441491711313146,-0.8770435518450544,1.8944961576770907
10.288161277770996,1.4438014265289016,-0.890859092966763,1.8772446036199422
10.294138431549072,1.4541141901372985,-0.9185224971057532,1.8360705036356308
10.295273303985596,1.4484404976859366,-0.9151016439929127,1.8351433474488605
10.296545505523682,1.4522442228520975,-0.9146170774663399,1.8306623322532796
10.298172950744629,1.4517281948869691,-0.9120983792468521,1.8294143197976573
10.299765586853027,1.455214619385518,-0.9054277313159702,1.8287889058737836
10.304582834243774,1.4592055782548476,-0.9210661672382272,1.8042566953635732
10.305333375930786,1.4589825522226798,-0.9184160075839094,1.8046656007309898
10.306623220443726,1.4621946265336079,-0.9293256493503457,1.788420462438594
10.308262825012207,1.4644804518465295,-0.928800935554821,1.7863325812342292
10.311583995819092,1.4698548408745769,-0.9182461450359194,1.771841884029442
10.313274145126343,1.4696227840395188,-0.9224879085343642,1.7559394652955327
10.318956851959229,1.4691771362812587,-0.9353369200664335,1.7120570792453147
10.319820165634155,1.4696201324598601,-0.9348259159370629,1.7035995465149651
10.32143259048462,1.470183896347882,-0.9284049431031237,1.6935457211788618
10.324041604995728,1.4638043899930413,-0.9105418839967254,1.6795253852262246
10.325126886367798,1.461261144923864,-0.906212751258289,1.6765597252398692
10.326680183410645,1.4618732442109692,-0.9122911671081894,1.660163130259354
10.331414461135864,1.446672221959446,-0.9023505688987576,1.6046325499146081
10.333124876022339,1.440455465198943,-0.8924513142686831,1.5915048160687124
10.334836721420288,1.4411898746403962,-0.8793737647518483,1.5774041182449436
10.336660385131836,1.4322814505331765,-0.8642789088007945,1.5549705620351626
10.338319540023804,1.4260862986096134,-0.8593508373722722,1.529585981976608
10.344123601913452,1.3863371475514932,-0.8293853465665644,1.4477549884764165
10.345228433609009,1.3841986787711416,-0.8190824837041586,1.4338508415492603
10.34645938873291,1.3708369442383124,-0.8046923596677448,1.413758357594825
10.348306894302368,1.358191401744955,-0.7865068581754687,1.3916304525806498
10.349797248840332,1.3536233694314173,-0.7770676201107001,1.377128979853728
10.352118492126465,1.3399391003524275,-0.7716955860143575,1.3366885203946122
10.356450080871582,1.3170348036587596,-0.7446822744604172,1.2790553198559589
10.358235120773315,1.3088960946699928,-0.7295855295313279,1.253283230575202
10.359798908233643,1.3064073361343285,-0.7107380230499372,1.230572309436602
10.361577987670898,1.3000926971622575,-0.6895551859259259,1.2136407270185186
10.363178491592407,1.295582501656152,-0.6807128782013988,1.190664265067799
10.366971969604492,1.282227051141631,-0.6414504126064378,1.1571578436434906
10.368993997573853,1.2736499013608247,-0.6268790361081081,1.1456675602928392
10.369893550872803,1.2742726019484536,-0.6146756245135134,1.1410172105894398
10.371487379074097,1.2690504767547504,-0.5948343408758285,1.1271845491369863
10.37401270866394,1.258433466048516,-0.5552639836523973,1.1029686820373859
10.375062942504883,1.251491956672089,-0.5406302606258562,1.0927184651502568
10.376535177230835,1.240564525528302,-0.5221301558021727,1.0751036502753002
10.38139271736145,1.1982586352962368,-0.4590908835131059,0.9955328025046127
10.383148908615112,1.1787256730919244,-0.42772654565263457,0.9584898895675831
10.384870767593384,1.1622535997546328,-0.39665941344210676,0.9282934063717431
10.386523008346558,1.1449732060571347,-0.3664608903577376,0.8964848890917313
10.38815712928772,1.1226772768121982,-0.340137354946029,0.8635719329938569
10.394088983535767,1.0319306200019573,-0.23977282522913462,0.761353824541591
10.395172595977783,1.015501381578219,-0.21882678512148748,0.7390873192871522
10.396631002426147,0.9894585147096775,-0.19086411549186413,0.709806387765344
10.398276329040527,0.9585714826251288,-0.1568996399392379,0.6779677208197734
10.39985179901123,0.9282749768823529,-0.12898486725124625,0.6519255602951146
10.406396389007568,0.7713213202554765,-0.020896857231863443,0.5332541852469417
10.408169507980347,0.7267395260421518,0.00817050568798821,0.5035694784032424
10.409985303878784,0.6825322984878048,0.03492275041463415,0.4837756427944251
10.411599159240723,0.6474798336951045,0.05678347396621815,0.47657768666361294
10.413450717926025,0.600214973120399,0.07685872653438922,0.47408803156797186
10.419062376022339,0.45951314920513897,0.13335424254824746,0.4915898555270214
10.420073986053467,0.4326847230117302,0.14395248568621702,0.4948409925073314
10.421531200408936,0.39639035625715124,0.1570968986793311,0.5001803665803138
10.423135995864868,0.3642162717138563,0.17278526933509877,0.5063686537807043
10.42484974861145,0.33146158849506224,0.19170592821039073,0.5155866547702876
10.4290452003479,0.25953813751265914,0.24298830393831305,0.5365892015080431
10.429900407791138,0.24895248606840117,0.25402779994292907,0.5423725694246747
10.43174695968628,0.23227533738338565,0.27681690195660863,0.5662448331818442
10.433201789855957,0.2199580692099853,0.3008175451688693,0.588595175071953
10.43492341041565,0.20747183547703477,0.3276017162688818,0.6227460139321513
10.436541557312012,0.20126518394981358,0.3546644153057069,0.6648961996022369
10.438191652297974,0.19404132446680314,0.38137268391810475,0.7200484271172858
10.444184303283691,0.1731406011830402,0.4798384444727585,0.9149849584893465
10.445184707641602,0.17397928755855857,0.495559897027027,0.9473006003963964
10.44670820236206,0.17163280713330475,0.5241560876832405,0.990543233067724
10.44814658164978,0.1572010268841796,0.5511149624099875,1.0212457011716325
10.449951171875,0.1442535284257963,0.5864093366806171,1.0544507616547636
10.45644211769104,0.05642936277931619,0.6995772071070924,1.1705843376021474
10.45815896987915,0.03779448252040521,0.7281085129740955,1.1971847090520984
10.460024356842041,0.011504399533952825,0.7645168132554682,1.2247956536468905
10.461613655090332,0.0036132255974770646,0.7918803648302752,1.2373799450028669
10.463231325149536,-0.014889175818662476,0.8179038676506145,1.267665958333524
10.468963384628296,-0.044909236551961065,0.8556423587082737,1.4424076723438306
10.469837188720703,-0.04203891620412253,0.8481685376239622,1.480916015682651
10.471447229385376,-0.028683533730613386,0.8321827579299986,1.5567355299681431
10.474138736724854,-0.0042419373983651225,0.7930338874188011,1.713338103739237
10.475414037704468,0.007873351642792792,0.7780435864693693,1.7801987257734233
10.47648000717163,0.01454195354024024,0.7575562171543543,1.8549553475192193
10.481460809707642,0.04685491542159383,0.6757381290029991,2.1840007591776636
10.483232021331787,0.05888736912357043,0.6492075398680615,2.305385295884519
10.484946966171265,0.07227104958400345,0.6190183607534463,2.441305344065049
10.486557245254517,0.08615842932926829,0.5846077508802009,2.589440249826399
10.48814606666565,0.1054774826841263,0.5364625997347592,2.7350749737813183
10.49413275718689,0.1752286680958904,0.3381640989041096,3.2910383546438355
10.495235681533813,0.1859693516245457,0.30315546657953596,3.383889621896002
10.49908971786499,0.21375839491956883,0.18473325742620234,3.716403502306799
10.499979734420776,0.2156721883564124,0.1605940935718629,3.7885428471937534
10.501478433609009,0.2252476429126493,0.10611058106231114,3.9102398451831917
10.505793333053589,0.2703302227575758,-0.04680106716416593,4.254832591485731
10.506662845611572,0.2825498830606061,-0.08046502738128862,4.3210193893324504
10.508260011672974,0.28722919139137904,-0.1327717676160676,4.429633809667479
10.509941577911377,0.28516369551380366,-0.17882856793920804,4.536005912107781
10.511496782302856,0.2849001555578251,-0.2247200411692873,4.635437884741367
10.513234376907349,0.30254882988498355,-0.285643505903129,4.738710298217031
10.519069194793701,0.38332007205843255,-0.5095459054552756,5.054079975348103
10.520179271697998,0.39162072980420937,-0.5425321284982,5.109038784952091
10.521517515182495,0.3974236626245117,-0.5828710325446389,5.175847344642888
10.52321481704712,0.4016046096174143,-0.6365784035193491,5.256942405751099
10.524909973144531,0.4112407129645753,-0.6868794346798976,5.334486448964575
10.531618595123291,0.5872500001261798,-0.9219131693047771,5.5715809161793235
10.533262729644775,0.6079769308629389,-0.9722594281075538,5.618831933071112
10.534908771514893,0.6221599775168266,-1.0159752372329944,5.665321091805241
10.536625385284424,0.6343339231946383,-1.0617709398285395,5.704583883681095
10.538248300552368,0.7001650716327725,-1.1175632763613752,5.7333306126188734
10.544206380844116,0.9308767182803738,-1.2974544959626169,5.792183917411215
10.545483589172363,0.9438986122646508,-1.3273784444522678,5.811411272905688
10.546532392501831,0.9599966764393089,-1.3549445888807776,5.822625204339094
10.548316478729248,0.9838528095290922,-1.3984349951349535,5.838331237829307
10.54996919631958,1.0031382826103339,-1.436554019514987,5.854455581369112
10.551749229431152,1.1021390850765278,-1.4834959972387207,5.847770841475158
10.556570053100586,1.3515861145454546,-1.5872234641967742,5.797936615427566
10.55827522277832,1.393352519857839,-1.6195181231155058,5.7774657421456
10.560047388076782,1.4139154703649575,-1.6496672146928881,5.7645390319557075
10.561574935913086,1.4260925122557935,-1.6752822196116164,5.740478508181725
10.563286304473877,1.545224711388556,-1.6990302883505992,5.695588682294663
10.567684888839722,1.8189729396322167,-1.7534545355160371,5.571713220341412
10.568553924560547,1.9046851187890235,-1.7580893647533855,5.534522122994298
10.569978952407837,1.9181795636445274,-1.7863221040437527,5.509851478006455
10.57417917251587,1.9455140929559571,-1.8631725911230943,5.446399055297431
10.575472831726074,1.9675963223646238,-1.883724617590598,5.421390370431568
10.576510190963745,2.073594214734008,-1.880320090193395,5.361233785546862
10.581530809402466,2.4269812152554904,-1.8687923636146788,5.12878157558104
10.583199977874756,2.471344572454237,-1.8745857053733235,5.072797789667649
10.584978818893433,2.4711900071035444,-1.889413554798772,5.028232714369383
10.586628437042236,2.4683003091540985,-1.907683009895082,4.9865478194360655
10.588176965713501,2.5931502857659763,-1.8837796996297929,4.903736882204495
10.594285249710083,2.9656398950883363,-1.8051048328516295,4.590596757040308
10.595548391342163,2.970167350314996,-1.8174707800195475,4.560985111221307
10.598260879516602,2.9685559918005295,-1.8418241225383936,4.501200390556929
10.600017309188843,2.9645302342388,-1.85791333472873,4.470800642824771
10.606557607650757,3.378544455946104,-1.781233079322642,4.11966446
10.608412027359009,3.41334578963223,-1.78747538600518,4.07348140524777
10.609835624694824,3.416337414686154,-1.8031193770338463,4.060125077083077
10.61149549484253,3.4190840581002715,-1.82095923517451,4.038281012240309
10.613188982009888,3.517201265659712,-1.8002920763464592,3.9425812173041432
10.615222692489624,3.542303034275445,-1.807129625447687,3.8881199774932385
10.619094610214233,3.7664159774182444,-1.7443127969982788,3.6385931582438324
10.620214462280273,3.757349643695353,-1.750708134377797,3.6190808043121057
10.621495246887207,3.7470909323225947,-1.762123751016323,3.5964472366743987
10.623191595077515,3.7314451951331806,-1.776966003731634,3.5688825905079478
10.624897956848145,3.7086435639971373,-1.7899512405164615,3.536500526232465
10.631290435791016,3.8693997201945955,-1.7222665811820588,3.2056130681111576
10.632254123687744,3.889084893315676,-1.7120866269500432,3.1578441884397073
10.633254766464233,3.867422162165375,-1.7202687862971575,3.140480605979328
10.635016441345215,3.8402599506291315,-1.735679011071684,3.1170585498298755
10.644217252731323,3.8690242098383303,-1.6963888265124085,2.7787530806594463
10.645440578460693,3.8403788017371436,-1.7077672749862485,2.7645254258113447
10.646477222442627,3.809787567984959,-1.7168034036858617,2.746975324534164
10.648274898529053,3.758591513947896,-1.7313103831351273,2.7207428156000573
10.649975299835205,3.706247846751121,-1.7433567803565022,2.6915806892309417
10.651521682739258,3.7068496096724735,-1.7289085020583623,2.6233952754654473
10.656569004058838,3.6601990087729335,-1.6972712610457936,2.443834220750695
10.658374786376953,3.6211564269000145,-1.700998685208697,2.4127290806678587
10.660081148147583,3.5773160858555246,-1.7105034985279721,2.3955398587107695
10.661596775054932,3.547876999479753,-1.719105176580399,2.38153805742723
10.663398027420044,3.551687527973416,-1.707188165493749,2.3295120339972697
10.665154457092285,3.527961648879054,-1.7216863648143321,2.311125643491432
10.669135332107544,3.521159856414048,-1.705857434103654,2.219466111011659
10.670142412185669,3.4957524105286506,-1.7122003505808332,2.2119059347909853
10.671599626541138,3.46303385303454,-1.7190093173083645,2.202349016347621
10.673236846923828,3.430818627684678,-1.7288864638823094,2.200169903646484
10.67501163482666,3.396894974701202,-1.73788838680996,2.189424930982828
10.677180051803589,3.3878862150217732,-1.7216666757864203,2.1476613111304967
10.678148984909058,3.392452080308695,-1.712421201531156,2.130296877106718
10.681485176086426,3.3819076563817974,-1.7013210722965084,2.093972505120492
10.683127641677856,3.3792506922703627,-1.698575833615033,2.086639620638468
10.684876918792725,3.3752739114067536,-1.704815226619308,2.0820301247777775
10.686605215072632,3.3676531593442,-1.7095591718798826,2.0775121193274595
10.68820309638977,3.3804348198476233,-1.6979360015414333,2.0598216170478243
10.69286036491394,3.3961247689102545,-1.6823023608289946,2.011064271137495
10.693843603134155,3.4003387265815106,-1.6789380875668845,1.9984387535140586
10.694970846176147,3.3959767517982105,-1.6835729992760577,1.9928283121280885
10.699161529541016,3.3675494456112145,-1.7034413177330854,1.9709840904681735
10.700120449066162,3.355598868554141,-1.7094539062700616,1.965478876281934
10.706479787826538,3.3690308460990694,-1.7038837784618468,1.9089769721822476
10.708542823791504,3.374720900776158,-1.7049366644569754,1.9026919017036878
10.71004843711853,3.3798521397626975,-1.7094771133609905,1.9021124629802715
10.711575508117676,3.3854849696333336,-1.7095248406219299,1.8991431255517544
10.713279008865356,3.4007667376282256,-1.6963070265029552,1.8906205935104512
10.719000101089478,3.3992042249453105,-1.665189264905639,1.8631747265144516
10.719862699508667,3.3885511515851516,-1.6654849895018418,1.8564929966303485
10.72146201133728,3.3718716400028668,-1.6616034074321342,1.8478260920619178
10.724207639694214,3.3337578902789464,-1.6602100252089596,1.8326276535918133
10.725422382354736,3.311971945339604,-1.659920893601254,1.8200764145127548
10.726710796356201,3.293989377917059,-1.6498410211834116,1.8071134514903804
10.731562852859497,3.2017674090083013,-1.6147984347578361,1.771176218795048
10.733139753341675,3.1685996482045584,-1.6123135890692308,1.7577206571282051
10.734987497329712,3.128488095405409,-1.6055903500889446,1.745427470060644
10.73652720451355,3.089072598024214,-1.5989145691466116,1.7357614694380628
10.73813509941101,3.046398359557252,-1.5799559427535648,1.72969178260579
10.744127988815308,2.8918701427928926,-1.536648705995167,1.7051622129363184
10.745184183120728,2.8686838962100922,-1.5330949303988628,1.6911800133144277
10.746702909469604,2.8326527474355854,-1.5176533126540224,1.6928784425271972
10.748311758041382,2.7934441309855176,-1.511173902634643,1.6837627416730714
10.753620147705078,2.7089840110394006,-1.4946055253134904,1.6703361003173447
10.756524562835693,2.6992009685779084,-1.4871906973070539,1.6744316865298325
10.758272409439087,2.691087525367668,-1.4854429111244636,1.671829939158798
10.759966373443604,2.688177216417482,-1.482230181513986,1.6667601573251747
10.761680841445923,2.6890405685188385,-1.4773948588803696,1.660816897923325
10.763255596160889,2.6784320205106993,-1.4658407629447077,1.6743319615941405
10.768757104873657,2.6264104338299745,-1.423473672422754,1.7197218582314582
10.769849300384521,2.6223906294080606,-1.4202942257187239,1.7158770632667226
10.771516561508179,2.611206340708393,-1.4160782945423922,1.7057422530472452
10.774122476577759,2.592296242623946,-1.4039516065430018,1.6895004260359754
10.77545976638794,2.580882947554249,-1.398442819643626,1.6847517417774787
10.776547193527222,2.554314900964589,-1.3891262833031162,1.704997530437677
10.781610012054443,2.449567397755603,-1.3515827119841541,1.7624613542620984
10.783155679702759,2.427285772927249,-1.3468533496252204,1.7609619962749852
10.78487753868103,2.4127582176063607,-1.3410945088564654,1.755631894575394
10.786574363708496,2.391602904072823,-1.3368855095321361,1.748330955052159
10.788202047348022,2.353673215365271,-1.3258309420129717,1.7789648909267395
10.794153213500977,2.1880454421852624,-1.3000866779666944,1.8610422292835138
10.795360803604126,2.171532398001768,-1.3000082210671773,1.8547972637460224
10.796626806259155,2.1423839954988217,-1.303386863455215,1.8423995050026518
10.798264503479004,2.1060366905723713,-1.305577172952948,1.8269351777951515
10.799866437911987,2.0793452258748575,-1.3102730351736587,1.813690623207049
10.806539297103882,1.907673344758606,-1.3100748947539693,1.9290649802935225
10.808320760726929,1.8980238890375218,-1.3124759710305411,1.9458684084790574
10.809999227523804,1.9040532250622115,-1.3195376449057739,1.9521633554983924
10.811570882797241,1.9099242541828572,-1.3256272878990476,1.9595964240038095
10.813177347183228,1.87795607882002,-1.3266654349483724,2.0056743004222
10.818952798843384,1.7781098260723778,-1.3258666507124683,2.1451856415182355
10.819847345352173,1.7821403582374895,-1.3287680875877863,2.1474974956692114
10.821455717086792,1.783712083406116,-1.332612205477565,2.148480154241212
10.824144124984741,1.7906036016634739,-1.3436168105012152,2.160072311317369
10.825323104858398,1.7953881508743574,-1.3493439865282695,2.168747775944032
10.826625108718872,1.7547059736920332,-1.3461462303005425,2.2144525800059967
10.829664468765259,1.6980477189542993,-1.349708541038061,2.290953972140436
10.830489158630371,1.694811970828206,-1.3528156107718516,2.302185850348045
10.831762552261353,1.6523246559752731,-1.3520673570960322,2.3538085095756185
10.833223581314087,1.6546835638440367,-1.3519736466320083,2.3713669444892966
10.834930896759033,1.6592637181905698,-1.356149129247544,2.38253911986444
10.83661413192749,1.6616953961090508,-1.3610534738809419,2.390724442985872
10.844157218933105,1.4173109246615276,-1.3643403425697267,2.5494113913104415
10.845351934432983,1.4104786811521801,-1.3694865763053643,2.5509499744373207
10.846594095230103,1.4007765619109294,-1.3748273949814973,2.553146658248279
10.848222732543945,1.3877187057852993,-1.3824661240970366,2.552902383683905
10.84981369972229,1.3826250465928513,-1.3886912222144652,2.559147678740575
10.856441497802734,1.1487635079627834,-1.3839329695371454,2.727092068807215
10.858262300491333,1.120653860315867,-1.3838168428584046,2.7630556314412718
10.859860897064209,1.115450278662915,-1.385712431093416,2.780960282745076
10.861595630645752,1.11481047126411,-1.3864083557894356,2.8051212744905936
10.863212585449219,1.0450203631330084,-1.3775123892640104,2.875578055289093
10.86897087097168,0.7925772695857003,-1.3480633024064643,3.1446296668560234
10.869840383529663,0.7948436670421155,-1.3462413225426053,3.171987526369246
10.871655225753784,0.802384471419105,-1.3433135476359723,3.2531332008158347
10.874090194702148,0.8152496189560342,-1.3370921301463559,3.3754551963413983
10.875261306762695,0.8280164997586309,-1.3339751081457658,3.446977983344054
10.876641988754272,0.6922505787425629,-1.3195734456646167,3.5676048429402174
10.881501197814941,0.28838392510872424,-1.2873590336948706,3.923086568585708
10.883287906646729,0.22455390572419723,-1.284020263267775,4.041316585380447
10.885002851486206,0.21494863179040927,-1.2904823174642412,4.153687673397685
10.88661003112793,0.212469539653372,-1.2915863718462655,4.267243525006527
10.88822603225708,-0.003875881923946556,-1.2732667125899282,4.409184681704009
10.891746044158936,-0.35451780954817635,-1.2253712711630376,4.7154540904422975
10.894021987915039,-0.7504554884629788,-1.1759410023430532,4.882994169780017
10.895090818405151,-0.7749122841415095,-1.1666801086037735,4.97308170995283
10.896607637405396,-0.813647648076492,-1.1546250920212944,5.0908451660515555
10.898231744766235,-0.8540596224424252,-1.143227528103365,5.209027689794832
10.899813652038574,-0.8933794678969359,-1.1285908346573816,5.327438324713092
10.906415224075317,-2.0017731849625404,-0.9625548848642084,5.534381376719344
10.908317804336548,-2.1766780332174163,-0.923103174441299,5.613634727718351
10.910005331039429,-2.239563141518034,-0.8977869954417677,5.699933213979901
10.911596775054932,-2.302736720585827,-0.8708722353257407,5.789179274004466
10.91322922706604,-2.6117692514802746,-0.8056386981483705,5.768464914993139
10.918973684310913,-3.4818034044561994,-0.5746806327920515,5.720731865129303
10.919832706451416,-3.5244697089465435,-0.5491823762446124,5.755791824689756
10.921639680862427,-3.6045524862299443,-0.4979206536010296,5.826529506361648
10.924110412597656,-3.7058314769779774,-0.4053158790705546,5.912791107493475
10.925333738327026,-3.7560728353213704,-0.35599775126672106,5.944263393391518
10.926663637161255,-4.024542663028854,-0.27731329320739406,5.846081458218215
10.931524991989136,-4.613088802781335,-0.006652140163465645,5.659235100906672
10.933303117752075,-4.747659508073178,0.080590489191797,5.625542424330776
10.934779644012451,-4.808485543100588,0.1383170267102686,5.6178313530502235
10.93658995628357,-4.879606633985883,0.20945296463510624,5.594769431904463
10.938187599182129,-5.0475617273393985,0.29075770024710196,5.458746663415114
10.944144487380981,-5.445903765209585,0.5511415211522984,5.013569717002236
10.945242881774902,-5.4644579443544785,0.5902609511309208,4.969187962033114
10.946471691131592,-5.482040003875822,0.6299335549691341,4.92331353453844
10.949795007705688,-5.51522764996501,0.7428142301234429,4.785338920618474
10.954013586044312,-5.681319303941723,0.9258858671162759,4.413365787169419
10.95491099357605,-5.683873851408908,0.9532717727507978,4.369439817861246
10.956737756729126,-5.7432035080752435,1.030231949228091,4.226010059362644
10.958395004272461,-5.756151613158928,1.085345446955718,4.160160757098452
10.959988594055176,-5.767997980306242,1.141095297710236,4.122932553422985
10.961590051651001,-5.793524903880575,1.1999283934335387,4.077616347951291
10.963212728500366,-5.843278559777461,1.268106056951007,4.008487367595201
10.96901559829712,-6.047223764104859,1.4778776590653449,3.8888723608645632
10.969849586486816,-6.070711453366798,1.5026974235534767,3.890389556092153
10.971573114395142,-6.110595380922439,1.5449225813376661,3.89076217207956
10.973224401473999,-6.159265039196757,1.5921462987513633,3.8866514582387617
10.975000143051147,-6.202386563294606,1.6327460496431536,3.884055022713693
10.981525897979736,-6.35286032404335,1.751790978997061,3.955770128005878
10.983227968215942,-6.390352589316309,1.78645096219299,3.982469446730615
10.984999179840088,-6.437473383661595,1.814283194352087,3.997556357795756
10.986609697341919,-6.44354226391369,1.8252838637487854,4.0666687818085165
10.988210439682007,-6.504046012190644,1.8529971491255317,4.060420566301217
10.994131326675415,-6.567432860662429,1.8984863392385078,4.27982394468199
10.995227575302124,-6.604446449075171,1.9156955430884448,4.2944148788820735
10.99647569656372,-6.641626078847006,1.9307258576460402,4.323266205320465
10.999815225601196,-6.760559217861504,1.974209390344435,4.393292198447683
11.006507635116577,-6.771701367906294,1.9549080060636623,4.966119029306151
11.008375644683838,-6.8135533961681105,1.9545302878078108,5.084186792705917
11.00995683670044,-6.864136952283659,1.951805749619553,5.138080955988408
11.011618375778198,-6.91690721919155,1.9500904645249786,5.186014194208679
11.013216972351074,-6.8928559117317,1.9408872963576353,5.342058003012322
11.015614032745361,-6.901613420636311,1.9337847627789198,5.478969072487476
11.01649522781372,-6.8512822242616185,1.9228546783521065,5.588140908857535
11.018989324569702,-6.721277169031385,1.8916597638655321,5.861031118307853
11.019870042800903,-6.735390167396847,1.8902131503886177,5.8728104985148555
11.021602392196655,-6.764471232163037,1.8893573987595644,5.899309199183785
11.02310037612915,-6.776561974227006,1.882670242292948,5.911713532019167
11.024998903274536,-6.796894428457928,1.8787256043892386,5.927479557585575
11.031654834747314,-6.28566317930778,1.7887725661758744,6.471030969441685
11.033349990844727,-6.222774705353787,1.7729866610408105,6.496658170923371
11.034947395324707,-6.202457348956013,1.7581712768471602,6.4871022261653675
11.036545276641846,-6.174542275052813,1.7436043400619976,6.477119289734787
11.038129568099976,-5.99283109324637,1.7121943849947205,6.6007443136704795
11.044098377227783,-5.342879641060119,1.6202862739670316,6.942697727257238
11.04516887664795,-5.3218597051271646,1.611032746575426,6.91690160249342
11.046663999557495,-5.2841248000416,1.5980986946443738,6.881042233499784
11.04828691482544,-5.242676127130084,1.5844139086996036,6.840400268777566
11.04989242553711,-5.2054170355045795,1.5695260390041632,6.79685937350791
11.056478500366211,-4.385888005681177,1.4951235531286766,7.110468942768236
11.058218479156494,-4.279557839677461,1.4890369927630034,7.128173505489612
11.059786796569824,-4.248677613360802,1.484470577051225,7.107022709165924
11.061614513397217,-4.218175279697395,1.4798027380681362,7.084220427719725
11.06329083442688,-3.98497260417163,1.4707756254877513,7.185295386104151
11.068962097167969,-3.352736556082027,1.4553532830324747,7.466236054205487
11.069863319396973,-3.3409911304465285,1.4516263109720045,7.46886957237458
11.071447134017944,-3.3177541827499266,1.446340880490613,7.4786680729093575
11.074147701263428,-3.2859610219581077,1.4409364723523372,7.503967322221806
11.075229167938232,-3.277182799845748,1.4361085273635734,7.509217312783603
11.076444864273071,-3.0883372177786064,1.435410603564382,7.588630840731861
11.079023599624634,-2.7185050335646483,1.4273302734935283,7.72808981577815
11.079828977584839,-2.7064485937834375,1.4231714604296453,7.732410814685038
11.08175539970398,-2.4590932954779983,1.4214153906153053,7.81183151665401
11.083187580108643,-2.407623698202579,1.4087420134382522,7.826262840508309
11.084899187088013,-2.3770950341260813,1.3905377815801954,7.834738210578243
11.08654236793518,-2.347204103250147,1.3696483171027598,7.841638913975925
11.088149785995483,-2.1392326437169595,1.3533967710370054,7.888841839070581
11.094093799591064,-1.4699308903865442,1.2782705877953753,7.968654790162139
11.095234155654907,-1.4385681797501044,1.2573684607236384,7.951457412725449
11.09648084640503,-1.403433792277722,1.234564157596938,7.932018419158392
11.09813117980957,-1.3531516505196584,1.2042304537258135,7.894307509536298
11.099824905395508,-1.305815418072953,1.1778461957907658,7.847007946507323
11.106518030166626,-0.5344391539707869,1.1049372795399297,7.6382463863355845
11.108275651931763,-0.4295609914464976,1.0844381863144248,7.552469628337344
11.10985803604126,-0.38394535032449406,1.0622068908834612,7.465918979407537
11.111591339111328,-0.3328331962599119,1.034231199753304,7.361584064809104
11.113198518753052,-0.14042349148414285,1.0171743564588571,7.264122992826286
11.118992805480957,0.42732701508622856,0.9320003484755127,6.847604743173713
11.11986231803894,0.4551938555620204,0.9174359656882936,6.782789773721222
11.12146282196045,0.5033152576669608,0.8886849115657547,6.654140415310385
11.124112844467163,0.5835958997250523,0.8422854563063502,6.433314162815771
11.125228881835938,0.615117550544173,0.823550222559665,6.338520107910816
11.126492738723755,0.7475826963461211,0.8087187142804774,6.218587171579141
11.131532430648804,1.1247024553440892,0.741144191176185,5.730675585746431
11.133248805999756,1.19303669937097,0.7156008623630208,5.561701855167378
11.134960174560547,1.219076119600251,0.6931665452699874,5.405025604632901
11.136538743972778,1.2490240022229373,0.6764560108028087,5.2578367791585725
11.138137340545654,1.3538897437974484,0.6621456503136468,5.09212355919266
11.141518115997314,1.5103848140017442,0.6250890199825581,4.752867718710465
11.144125699996948,1.6780215350508052,0.5902645209947252,4.465227258547474
11.145117998123169,1.6854596189178235,0.5788797749866741,4.372686746119934
11.146567344665527,1.6975342804344167,0.5645273110561301,4.240886951456278
11.148187398910522,1.7140954712204408,0.5560625899759519,4.104852090679359
11.149996042251587,1.7296191074923248,0.5469831960616789,3.963933439462177
11.15649700164795,2.0860438565954635,0.502675741780128,3.3280650418519344
11.15831971168518,2.1101476716313075,0.5033189060957569,3.1856404252941513
11.159882068634033,2.114628075139355,0.5031150356309677,3.0770167024025805
11.161604881286621,2.118202180938362,0.5004436191893161,2.9564278265512183
11.163206815719604,2.202017495179692,0.4951251627739589,2.786914199114375
11.16897201538086,2.406538614095464,0.481764821871598,2.2324545677027214
11.1698477268219,2.4047635877610607,0.4844448354207955,2.1865842264633635
11.171420097351074,2.3909227086420284,0.48611282785388915,2.098553131873657
11.17418360710144,2.37913730381363,0.4819549238837274,1.9544243150165506
11.175296545028687,2.3792566007538247,0.4785780407449235,1.897720404386787
11.176550149917603,2.42113119570845,0.47308358967759,1.7634512530310067
11.181560039520264,2.500363807268753,0.43207559942006,1.3524265249442777
11.183296203613281,2.4962297020048547,0.4262356974708738,1.264721439961165
11.184785604476929,2.481881084679552,0.4199983552178474,1.2132922958781434
11.186593770980835,2.4653912734793155,0.4048649239500713,1.1477223637560627
11.188188791275024,2.4784536487291327,0.3813865286260857,1.0255677067038127
11.194116592407227,2.485028484489094,0.29563577629194626,0.6481055634689598
11.195173978805542,2.4705198204042227,0.28563903576901567,0.6252756587017617
11.196678400039673,2.450281079293815,0.26309907213669476,0.5904042531664048
11.19826340675354,2.437300371203173,0.24021531449757602,0.551299695796386
11.19984245300293,2.419689387774095,0.22223715765849583,0.5193467126395543
11.204515218734741,2.387130950883023,0.16908708201889414,0.29522300409780494
11.205374002456665,2.3796625222817545,0.16106086956508073,0.28232846509701387
11.207562923431396,2.355462847371859,0.13739266261306532,0.1889893392713568
11.20885157585144,2.341233700870644,0.1302088449311402,0.18175301637621968
11.211591243743896,2.314464430800824,0.11942115358487791,0.1708909832456605
11.21322751045227,2.3062323281228596,0.10716051843535959,0.12194484900428082
11.21910047531128,2.2632605170851336,0.06308241873638722,0.014929699573033708
11.220109701156616,2.2595437253984443,0.05772962986776145,0.016459255280898876
11.221542596817017,2.256599204608932,0.047495610038076154,0.01852454350415116
11.223138093948364,2.250335869045656,0.03742542775912409,0.02835705069357378
11.224954843521118,2.2440485846906566,0.027131607432107598,0.04476948494291029
11.231560707092285,2.2384232880472212,-0.04877146561721688,-0.03273283605641454
11.233162879943848,2.23704399965534,-0.06578684882789056,-0.03450515662444837
11.234853982925415,2.2293594143627082,-0.08558535427458386,-0.024767549868233322
11.236534118652344,2.224259506838539,-0.10520418637952779,-0.015433489481302244
11.238130807876587,2.217523944414029,-0.1277368147251212,-0.02943564849814656
11.244123220443726,2.1892980777443807,-0.1967616444073712,-0.0632625052080134
11.245190143585205,2.1846868035924896,-0.20732749549979057,-0.06011654834636325
11.246654033660889,2.1771836026666667,-0.21905138666666668,-0.05550148416666666
11.248254776000977,2.167752468630117,-0.23555860834783854,-0.05198029010649871
11.249851703643799,2.1615413267815318,-0.2508606442767359,-0.04862437562949177
11.256537914276123,2.112372735999442,-0.2996823036867672,-0.08483157295477387
11.258392095565796,2.1013593674493243,-0.31281557722767334,-0.08464452665849001
11.259929180145264,2.0898822765528116,-0.31652757309780943,-0.08048469415655087
11.261589288711548,2.08699140655966,-0.3276477610096746,-0.08000794655379653
11.263185262680054,2.0785259111587986,-0.33649050668240343,-0.08486770256223175
11.266708850860596,2.0651573523964295,-0.3585685624154151,-0.08829648878804194
11.269102096557617,2.062370129269983,-0.37626084444941305,-0.0923587567372834
11.270053625106812,2.057243887200671,-0.38154784752347676,-0.09064767125866406
11.274149179458618,2.0580263126933724,-0.39947370132876714,-0.07563865035491905
11.275300979614258,2.0630242572669157,-0.40251253268493153,-0.06872530285305106
11.276519298553467,2.0633394870004333,-0.4086408637730886,-0.06593488043951438
11.281479597091675,2.062595258164406,-0.41387726405868475,-0.04531424450604541
11.283182144165039,2.059028723004298,-0.4182660645409742,-0.037560696681948426
11.284825325012207,2.0539089034084386,-0.4267066761346609,-0.03464982983010723
11.286642074584961,2.051350604805449,-0.4304769516843888,-0.030363797795729015
11.288150548934937,2.050718726823941,-0.43386465680824654,-0.021068938038521903
11.294203281402588,2.0488301911947544,-0.438978055757952,0.014702140626116071
11.295263290405273,2.050621698459264,-0.44202559461760604,0.014444664628348213
11.299137592315674,2.051684240027929,-0.4536026769904039,0.02907154833299914
11.300060987472534,2.0520115617802923,-0.4551041612088227,0.02947065538040676
11.301467895507812,2.048470388868691,-0.4558502158742515,0.04503034891745081
11.306471586227417,2.051458391118512,-0.44817480307572416,0.08605879486943097
11.308271408081055,2.0473021105835123,-0.4488871203679691,0.09149065994160584
11.309818029403687,2.0411840394932046,-0.44890801471458597,0.09349293191789268
11.311679601669312,2.039469182786101,-0.45032413364491586,0.09529055332845647
11.313207387924194,2.0366984649674706,-0.4464142995915252,0.11151112611100014
11.3190336227417,2.01787358108936,-0.4281203386832307,0.17789618226936846
11.319961309432983,2.011270965867822,-0.42780742438522124,0.17587561878905913
11.321546792984009,2.0106969491444167,-0.4273415444701931,0.17769360561488945
11.324136972427368,2.003959506660181,-0.42646328901598335,0.1790727318151494
11.32523798942566,1.9998416434412787,-0.42766007500542047,0.17786371887644198
11.326470375061035,1.9928149323740458,-0.4169047078132707,0.20490984470728127
11.33151912689209,1.9670268327743963,-0.389236522994142,0.28576882023074723
11.333310842514038,1.9625263585802664,-0.3861365206081913,0.30087274492839755
11.334776401519775,1.9532692285080937,-0.38812695190957297,0.30140253589547866
11.336568832397461,1.9474702303937481,-0.38904829832154386,0.3042455741492515
11.338138103485107,1.9402458960957494,-0.38133240128467155,0.3413991374499785
11.34276032447815,1.924653689539419,-0.36105176725912147,0.4303635085073687
11.34368085861206,1.9221888571647074,-0.3559873332570241,0.45389579930117546
11.346599340438843,1.9383153964644033,-0.35332912633390634,0.4650463866395932
11.348158121109009,1.9448886294304673,-0.352673629037462,0.47376959474218966
11.349773406982422,1.951413534544446,-0.3490895291388849,0.4827400878778274
11.356504440307617,1.9148026058991847,-0.3211441885401115,0.6588676246366366
11.358508586883545,1.9212897559493851,-0.3179096387632256,0.6927047306268229
11.359926700592041,1.9247227821593067,-0.32014769448770264,0.7040439465665176
11.361519575119019,1.9210343958096872,-0.32068544518516934,0.7176435920158594
11.36315655708313,1.9120700632376484,-0.31065216540463275,0.7698180747302448
11.36901569366455,1.8687081741711091,-0.27796364544883917,0.9414337905296647
11.369928121566772,1.8699050774703352,-0.2746260988953855,0.9483117003771855
11.371519804000854,1.8630378430798855,-0.2691258636586972,0.9627557290473873
11.374141931533813,1.8539594505032069,-0.26012792351756836,0.9890773287495817
11.375300168991089,1.8504139703539164,-0.2585817557468554,0.9991803740217267
11.376534461975098,1.83231183357976,-0.24726352321698114,1.0574372675008576
11.381468296051025,1.7936470138,-0.198821768525,1.2605374604
11.38324522972107,1.7945216048386587,-0.18094866123556383,1.3198173236903568
11.384954452514648,1.793549459713715,-0.17127796899828743,1.3556375240956187
11.386591911315918,1.7885967926558013,-0.15596645542820217,1.3944180164343767
11.388186931610107,1.7483399133176436,-0.1389931679279703,1.4591697772123806
11.394116878509521,1.5784678007629558,-0.08089655800488894,1.6492054077116916
11.3952054977417,1.5596644183346835,-0.07370910508855985,1.6620861160346418
11.396670818328857,1.5419545876263412,-0.06023448259076878,1.6847419359082758
11.398274898529053,1.524432398643893,-0.04550385239249861,1.7069115029343278
11.399763584136963,1.502632829397892,-0.03171226049248067,1.7320993375796205
11.405694007873535,1.33175829810549,0.0662486269120437,1.9742612443337166
11.40649676322937,1.3003232050853692,0.08501833521083645,2.0228880472441793
11.408376693725586,1.2691402063974213,0.11635178263065903,2.099005800896848
11.409918785095215,1.2545290849208113,0.14315606803362046,2.152207528652681
11.411593198776245,1.238891379794035,0.17186501856149417,2.2085451255620847
11.413193225860596,1.1709397544421458,0.202484232054216,2.279886319320588
11.418986082077026,0.9470901640313664,0.311782375437124,2.52643119546892
11.419847249984741,0.93114650477442,0.32845297426725867,2.563180508093383
11.421802759170532,0.894087682024907,0.36494324427426283,2.652612129967793
11.423370361328125,0.870756209846264,0.38921289773833384,2.723184630840252
11.425022840499878,0.8346762721436694,0.42049398003605604,2.7994571744260157
11.431548118591309,0.41451406645264804,0.5446185780151924,3.1461562252679256
11.43323278427124,0.34095703057126,0.582886002873414,3.244249566475804
11.434918880462646,0.2827556318386916,0.6183371705842885,3.3486525846232875
11.436641693115234,0.24000324414505778,0.6642650038653544,3.471938338180146
11.438283205032349,0.09434387786672538,0.7200773764288859,3.6024754005847646
11.444077253341675,-0.37774744539205957,0.913362381926799,4.043894555826303
11.44513487815857,-0.418504897265233,0.9476133708548387,4.122309157885304
11.446599960327148,-0.4662195804540884,0.998338974066982,4.237296716268963
11.448202133178711,-0.5320196248916931,1.05938481039501,4.362516019932794
11.449799537658691,-0.594273588186339,1.1166322649346956,4.483980325019005
11.451811790466309,-0.8521941584892817,1.1909555395900613,4.607219193021576
11.456536054611206,-1.5116552426641898,1.339175605911689,4.783927063337811
11.45826768875122,-1.6569460700329466,1.3867661390933965,4.8461939882026925
11.45994758605957,-1.7306799325696574,1.4282818212219281,4.915517296003901
11.461629629135132,-1.809161743640448,1.4727270399912444,4.984665767731449
11.46323299407959,-2.1094549110950154,1.511518119300687,4.961824978015641
11.467041969299316,-2.6527469695822368,1.6137408744317792,4.96375539750758
11.469014406204224,-3.0108654271404305,1.6597798920305775,4.90113145408154
11.469900846481323,-3.0477303945370893,1.6866703080826728,4.947009664553794
11.471501588821411,-3.1359430978407334,1.73812570545603,5.01091805522601
11.474195718765259,-3.2805727622793293,1.8078619862094971,5.126612615451117
11.475315570831299,-3.3419721097735655,1.8363096768842213,5.169486430118853
11.481548547744751,-4.416070528026319,1.9215994174198643,4.712070738273722
11.483192920684814,-4.562802384893509,1.9422969447458869,4.675168207111576
11.484776020050049,-4.630255249455952,1.960001739008165,4.70501193000086
11.486635208129883,-4.702613386801888,1.981355317641825,4.737323076674009
11.488240003585815,-4.972912388006852,1.9849262058926327,4.5555145387538545
11.494055986404419,-5.718125222302748,2.022898697259519,4.112453736844403
11.495124101638794,-5.774072834006155,2.049684433211423,4.142279448427569
11.496609210968018,-5.833677480997137,2.0271839884446035,4.158995777117092
11.498260021209717,-5.903471024778701,2.037044139317492,4.181979742180361
11.499853372573853,-5.977287575155623,2.064571430288145,4.2230161508962505
11.506550550460815,-6.808557605768971,2.063370229451939,3.7139258838448566
11.508352518081665,-6.957269406309615,2.075733767670391,3.7183128188262273
11.50987720489502,-7.051025306485698,2.0923163977164783,3.7734224216451793
11.511619806289673,-7.148384136735833,2.102132769251811,3.841981533175117
11.513270378112793,-7.3326224360312136,2.0897616520536983,3.7199510453457103
11.518997192382812,-7.834137429382143,2.0367899030456895,3.433071058889898
11.519864320755005,-7.876944109353081,2.0319230400871873,3.455419419230264
11.52143931388855,-7.928943479916275,2.0215107398792598,3.5208634565146886
11.52419924736023,-8.037303643462543,2.021000774732453,3.622733281454204
11.525267362594604,-8.080537086153301,2.018963719666435,3.6614077435195274
11.526503324508667,-8.204808769864853,2.0005326742029412,3.565028069103235
11.5291268825531,-8.420463931568671,1.9732434799532867,3.465742607179021
11.529970169067383,-8.45923140903846,1.9688478581153848,3.491559100923077
11.531544208526611,-8.566072320762753,1.9471144898599317,3.4491188129383015
11.533277988433838,-8.652934686785683,1.935593028779803,3.465986871668235
11.53659439086914,-8.757345518721054,1.911710467141884,3.5356404936699772
11.538240194320679,-8.836993952328065,1.8955271192412113,3.505102201040768
11.544198989868164,-9.014923823834799,1.8363085026441839,3.499988602417819
11.54527997970581,-9.036590502376344,1.8274016081182796,3.5142307043195085
11.546516418457031,-9.0619659528362,1.8203809401892506,3.5370284364003983
11.549842596054077,-9.113331501688918,1.8033654778651536,3.5933612504779706
11.556504964828491,-9.128102259087173,1.7593432236627211,3.735049000814928
11.558183670043945,-9.114398946866647,1.7487259433903444,3.7567812958389752
11.559864521026611,-9.094885680856164,1.7364738951643834,3.7645397419931506
11.561612844467163,-9.065504536121372,1.7251734428830254,3.7704408387941952
11.563225269317627,-8.993663180866267,1.7167901221467352,3.8329305664057722
11.569087266921997,-8.612251317671664,1.681721387955175,4.039345341407137
11.569965124130249,-8.567411474890791,1.6676181463511777,4.0199417554154175
11.57157278060913,-8.478747350913372,1.6442533114802291,3.978731048480648
11.574179649353027,-8.319908670968251,1.5989158483785375,3.892927991620313
11.57535719871521,-8.242917760066113,1.5763544011318005,3.852950366517064
11.5766282081604,-8.099488302781666,1.5642538723077253,3.9382283425149223
11.581535577774048,-7.621803720402792,1.5117212232675974,4.150252316287435
11.583269119262695,-7.504905385697595,1.4915477729570445,4.136418264082474
11.584964513778687,-7.421603490287037,1.4671656063988605,4.08007825111396
11.586676597595215,-7.3469498748302735,1.4461997042828312,4.028059350713105
11.588295221328735,-7.160820565804516,1.448701764028303,4.171072974079483
11.591225147247314,-6.930504371642344,1.4422345677339845,4.276451626303074
11.592131614685059,-6.811074200390397,1.45226853695513,4.387292745793084
11.594127655029297,-6.590176178289544,1.4668186858978083,4.563193777358091
11.595130443572998,-6.560572101374285,1.4571570605737818,4.5441323080795755
11.596609592437744,-6.514154660277068,1.4474034840648766,4.514424086009725
11.599843978881836,-6.423062964020522,1.426432655059427,4.473571041233718
11.606048345565796,-5.785239017943752,1.4595194111103478,5.0209998436474885
11.606823205947876,-5.666773069790038,1.469041580389008,5.12822731552383
11.609943389892578,-5.57502533048699,1.4546343029981912,5.132726262007931
11.611699342727661,-5.521442875195237,1.4447658398129963,5.122085968614232
11.613126754760742,-5.3177768626607556,1.456633132989475,5.278284113710929
11.619018316268921,-4.585628637913896,1.4698232637885764,5.743475937621484
11.619885921478271,-4.558980449802216,1.4627829182024723,5.736310451902813
11.621512413024902,-4.511400439084362,1.4488726761591104,5.724360257552224
11.624183893203735,-4.429872802291382,1.4228943706140886,5.705692015548517
11.625237226486206,-4.394724592945426,1.4123730829050536,5.696274022315328
11.626470804214478,-4.188359119990482,1.4125316197099136,5.8086204605544
11.631529092788696,-3.5537230967059497,1.3813581806098398,6.044531725740274
11.633297681808472,-3.4369681062248927,1.3659436456995708,6.052047093593133
11.634759187698364,-3.3914045634663212,1.348855603341696,6.025394473614944
11.636589527130127,-3.3244089046659124,1.3256734849977376,5.994260726785822
11.638282537460327,-3.079058934646088,1.3186130678008614,6.057631767662886
11.64413595199585,-2.385745683379271,1.2665545903263098,6.163311250600228
11.64519476890564,-2.3458082041101935,1.2498494318312927,6.141746347660877
11.64670205116272,-2.283398024060056,1.2235833429713687,6.105159370020251
11.648096323013306,-2.2221137821893917,1.206539187392301,6.073018468945489
11.64980435371399,-2.1483271488028324,1.1822142766616217,6.028421064788392
11.652012348175049,-1.8366202652246564,1.1573278283526631,6.025576893597939
11.656548023223877,-1.3094298054648372,1.1102695943007435,5.929195166977701
11.658178091049194,-1.1912461065470648,1.0956478304376518,5.868262920478218
11.659799098968506,-1.1180448101922602,1.0758136015953068,5.791077183951832
11.661574363708496,-1.0402622634828387,1.0557156375390297,5.707248328205214
11.663166522979736,-0.8499045501736889,1.0435931808324985,5.638250968478049
11.667544841766357,-0.3991911137574675,1.0078239497924826,5.433182912789196
11.668285608291626,-0.3063448436800057,1.0022720933661569,5.395405441971131
11.671492576599121,-0.1398321701696108,0.9736158140089042,5.206647420614247
11.67417311668396,-0.02845215936366128,0.9522559093949028,5.052740548743218
11.675364017486572,0.020817330265811455,0.946672873595018,4.985500778133503
11.676704406738281,0.17886550840005966,0.9441212076329057,4.896406159130221
11.68152928352356,0.5550453375805389,0.9184914987691315,4.576022721321009
11.683148384094238,0.6352770764451761,0.9068519272487833,4.468133362546522
11.684954404830933,0.6939759760113144,0.8966490913841318,4.356050071831122
11.686631917953491,0.7404536878,0.8904102578,4.2497773858
11.688312768936157,0.871616038997805,0.8819498366684225,4.124406875119403
11.69416093826294,1.1765132178146873,0.873295158891853,3.688013112081182
11.695283651351929,1.1969540463321868,0.8767310778558326,3.6094772841891656
11.696541547775269,1.2237371288005159,0.8810351839148753,3.523241712914875
11.698180913925171,1.2606409816787862,0.8899086368366733,3.412015251290581
11.699829339981079,1.2940018957980008,0.8989651801403581,3.307768545852561
11.70646357536316,1.5610837540538123,0.951521260018458,2.804073270911259
11.708310842514038,1.5874386190294714,0.9697485050037562,2.6785037644657614
11.70989990234375,1.61359327604,0.979094851705,2.565989485902143
11.711560726165771,1.6374649723328556,0.9957535648341457,2.4567522510646502
11.713181495666504,1.6909694764749452,1.0129456794257121,2.327314065291308
11.719027519226074,1.8218412542207885,1.0555845985971326,1.893622537637993
11.719916582107544,1.8255530147463799,1.062030806754982,1.8463267378164876
11.721535682678223,1.8349969023981572,1.068958312682256,1.7653773453459445
11.724180459976196,1.8400851850437205,1.0794456975887985,1.6397413485219317
11.725321292877197,1.845982747527513,1.0797137474332434,1.5905520900537466
11.726569175720215,1.8863049283499218,1.0816452638563914,1.5029376188696146
11.730441808700562,1.9581150971778765,1.0735762629710934,1.285654356696909
11.731466293334961,1.988064425302805,1.0701717488872353,1.2144372425701202
11.733211994171143,2.0104453131302105,1.0659418071416702,1.141954479115313
11.734924077987671,2.0216771902673267,1.0634385681708995,1.0879477007563494
11.736567974090576,2.0220910529119496,1.0590026882864494,1.043783407873642
11.738154411315918,2.0525761756179874,1.0500866903840633,0.9550351244690201
11.744117975234985,2.1646559142490696,0.9946236321119382,0.6360000360237618
11.745182037353516,2.1773644089649298,0.9906006426422845,0.612949292011022
11.746717691421509,2.1824515968990825,0.9828139141192661,0.5811634213394495
11.74810528755188,2.1868377695412793,0.9706089176865074,0.5516591021681213
11.749860525131226,2.1886601635914364,0.9595728933340971,0.5195999413972504
11.756644487380981,2.2453121073284863,0.8753346871901398,0.1948937378009971
11.758301973342896,2.2419686778996897,0.8625471903288522,0.1553768495377456
11.759903907775879,2.2343478062727526,0.8493633966275553,0.13346730023018763
11.761592388153076,2.2370359310783425,0.8398195575927662,0.10775471494655146
11.763339757919312,2.238986219729375,0.8188978795583786,0.0238890108732515
11.769059658050537,2.2208446325861924,0.7530023508841004,-0.16894771520711296
11.770033597946167,2.213126206261925,0.7490485147076709,-0.17576354340446304
11.77423357963562,2.1962238139741,0.7312803048490304,-0.2052070560861496
11.775346040725708,2.1906121184806673,0.7267426652855667,-0.21284955749793388
11.77681040763855,2.183374936248967,0.7022619213873967,-0.2809114579235537
11.78151535987854,2.136334426128977,0.6329116205604223,-0.41872164985918103
11.783194780349731,2.1230864898732436,0.6151683757453398,-0.4446411321138514
11.78488039970398,2.1070686062675734,0.5977299475599142,-0.4611094714821761
11.786616086959839,2.094055237953512,0.580793719822057,-0.4741302361885281
11.788214921951294,2.0729092676056458,0.5522084586535501,-0.5251659550630169
11.792057514190674,2.0408795012783725,0.5066950944218415,-0.5973810742955032
11.793126344680786,2.0228608593837256,0.48973956861841544,-0.6286639071550322
11.794930934906006,2.0079036603478575,0.4724988026521427,-0.64330309781998
11.7964768409729,1.9993159191900944,0.46288488470884626,-0.6448796712024047
11.799129009246826,1.9741393464055406,0.44488315758903324,-0.6497067224753676
11.80000925064087,1.9654983920099958,0.43735216558846207,-0.6532668221772098
11.801477909088135,1.9472330651040535,0.41879125412954454,-0.6815529111437526
11.806610584259033,1.8794925666341464,0.3555250387491289,-0.7535491516253658
11.80852460861206,1.8663429439218566,0.34551894054876614,-0.7590248234386017
11.810053586959839,1.85446554947397,0.33619119415200444,-0.7623233539174554
11.811667203903198,1.8470090013515787,0.32661754096857476,-0.7649560567356152
11.813268184661865,1.8306305420771312,0.3107601718952611,-0.7820595475651061
11.819055318832397,1.7740819513980777,0.2728724629794865,-0.8146307740162101
11.820120334625244,1.7672520186152632,0.26824802734198827,-0.8135271622891982
11.821557998657227,1.758628829734364,0.2690716454529841,-0.8098261720735652
11.82315444946289,1.7443109914575594,0.26287435851100316,-0.8079868143995427
11.824918508529663,1.7324378996525145,0.2560556244641385,-0.8061426850832646
11.831513166427612,1.6682716682793175,0.22525406124737457,-0.8209941145668028
11.833279609680176,1.6546397417301564,0.2198572065431319,-0.8238316714941869
11.834751605987549,1.641300211334312,0.21711138935402682,-0.8193067853603188
11.83664059638977,1.6263274612,0.21177330931294117,-0.8147199025058823
11.838226795196533,1.6115306126456996,0.20581792651519043,-0.8135771473692769
11.844154834747314,1.5706613719412341,0.1987990878099902,-0.7836501196278159
11.84524917602539,1.5659559777870435,0.19669611833048833,-0.7759796471274661
11.846463203430176,1.5553127308983559,0.19427175039828448,-0.7726178205955683
11.84829831123352,1.5397804974213771,0.1878662577866686,-0.765481327795478
11.849882364273071,1.5243864901054431,0.18599641153419777,-0.7613187241201197
11.855545997619629,1.46214377327897,0.1717646771888412,-0.7357414660931331
11.856496810913086,1.4530905910872676,0.17007229322317596,-0.728142530637339
11.858197689056396,1.4371760722251967,0.16273539747329993,-0.7216655767899786
11.859960079193115,1.4220554345203444,0.15595902949132065,-0.7165991299194556
11.861656427383423,1.4086385112084832,0.14719243586772107,-0.7141634795003595
11.863145589828491,1.3994297190274274,0.14514188031724848,-0.6995626495142271
11.868993520736694,1.3950930620018023,0.14109261593664219,-0.6419526467166228
11.869860887527466,1.3938959158881188,0.13781692300998197,-0.6374356932065716
11.87151551246643,1.3909380560294877,0.13067123998081878,-0.6307615543448326
11.873338460922241,1.394401961019405,0.12850919342432082,-0.6222979638460543
11.874852895736694,1.392788895373978,0.12417758666862717,-0.6149963731245158
11.881526708602905,1.4161542994961944,0.13036827232450235,-0.5303556220544496
11.883134603500366,1.4203546955376127,0.13120047124287149,-0.520307238232125
11.884795904159546,1.421200896968531,0.13029880158003146,-0.5149008950565013
11.886662483215332,1.4238188043041988,0.1272662650971151,-0.5118130872390746
11.888287782669067,1.4343055864893344,0.13307950049749462,-0.48625252678024333
11.89414358139038,1.4717740153991614,0.15155177035960868,-0.40277484867714886
11.89527177810669,1.478791331327044,0.15425684808595388,-0.3999189329119497
11.896524429321289,1.4845140219863975,0.15691477842210766,-0.3964099203546678
11.898146867752075,1.4953553919272466,0.15876505772467903,-0.39104416929386593
11.899970054626465,1.5046070545808965,0.15998907575106538,-0.38694675399485673
11.90281081199646,1.5307672989982033,0.1843507338243749,-0.32338583157838
11.903645753860474,1.536416860322171,0.19035518091349238,-0.3025469004099344
11.906495332717896,1.5434149280123095,0.20595089568229777,-0.27239406458616644
11.908365726470947,1.5547776328871383,0.21473947766571183,-0.2629788878498997
11.90999960899353,1.560110009209195,0.22206463237954166,-0.2611535529911962
11.911641597747803,1.5642411293832097,0.2308140098475157,-0.2591127945648201
11.913244724273682,1.5672791236811507,0.24556997433763947,-0.2247206507991779
11.917987585067749,1.5841791361621345,0.2836548218863737,-0.13907710910289578
11.91881799697876,1.589655999852765,0.292669369614431,-0.1208120744552166
11.921461582183838,1.6100950660462172,0.31261994060082426,-0.10615696191168679
11.92415738105774,1.6377548136606594,0.3320967422347024,-0.08493365411483654
11.925332069396973,1.650622801381914,0.34162722690079017,-0.07317920821071115
11.926626205444336,1.6635901003757683,0.3565383861000878,-0.02788403269007901
11.93152379989624,1.7164166390839162,0.4091886267412587,0.11764089741958042
11.933136463165283,1.7372060358054617,0.42322815806636327,0.1515210900902951
11.934959173202515,1.7635076910823742,0.4386386400636527,0.18072886837262517
11.936625957489014,1.7923419158835971,0.45341658334210916,0.21392869422733324
11.938224077224731,1.8123716323853838,0.47444132238167286,0.2881534513579789
11.944136381149292,1.8893440019269983,0.5557915569199335,0.5824657306766865
11.945212841033936,1.9070858335858152,0.568922494707023,0.6201917678999861
11.946438789367676,1.9208078287308803,0.5851495696417027,0.6710153184177489
11.948099613189697,1.9360703557848231,0.6034636424062821,0.7364981386477323
11.949872732162476,1.944274696331571,0.6240026185532211,0.8023397227869765
11.956605195999146,1.8070922778779468,0.7138761451717116,1.1548455340196682
11.958263635635376,1.7683175114915504,0.727241246107127,1.2039776328662748
11.959868907928467,1.7367403175643246,0.7385902133771476,1.2357146907897751
11.961623191833496,1.6975506903637012,0.748867606858632,1.2641944243881194
11.96310830116272,1.6309185808589444,0.7572358158818182,1.3118479264524927
11.965499639511108,1.5451552541279385,0.7662401284996438,1.3596860741324974
11.969023942947388,1.368517111588498,0.783242019987158,1.4502156949771077
11.969918727874756,1.335606645446538,0.7779894036441931,1.4547696016266052
11.971513509750366,1.2844020334321464,0.7747898281726012,1.464564020817103
11.974136114120483,1.220848870781402,0.7820397231270386,1.5076448694915594
11.975146293640137,1.2014837726010013,0.7891587396193134,1.5365906629796853
11.976587295532227,1.1473029374796515,0.8021069628406398,1.6044294910179924
11.980405569076538,1.042994194243077,0.8268559080804396,1.7731314081164835
11.981454372406006,1.0051874782728205,0.8304581682904029,1.8262127940234432
11.983163595199585,0.9567091602775469,0.8366242327833501,1.8929073613926064
11.984858989715576,0.9114133080413508,0.8381633586121047,1.9425709201240522
11.986675500869751,0.8601013552354455,0.837926686857102,1.9914393388588185
11.988279104232788,0.7717114622558205,0.8395560399647194,2.0549238284995
11.99419641494751,0.5080002744149474,0.8633907513783303,2.3205540608233366
11.995250701904297,0.4826717284515644,0.8742282879431617,2.3772085502150566
11.996551990509033,0.4617508385704193,0.8930952950668871,2.457031083725838
11.998169183731079,0.42387351882851415,0.9170817939593473,2.5650122790294874
11.99998688697815,0.39709296693841123,0.9401498058890857,2.6873590235135576
12.006618022918701,0.055422749817617495,1.0672905344011232,3.2185098686077445
12.008208990097046,0.003924633311428571,1.091350159684,3.331780096876
12.009858846664429,-0.02557348377903564,1.118497335148847,3.4409146419879804
12.011636734008789,-0.09771855359127625,1.1507611930630048,3.5552201941163166
12.013240575790405,-0.2610730095825354,1.1672759445992569,3.646816814758325
12.019080400466919,-0.7878922533310962,1.2660148210715885,3.940379847029083
12.019943237304688,-0.8068280281954697,1.2747292035574664,3.9823762162713927
12.021520376205444,-0.8462946809880698,1.297640091831274,4.05752632838219
12.024162292480469,-0.931895856228303,1.3569986680599777,4.211660926643449
12.025274991989136,-0.9489522835970149,1.3807869333432836,4.278446029447761
12.026490449905396,-1.1200370147945462,1.4018420557635263,4.3220452816942725
12.03152084350586,-1.7545581605660654,1.5231248797457106,4.510244549002053
12.033263683319092,-1.9031368473185397,1.5400984976850394,4.606122786838225
12.034970045089722,-1.9596885942002789,1.5725763151329617,4.710341435871916
12.03658676147461,-2.024837341597151,1.595524946266412,4.797260262344397
12.038212537765503,-2.279096825827256,1.6125989442513944,4.786054418739311
12.04259181022644,-2.8660918991938322,1.645259224030837,4.77308584884141
12.043518781661987,-3.0508928639515416,1.650861592242291,4.728423552439647
12.04488492012024,-3.111513302712731,1.6584299219858227,4.781262438599026
12.046530485153198,-3.161469568404003,1.6692143958603287,4.855616336490922
12.049102783203125,-3.2553909266972636,1.6808417979507746,4.964486888457797
12.049988031387329,-3.294301037917765,1.684817078637035,5.000269300075576
12.056679010391235,-4.2605415655301515,1.6955992297990854,4.804193722579594
12.058221340179443,-4.369982501294244,1.6998825785949312,4.866311026237113
12.060012340545654,-4.465096208450252,1.7089471306899104,4.9820475954695365
12.06165599822998,-4.557693414973013,1.7190120275335874,5.093321164922118
12.063187599182129,-4.804519572721262,1.7186333191599314,5.0463752151375125
12.069000482559204,-5.552455769977078,1.6967262742063038,4.924388270776505
12.069861650466919,-5.598219193142693,1.6973603137157594,4.967796329441261
12.07143497467041,-5.675332758281115,1.697788937169957,5.05159351438412
12.074223279953003,-5.8186969912804285,1.6970644491703992,5.205170178501878
12.075370788574219,-5.885158851619609,1.697687363789195,5.2642699373851025
12.076627492904663,-6.09512372206963,1.6842080317258943,5.174503745115266
12.08158016204834,-6.693875333637749,1.6545348839179366,5.048833104126612
12.083324193954468,-6.826171503385453,1.6498227017933849,5.0983319148330475
12.084795236587524,-6.913376083024003,1.647602861144592,5.171245981793256
12.086637496948242,-7.019746407102491,1.647481445461065,5.264561626376181
12.088219165802002,-7.2130705750022885,1.6351166621208697,5.200201648272636
12.094171524047852,-7.775428435762109,1.589789092627661,5.100560747042578
12.095233678817749,-7.829240590813545,1.5886604467982568,5.14130395877211
12.099116802215576,-8.009612265435399,1.5808398262675634,5.28552367417084
12.099997520446777,-8.050334609593934,1.5792283902532551,5.317323555359565
12.101508378982544,-8.19013094048089,1.5645005797626925,5.267366762611522
12.104946374893188,-8.460649077929133,1.5410035424767359,5.236170061793843
12.106615781784058,-8.57461835662299,1.5278012289517393,5.222823839164856
12.10817551612854,-8.652937399902582,1.5236937706861107,5.257407103122333
12.109939336776733,-8.724536196682974,1.5212293108363377,5.317327820806009
12.111637353897095,-8.784827405881066,1.5168462327526835,5.382983527412051
12.113264322280884,-8.886358471734344,1.5061064160188733,5.384911598733487
12.118999242782593,-9.209226163689095,1.4932933316286472,5.54282904111001
12.11985158920288,-9.252194014823397,1.4968524954217506,5.578032564204383
12.121619701385498,-9.339738295999412,1.5052384379396477,5.6561330799814975
12.123158693313599,-9.406606099614658,1.509762862497853,5.724120817327512
12.124980926513672,-9.477473910564148,1.5153992719851799,5.79316873655314
12.131572008132935,-9.593993115317152,1.4794055603050533,6.069057930376228
12.133263111114502,-9.616223279873545,1.475484019558701,6.110376604691623
12.134974718093872,-9.637005230233896,1.467263582385916,6.127258097841414
12.136561632156372,-9.65300077262247,1.4602397989029041,6.13754021136609
12.138177633285522,-9.61926436229378,1.44107716978985,6.217480481832023
12.144130945205688,-9.413045236997284,1.3731801150992138,6.4992019998211585
12.145196437835693,-9.400278522989707,1.364513712744389,6.48804907653281
12.14665699005127,-9.370784953609967,1.3532072382044673,6.476545602665808
12.14827561378479,-9.330297687953598,1.334061356003284,6.4563236479880075
12.149864435195923,-9.288276580977364,1.3170945936677652,6.434064453387107
12.151496887207031,-9.148410927540922,1.2829416429674332,6.52671909772204
12.15657353401184,-8.643268459238747,1.1923897124230605,6.773941505244749
12.158188581466675,-8.53675400852428,1.1692345156579287,6.761330093933821
12.159839391708374,-8.464126140388187,1.1466709769552743,6.707254563378903
12.161571264266968,-8.382815641299914,1.1208573413955114,6.651812992665404
12.163170576095581,-8.171839454295494,1.0881649749777524,6.753481350253851
12.166938781738281,-7.736998488360361,1.024281465012012,6.89633572754955
12.169006109237671,-7.422321064241438,0.989594438614558,7.054355258208195
12.169858694076538,-7.371197955417824,0.9772371747899413,7.027508715157329
12.171454191207886,-7.27682344301547,0.952140190441484,6.976929012509383
12.174134969711304,-7.1178637073444655,0.9145634394570511,6.897274352624034
12.17519474029541,-7.055842796721745,0.8987027252438383,6.862533894070002
12.181578159332275,-6.1061138293586446,0.7881991138005148,7.210288027386959
12.18318247795105,-5.974664404085788,0.7620399041238204,7.193666009183301
12.184817790985107,-5.89319077194067,0.7351795916384352,7.127437791803525
12.186614036560059,-5.799169498828151,0.7076972396897759,7.048581289594398
12.188251256942749,-5.536905628586932,0.682777464326721,7.1181130087024505
12.194128513336182,-4.7194991309330945,0.6003403166802292,7.163344801695272
12.195181131362915,-4.6578348948779364,0.5835604602131805,7.099357187703152
12.196648120880127,-4.574154891399435,0.5633278282011291,7.0123372182893435
12.198301792144775,-4.474072209949957,0.5411753030971941,6.909692793148394
12.199884414672852,-4.378805464363777,0.5167195780401854,6.8104520595617535
12.206550598144531,-3.3833610199542727,0.4219590603383824,6.664546969185768
12.208143949508667,-3.2380668376938044,0.3997374769283159,6.568426312866218
12.209775686264038,-3.1370274176732535,0.37792124219120515,6.442093897059839
12.211599588394165,-3.017805633729602,0.35388251373814433,6.297265907238586
12.213274478912354,-2.7604963909573197,0.33490402644216816,6.22624183592659
12.219019174575806,-2.0305030379215685,0.2811267994901961,5.891307228705883
12.219921588897705,-1.9816050010423645,0.27403975888120796,5.809571060545728
12.221524477005005,-1.8916106082434982,0.26263975030551584,5.675168250279508
12.224153518676758,-1.7490467855181129,0.24838788441505197,5.475537142693064
12.22526240348816,-1.6836321201145745,0.2423646382766077,5.391740532825891
12.22850513458252,-1.236996257293395,0.23721873964171122,5.221847324994652
12.231558799743652,-0.9910273205844788,0.23466259768613973,5.027410961102807
12.233280420303345,-0.8853458636044114,0.2330365021193068,4.912499432698653
12.234972715377808,-0.8193295263385794,0.23495541980835655,4.806486657316156
12.236598014831543,-0.7503497090172767,0.23532940953352854,4.701747622214642
12.238192319869995,-0.5963574886006312,0.23638111622378424,4.6113866848004585
12.243633508682251,-0.15818065193265335,0.22718800635266173,4.296569363226911
12.244845628738403,-0.11525023073270924,0.22661387947436076,4.2240917477014115
12.246444702148438,-0.061482862697988555,0.227119453826604,4.132381319099104
12.24810004234314,-0.010254340045493561,0.22822498170987124,4.041828225692704
12.249834775924683,0.045972507335048596,0.22733016978845053,3.9527424052750146
12.256550312042236,0.4523214904466526,0.23449555071331923,3.606382398820437
12.258242845535278,0.5154044288087893,0.2381863020958964,3.520290984997235
12.259871006011963,0.5549546709822426,0.24737090110010024,3.4440586919249605
12.261635541915894,0.5930424593956516,0.2569901500891146,3.367341077455729
12.263304948806763,0.6869924630085653,0.25990966657630266,3.2841558649794433
12.269038200378418,0.9413356716490344,0.2930933721497341,2.990303562445844
12.269915580749512,0.9587612935465996,0.2973456518026868,2.9431235801788413
12.271604061126709,0.9917245009640634,0.30589912642586303,2.8620623866844936
12.27422285079956,1.047698002090909,0.33059167999899786,2.7428325273673586
12.275395631790161,1.0825167465215284,0.3368372620704306,2.6810824013846593
12.27672290802002,1.139551779842458,0.3527262261468492,2.6141422305327913
12.281503677368164,1.2978293237849385,0.3967348462327808,2.346527052452987
12.283194780349731,1.3277011120557227,0.414941228151984,2.271779604937115
12.284888982772827,1.3544453955596907,0.428877670394217,2.2024838424606354
12.286640882492065,1.376580424442712,0.4403018283355743,2.1297641949979975
12.288241386413574,1.4285163745019298,0.4496251983485347,2.0521898231724087
12.294183492660522,1.592172817355976,0.45438141437360274,1.7841987518585554
12.295348167419434,1.605346441509804,0.4600097074628596,1.7452834553940173
12.29660677909851,1.616184125,0.4701270140948905,1.714106723291971
12.298238515853882,1.6341122357371134,0.47441978229180987,1.6648644911884307
12.29983115196228,1.6464211009693805,0.4801223390879954,1.619490533305623
12.304792404174805,1.7733147308250206,0.4606454955365114,1.41880196736539
12.306574583053589,1.8205039238910552,0.4506679964863819,1.3423058604336955
12.308294296264648,1.8511964904338458,0.4440838075481971,1.3039096751261314
12.309921741485596,1.8643137213390966,0.44680081927942,1.2777666459648633
12.3117036819458,1.8761877773095483,0.45261089481212297,1.2583603775558334
12.313195705413818,1.9221478202720126,0.4342661322327044,1.1919840688726415
12.319007396697998,2.065568125479222,0.3670416583780607,0.9807736481884707
12.319887638092041,2.0706491992819362,0.36208870115964736,0.9717124180992024
12.321467399597168,2.081937709729127,0.36022245308085105,0.9624034041994131
12.324165105819702,2.095396263018979,0.3487352752609307,0.9458998869260509
12.325256586074829,2.0985906527853224,0.3482926876337692,0.9433660530660762
12.326493978500366,2.136348123360651,0.3221269698831735,0.8811349296317931
12.3315269947052,2.2061354564620443,0.23875019338184417,0.6761714355792708
12.3331139087677,2.2182655662700843,0.2214606559968495,0.6410943172643563
12.33480429649353,2.218547473733886,0.21233924328054882,0.6228894576688581
12.336679220199585,2.2163129594468085,0.19935045916595745,0.6028366475642554
12.33815884590149,2.2266965123767366,0.16991878354848874,0.530578338940553
12.344190835952759,2.2392928662837854,0.05628810237913884,0.2927254863758704
12.345315933227539,2.2374355302978355,0.04593281715694424,0.28505010985108215
12.34822130203247,2.2354804301822218,0.027358580214285715,0.27107963948010305
12.349817752838135,2.2261589510377844,0.01959533076127093,0.2631918357329326
12.356724500656128,2.21829138148901,-0.041655487595810586,0.08376371141363033
12.358368873596191,2.2144129470184706,-0.04231100683118556,0.07640581464003436
12.359878778457642,2.2055376719979027,-0.04690010140766112,0.07366846607647141
12.361623764038086,2.190616137237605,-0.05171890664252036,0.07133684145377912
12.363234043121338,2.179443394964758,-0.06841987200073421,0.02274619791776799
12.366223096847534,2.1497308294274933,-0.09157578868500507,-0.031172355901437073
12.367153644561768,2.138280264479646,-0.10147820213912298,-0.06319393701356948
12.369040727615356,2.1087642530041752,-0.1148253965775922,-0.11427650361656229
12.36999249458313,2.1035230670300624,-0.11756554482533055,-0.11972079877258177
12.3716459274292,2.0727371422409053,-0.1225547317702664,-0.13463339514694928
12.37492561340332,2.036371877189518,-0.14650239965157233,-0.15459073916645702
12.381622076034546,1.9609127824498855,-0.17181996464576174,-0.26563539370088773
12.383260726928711,1.9446971658884813,-0.17436668768672048,-0.2748725208318415
12.38486909866333,1.9260550717320384,-0.1781534185400657,-0.2727266766120554
12.386671781539917,1.907840384285612,-0.18465629257122385,-0.277859125137002
12.388257265090942,1.8860293868329998,-0.1886986728676008,-0.2982734781731484
12.394147396087646,1.8178931546497363,-0.20260673942103802,-0.3464712164135443
12.395216941833496,1.8080366463069664,-0.20406137877046904,-0.34728170202109354
12.396438837051392,1.7957501016476332,-0.20457350725517753,-0.3470356752494083
12.39835000038147,1.7697529955632414,-0.20745076604530513,-0.351099095369444
12.399819612503052,1.7577265898527368,-0.20684318174909697,-0.3523946921578216
12.406501293182373,1.671679468065541,-0.21192830277475672,-0.3898488630025759
12.408351182937622,1.6455041165278308,-0.212179361669555,-0.3950808310155676
12.409844398498535,1.6273463579355378,-0.21177903354904423,-0.39597595155462534
12.411712408065796,1.6078711014720355,-0.20864340802145617,-0.39229987059805466
12.413179636001587,1.5858004045799972,-0.20657656267018623,-0.39910324129447133
12.419013500213623,1.5075211795815475,-0.19434821897954355,-0.41102939499290286
12.41989541053772,1.4966540627027554,-0.19137693623156138,-0.4102741550395213
12.421480178833008,1.4779418049892536,-0.18644895083056087,-0.40599707257721185
12.424165964126587,1.4405620174044882,-0.1811129821706349,-0.4048638413219759
12.42521619796753,1.429935843378763,-0.17867766393650794,-0.4056080301472359
12.426448822021484,1.413876910044905,-0.1749049914196891,-0.40932146283765114
12.429258823394775,1.3748382925840066,-0.1664559627486765,-0.4076669423641683
12.430188179016113,1.3609494829010869,-0.16605661215993314,-0.40771623267734747
12.43373441696167,1.3257950359379824,-0.15592223685995998,-0.4018347125901686
12.435042381286621,1.3091569841323236,-0.1525565021697628,-0.3995587249988568
12.436596393585205,1.2955290299572306,-0.14839763699628092,-0.4002683953078243
12.438276052474976,1.2748102614957069,-0.14511416198654836,-0.3972584623348598
12.444175243377686,1.2225384888090454,-0.13656455211055274,-0.37676828496984927
12.445324897766113,1.2121484514781844,-0.13746312860834434,-0.37499405637916855
12.44658350944519,1.2045587175473778,-0.14154128600881447,-0.3693826476681357
12.448245763778687,1.1954258864246459,-0.14578319635637613,-0.36806755094589955
12.449868440628052,1.1841341734683546,-0.1509367166962025,-0.36595393477215193
12.456537008285522,1.1611526776499501,-0.15049684930773613,-0.3186191551373415
12.45826244354248,1.162603021473104,-0.1500751756355085,-0.3091210061773957
12.459884405136108,1.1604759976156425,-0.15449446954469273,-0.30567909374664803
12.46164083480835,1.159386012079237,-0.15559366058943508,-0.2950869933382245
12.463171005249023,1.1542904822603735,-0.15287079595251676,-0.2832942002546699
12.469029188156128,1.1626053005145334,-0.14801208816866965,-0.2403189722838178
12.469926834106445,1.162320887279486,-0.15081100632057015,-0.23734317384264952
12.471545219421387,1.1610431902500735,-0.1533909150836513,-0.2338837533604344
12.474186182022095,1.158040879032632,-0.15342074741748962,-0.22956563878402747
12.475265979766846,1.1562580098562678,-0.15356103815641026,-0.22669170713247863
12.481541633605957,1.1770627384471126,-0.13999077503487706,-0.16474495521669524
12.483240365982056,1.186794835605553,-0.1345328868551491,-0.1518614214311738
12.484946012496948,1.1924860142465634,-0.1329904490936426,-0.14614299575773196
12.486650705337524,1.2008303939187295,-0.13152400614107884,-0.1364847169117184
12.488274574279785,1.216454548652118,-0.12363715717971759,-0.11429421846854941
12.49224853515625,1.2481504806544907,-0.10524921043618392,-0.059907675045122476
12.493226051330566,1.2587598094469274,-0.09826012408752327,-0.0383131212849162
12.494964599609375,1.2790459878203515,-0.0917720643411462,-0.019742470978705157
12.496582984924316,1.297267277038753,-0.08622136698727298,-0.0049261676417846414
12.498122692108154,1.3072088494781502,-0.08145088662537123,0.0031815815857728757
12.499773502349854,1.3220262894040127,-0.07673946927612586,0.016006870774393764
12.506505250930786,1.3828735443973388,-0.025684290775647444,0.17949641294248103
12.508278846740723,1.3972507371970802,-0.013124979248175184,0.21449763894160584
12.50999641418457,1.4133095961325,-0.005409862938888888,0.2429932590025
12.511626482009888,1.4274416697886658,0.005163132896989375,0.2748791715948937
12.513224601745605,1.4294659104620335,0.022789387918918918,0.3363835917979408
12.519007682800293,1.3951417610162364,0.0810764246019136,0.5310501468457524
12.519873142242432,1.3885704216932444,0.08646150434241809,0.547831527914178
12.52145004272461,1.3763725472996704,0.10171220215413265,0.5786136300880963
12.524210929870605,1.3390905545578133,0.12341210488523183,0.6216173286393818
12.52531099319458,1.3201364297351599,0.1321481406757991,0.6399481976438356
12.531509399414062,1.1728854575009382,0.20478040214821763,0.8239971041763602
12.533193588256836,1.1418892077667906,0.2237101858928265,0.8592868287356388
12.534910440444946,1.1200076938810923,0.2390465439079832,0.8935009516470588
12.536584854125977,1.0950350638184885,0.250511621115774,0.9223126002889215
12.538254737854004,1.0510724628926835,0.27024786742183476,0.9735140633395256
12.544132471084595,0.8967999329514401,0.31547493111632113,1.0921570735220538
12.545186996459961,0.8793179020603868,0.3181037433510505,1.094935156929595
12.54664158821106,0.8463900904243005,0.32033365019337257,1.093486055913402
12.548303365707397,0.8118080954799657,0.32843297340884375,1.103044670988695
12.54990291595459,0.7749429124292669,0.3308385250887743,1.1049131016789806
12.553314208984375,0.64116129792851,0.34861737334197707,1.1354029312432665
12.556433916091919,0.5378875354257964,0.35893022513555206,1.1448425597314669
12.558258533477783,0.5009499564702155,0.3686403072509506,1.1660081199923955
12.559775590896606,0.4815344232933295,0.3777373232199971,1.188107429504106
12.561621904373169,0.4634019429092189,0.39275040568191416,1.227692790729064
12.5632483959198,0.4191123303636364,0.4104867198014663,1.2794168766821115
12.569005250930786,0.29665464909919087,0.4752627821293248,1.4970841558551897
12.569896697998047,0.2884536632689732,0.4809326475279018,1.523754423033482
12.57148003578186,0.2702055020633617,0.48719986943942506,1.5664025836324436
12.574226379394531,0.2205481955214838,0.5033390404722142,1.6324794845665997
12.57527470588684,0.19361946575391653,0.5100413173359213,1.6597270147224454
12.576526403427124,0.13992737147968945,0.5116864925057535,1.693610102757937
12.581453323364258,-0.08674004204852381,0.5425371595083309,1.8225857395781935
12.583144426345825,-0.15045336982463436,0.5509173234925437,1.861362581299111
12.584896326065063,-0.19375729732747787,0.5627840368746072,1.9001343776202515
12.586654424667358,-0.26584827801049243,0.582459530595831,1.9539215664157805
12.58824634552002,-0.3509040693903297,0.6032968503367033,2.0082011281008056
12.594125509262085,-0.634630782301676,0.6919008584283054,2.2071635496964617
12.595190048217773,-0.667231453096691,0.7082660338637731,2.2515100684881824
12.596667289733887,-0.6945241648224325,0.728526852541308,2.305680137815548
12.598268508911133,-0.741575821353662,0.7578680988161869,2.3532262705950413
12.599931240081787,-0.7785814695871239,0.7836230752330301,2.404573978876137
12.608866453170776,-1.2708410693685013,0.9587719742678498,2.5254308447767917
12.609882116317749,-1.3007753440309164,0.9666582022617497,2.577554688115209
12.611597537994385,-1.3548067541466076,0.9791131242120944,2.642500731756637
12.613210439682007,-1.4975972406628923,1.009145884097463,2.6487395056960015
12.615254402160645,-1.5872454145911248,1.043370916862964,2.7146450404214346
12.619044065475464,-1.9906005358233487,1.1158913378678954,2.6516500255391704
12.61997365951538,-2.0162898908986175,1.122731994798492,2.6804342517473816
12.621601343154907,-2.063200831078673,1.137914220976956,2.7370248545656835
12.62417221069336,-2.1498848610844212,1.1665590697586783,2.8171690253807276
12.625238418579102,-2.187486416925576,1.177117382278534,2.8534692702038322
12.626492738723755,-2.3360247531776825,1.1995310682163092,2.8073214684792562
12.630500316619873,-2.6828322933941853,1.2392588655840104,2.773595748573322
12.6314377784729,-2.7926143890076958,1.2495802025211629,2.735596207976486
12.633124113082886,-2.904241223091751,1.2707034854287604,2.76984318031363
12.634828805923462,-2.9673604101530553,1.2882118755138887,2.8546801805098614
12.636589288711548,-3.0383049320740083,1.3021188329668287,2.9446291550145953
12.638328790664673,-3.2340996401023734,1.3210342008630254,2.9064261997186156
12.644115924835205,-3.7913549800196455,1.3633167974003875,2.8319175140612893
12.64516830444336,-3.8358821454679024,1.3667980009726066,2.8806087175231045
12.64643120765686,-3.8884320857574837,1.3748127743261027,2.94168136607838
12.648296594619751,-3.9590396729250217,1.3817353534123062,3.0286164053585205
12.649884700775146,-4.009181682873917,1.3805294716449539,3.0908511427260272
12.656538963317871,-4.589492667791822,1.3971477098513012,2.8573123039052044
12.658212184906006,-4.686062579472297,1.40328522897194,2.8971890262833213
12.659849643707275,-4.757487504681729,1.4135706080755928,2.977962076940307
12.661714315414429,-4.837497891990968,1.4242683418473117,3.073629544188817
12.663211584091187,-4.984918870260519,1.4362856420400234,3.0153371658992816
12.669050455093384,-5.40779718481419,1.4436526792530398,2.8634258626391076
12.669981241226196,-5.438261150575883,1.4446825043058218,2.8866457997605495
12.67158055305481,-5.487846517927896,1.4418627234798282,2.929182142365665
12.674174785614014,-5.556369906053113,1.433921467214449,2.9840981949283267
12.675215005874634,-5.583946547805254,1.431434620130354,3.003115872179469
12.676489353179932,-5.667111122907529,1.4295354669144003,2.9264071166982535
12.681518793106079,-5.886892155472789,1.4241529907912571,2.755072631275781
12.683167219161987,-5.929410287889108,1.420109308241817,2.7481324842251693
12.684891700744629,-5.961364430516986,1.4147125196963752,2.7586015680695097
12.686673164367676,-5.9817961631381715,1.4048294442339622,2.770823170233672
12.688249349594116,-6.0315526478349595,1.4040795475147818,2.700893385545781
12.691942930221558,-6.075758839077374,1.3834019731721967,2.599115250784468
12.694112300872803,-6.08644270759902,1.367854340107068,2.5196686244919526
12.695229768753052,-6.069132906169209,1.3589812829935621,2.503935158575647
12.696545124053955,-6.043717877320954,1.3466597547416084,2.47577615934138
12.698212385177612,-5.9980137717473525,1.3281533877697058,2.4390502649545587
12.699831247329712,-5.9498099562202205,1.3085920392872874,2.3980947394504506
12.706530809402466,-5.7097008598200825,1.2164505411553121,2.106022879829185
12.708381652832031,-5.622791456057439,1.1937218151106754,2.0385730535598205
12.709845781326294,-5.553695343137115,1.1771518732764075,1.985074112672954
12.71171236038208,-5.470865853599771,1.1557524363854956,1.9160507624853385
12.71325159072876,-5.389681588487309,1.1378789810484569,1.86995670112244
12.719048738479614,-5.098800455143406,1.0741395323843634,1.7389490512581887
12.719913959503174,-5.060248852730846,1.0655723176619198,1.7128623454876104
12.72160005569458,-4.99173076445102,1.0506396858825051,1.6552569596118931
12.723191976547241,-4.928095639422797,1.036260594644895,1.6056988522639162
12.725206851959229,-4.841551546161777,1.0172248328291085,1.5481278049191114
12.726702451705933,-4.761571761756058,1.0079043968215597,1.5513249535325306
12.731569528579712,-4.527144832592313,0.9753778281501088,1.533232734821465
12.733309745788574,-4.466362346993696,0.9661648069174785,1.508245053677364
12.734789609909058,-4.423509356629066,0.9572667061504956,1.4760481759148403
12.736645698547363,-4.367506546985603,0.9515917418547084,1.4393322261824593
12.738221645355225,-4.30871379780337,0.9519482899276025,1.4592486606163073
12.74416470527649,-4.09265268709915,0.9344599517467422,1.4906846760626062
12.745268821716309,-4.064679026647308,0.925746477298017,1.4632226276315863
12.746503353118896,-4.037678034583346,0.9162779862856321,1.431401952613548
12.748121738433838,-3.9974992884667353,0.9065332266960082,1.392199198366428
12.749826431274414,-3.9552292425166877,0.895592306361821,1.3540714626317554
12.754530429840088,-3.7772489004953447,0.8785734937225326,1.3861965827243947
12.755380153656006,-3.755606128343286,0.872725672849,1.3716290270038571
12.756714582443237,-3.695857167471714,0.868904382666,1.3975395413311429
12.758318424224854,-3.655041197063827,0.8599753392323914,1.3680468393008576
12.761640787124634,-3.5706046901341866,0.839682016996876,1.2895496118487058
12.763294458389282,-3.4996500692242094,0.8391874734548577,1.3118501315100872
12.769024848937988,-3.2703914972571986,0.8318252323315628,1.3444676642722952
12.7699716091156,-3.2427385833880344,0.8272935164741404,1.3200706223716803
12.771589756011963,-3.19567311200919,0.8164246754380744,1.282015898908534
12.774240016937256,-3.1051219717979768,0.8067248028326777,1.213401546159174
12.775358200073242,-3.0615768287612957,0.8013190541545837,1.1870271225756213
12.776587009429932,-2.9912744866139764,0.804975002833067,1.2092695341810258
12.78158164024353,-2.727602829495356,0.8102583151785345,1.2197069346326108
12.783316850662231,-2.6530089889714925,0.806206756638625,1.1846410716975966
12.784801244735718,-2.591839631374982,0.7989623033386554,1.141674789603779
12.786645650863647,-2.5132211511873037,0.7883193042974322,1.0873188093875892
12.788310527801514,-2.4143234136817466,0.7891805473670723,1.097909830767645
12.794241666793823,-2.074702363689897,0.7591772805270464,1.0563432811206355
12.795432090759277,-2.0165802472987275,0.7447847148080937,1.021996484979408
12.796716928482056,-1.956357118850565,0.7314399548379809,0.9897438956383526
12.798104524612427,-1.8862612313697178,0.7155456114247243,0.9584504095377453
12.7999267578125,-1.7946486934084669,0.684892396742563,0.9097327979816934
12.806525707244873,-1.4228640968484503,0.5802795836066276,0.8625991707106128
12.808370351791382,-1.3322467237922504,0.5425123590476123,0.8249432942484987
12.809826135635376,-1.2659576010427043,0.5161881509927667,0.7886761098714703
12.811723947525024,-1.1869846375039126,0.47841557923711797,0.7458554995594272
12.81324553489685,-1.110815015590358,0.44824364190714594,0.7325239582299244
12.81601071357727,-1.0013062886420077,0.39584446908123005,0.6877220104273281
12.816842794418335,-0.9612420130313316,0.3806754579556136,0.6837888563629243
12.819040298461914,-0.8665089922698527,0.34284631266833593,0.6633651541662613
12.819911241531372,-0.8342504150113035,0.3304403096616111,0.6408271842964659
12.824374437332153,-0.6802043864872088,0.269740076607689,0.5640266326995855
12.825544834136963,-0.6406803025439599,0.2515207987090779,0.5495940488744817
12.831539630889893,-0.4346430454115797,0.18608172430450323,0.5135143951279485
12.833362340927124,-0.39074218939455585,0.16413108403638968,0.5032661099005731
12.834777116775513,-0.35578278728930285,0.14497170790036693,0.4927914376460627
12.83655309677124,-0.3170510639913357,0.1241583963197112,0.48711042655133574
12.838144063949585,-0.2693490926892995,0.10637639007219596,0.48494651149777973
12.844218492507935,-0.11624870654532456,0.046033845358021165,0.4764881349668287
12.845385551452637,-0.09112619058614768,0.036903417366628506,0.47276427128806525
12.846686840057373,-0.06486706213508872,0.03141398309816829,0.4765570540771322
12.849875926971436,0.010429594555555553,0.02362473286986987,0.49071064055255253
12.856568336486816,0.1850447150805024,0.026039458719097918,0.5636070328866686
12.858294010162354,0.22736776283524357,0.02898574725157593,0.5869860828667621
12.859915971755981,0.264840245377598,0.033461931642349,0.6052498984519459
12.861730575561523,0.3012696463214443,0.04356261243549097,0.6394803125125496
12.863319158554077,0.3532674418383593,0.04854254311047592,0.6581231072851221
12.869008779525757,0.5058959014881992,0.09071772287755686,0.7213612495139465
12.869937181472778,0.5276122849746817,0.09881422615548563,0.7400735186662852
12.871549606323242,0.5658923363090362,0.11120381036517256,0.7716566670176142
12.874349117279053,0.6343531517692528,0.15212521208789007,0.8191607438697395
12.875486850738525,0.6627567988799659,0.17100370157197778,0.8379586307881247
12.881570816040039,0.8499438401813348,0.27813023122526936,0.8879946773702252
12.883126974105835,0.8863751044848084,0.3037046450797006,0.9037624484218406
12.884920835494995,0.9263168854537991,0.3337433853438631,0.9212869538296689
12.88664174079895,0.9721049060133903,0.3683445196411124,0.946275138516186
12.888235092163086,1.0272602098822858,0.390368271776,0.9463632130137143
12.892671585083008,1.1671437992310882,0.4536726346093236,0.9408257349570999
12.893630027770996,1.207870921127757,0.46550734828559154,0.927025183944142
12.896615982055664,1.271425634866285,0.4943807390158912,0.9424913341682176
12.89816951751709,1.301417517137339,0.5055010580879828,0.9511598338640915
12.899806022644043,1.3331777195156338,0.5144484787287829,0.9574527069131771
12.906531810760498,1.5583598377686139,0.5380521292989691,0.854130071257732
12.908352375030518,1.594966690369376,0.5454084223239537,0.8473042321079846
12.909814596176147,1.616824853149034,0.5510433752763798,0.8527508963909356
12.911689519882202,1.6492825221734873,0.557703259929845,0.8559615592632271
12.913208723068237,1.6873500099809415,0.5566514384717008,0.8150295543664453
12.91900634765625,1.819749741833548,0.5321132388135108,0.6684543777292113
12.919891595840454,1.8264664748699013,0.5291621430124517,0.6673923390978961
12.921475648880005,1.8321253417057728,0.5247493630368143,0.6602327147679415
12.924247980117798,1.8419461663051186,0.516892972219045,0.6533109229052044
12.925443410873413,1.8486370123132942,0.5104261576901329,0.6410704655900328
12.92643404006958,1.8668430748379266,0.49726874470998145,0.5945813388315008
12.931593894958496,1.9150777235572694,0.4296135784858612,0.4159128261188232
12.933192729949951,1.9184524552324014,0.41472689877433694,0.39160190871455197
12.934900045394897,1.9127671059015359,0.3973556652473944,0.3841443534485738
12.936606407165527,1.9163708954845948,0.3771407847571044,0.37702001179718814
12.93822169303894,1.9343093287615034,0.3404047613656759,0.3145571609641326
12.944177389144897,1.9937067313654562,0.2173759283555905,0.17212203304246498
12.945271492004395,2.000849470188011,0.20145952754768393,0.17319211053405995
12.946505308151245,2.0126701490816004,0.18842309621253406,0.18153128721196043
12.948128700256348,2.028056213131007,0.17230996484353547,0.18744054187485698
12.949835538864136,2.038946169303727,0.15593814096758532,0.20007194216735685
12.954548597335815,2.071174341756865,0.07063988516733409,0.1080272474479405
12.955469608306885,2.0773062825668527,0.058369225662662665,0.10531730354111253
12.958192586898804,2.0915009523180466,0.015528579309129513,0.07536702278796886
12.959924459457397,2.1010946299733164,-0.0020257774472681074,0.08410541872808132
12.961684465408325,2.109946704097976,-0.02300998119815195,0.09406689000366678
12.963159322738647,2.115270180121795,-0.05320290091666667,0.06365664031410256
12.969021797180176,2.131005121492704,-0.1543428027762518,-0.00023339137882689553
12.9698965549469,2.1324054874613734,-0.16293573514878398,0.007346488102288985
12.971561193466187,2.135108418745174,-0.1754489449094809,0.02407025685456886
12.974259614944458,2.1404225299696624,-0.1937398441164854,0.055533219216514024
12.975358963012695,2.1404836254850044,-0.203377949431591,0.06544912031676664
12.976603507995605,2.1456370827857754,-0.22532826711796627,0.0483765273347615
12.981464385986328,2.1558913311107624,-0.28135395826548676,0.027110655413645445
12.983170747756958,2.159376038886533,-0.29477586290071633,0.03212273743638969
12.98487639427185,2.155915179584124,-0.304853635109933,0.04949634636983817
12.986693620681763,2.1642357311964835,-0.3149530732734066,0.07084617477245422
12.988337993621826,2.166726629749858,-0.3336472808028628,0.061572620897392294
12.99423599243164,2.1721323541997424,-0.38922650386984536,0.05959246369716495
12.995301246643066,2.1717746890317917,-0.39454648981827295,0.06449747618187025
12.996546030044556,2.172770140757411,-0.399183269413719,0.07174154452212517
12.998167991638184,2.170436397657511,-0.40339643400314734,0.08472594001087268
12.999874591827393,2.1724737026357523,-0.40913157507757264,0.09406299103764133
13.001794576644897,2.168432408482219,-0.42551962103840685,0.08992156164011379
13.006622791290283,2.1544083539908465,-0.451418773784611,0.08519710285883868
13.008298873901367,2.145926504057442,-0.45416899542286204,0.09203242253001004
13.009890079498291,2.1410399474619672,-0.45812295127361385,0.09038918146865423
13.01170563697815,2.135651620250291,-0.45055736378851746,0.09161266853313954
13.013193607330322,2.125045496663389,-0.45735570795604397,0.08441214766859456
13.017751693725586,2.0817054962276433,-0.4585345507982544,0.0706324950238947
13.018602848052979,2.075428206650014,-0.46066096464081513,0.06715125628615908
13.021538972854614,2.045895245017615,-0.4528280111443835,0.05798123873086919
13.024272918701172,2.02058971375323,-0.4474746325442009,0.04655705987690521
13.02534031867981,2.0131132739954327,-0.44411410877376534,0.041638049559663146
13.026577949523926,2.008628590826149,-0.4411237793576934,0.04118262933342849
13.033509492874146,1.957774948671533,-0.42304852928467157,0.03439726021167883
13.034882307052612,1.9485068272662887,-0.41700365926767186,0.02833734073426477
13.036580085754395,1.9438051528931592,-0.4136434059728446,0.02016292465098679
13.038202047348022,1.9359381400850093,-0.405374031923834,0.026901897823135075
13.044087409973145,1.9125915115622405,-0.37281451011327804,0.05793878722987552
13.045167207717896,1.9095094769488243,-0.3693655250201936,0.05170178669543568
13.046636819839478,1.9048386317962085,-0.35858342495734596,0.04733749488151659
13.048223733901978,1.8980787665134515,-0.3499380600171723,0.0414397254012593
13.049901008605957,1.8925020973141686,-0.3412385404377737,0.038339569373357814
13.056512117385864,1.8838352850454416,-0.29671629898999713,0.10631738950771649
13.058235168457031,1.878479923990891,-0.28878202841986905,0.1088297096678053
13.0598304271698,1.8771359561101266,-0.2828826763493671,0.10679542429367088
13.061677694320679,1.8774008148352357,-0.27220294678080187,0.10692093874495172
13.063326835632324,1.8790444082627966,-0.26202336860308834,0.14101722308950532
13.069003582000732,1.8886406321715266,-0.22201043683962263,0.2383266498782161
13.069931507110596,1.8909584583636365,-0.2179493735,0.2401023531818182
13.071549654006958,1.8943400741600345,-0.21110218438977957,0.242717580997996
13.074299573898315,1.8994661385037186,-0.19433086669708238,0.246342261284754
13.075368165969849,1.9018164332502139,-0.18777754540684735,0.24961011741383737
13.076626777648926,1.8972693632114124,-0.17474358596519257,0.29117357687132667
13.08003568649292,1.9036670566195273,-0.14655674785984055,0.3645634512826969
13.081598043441772,1.9097469946789112,-0.12646396696194936,0.42526437783316257
13.083224773406982,1.9123977984655594,-0.11574567466533009,0.4472580464595446
13.084900379180908,1.9182911680830084,-0.1029636797281337,0.4591926448211699
13.086645603179932,1.927884162365696,-0.09284786620064725,0.47624868277022653
13.088269710540771,1.9236796799435796,-0.0740701559785745,0.5372850725602056
13.094121217727661,1.9021914325952214,-0.0030166052111219787,0.7429221816994551
13.095291376113892,1.9026246169132317,0.006051335903311442,0.7604191324374738
13.096570491790771,1.898487916081327,0.020064972669113328,0.7828626657201997
13.098182439804077,1.8905708533505154,0.03877516037757732,0.8083744404896906
13.099862098693848,1.8795905725239688,0.057006272696767,0.8361542384593088
13.106571197509766,1.721274148085784,0.1537957836070865,1.0772900105158514
13.108264923095703,1.6841290631017347,0.17376838262040578,1.1060714476937665
13.109915971755981,1.6571065510077028,0.1869807230250344,1.1154098483746906
13.111572504043579,1.635137731357738,0.20148626765029762,1.1248519861065476
13.11316990852356,1.5866608058778953,0.21955748530997998,1.1697867496568486
13.119044780731201,1.470343344718239,0.2775455467257862,1.3546579064566038
13.120017766952515,1.4743520422886094,0.28504648860726767,1.3800332667232704
13.121423244476318,1.4846299801532932,0.29542663279873843,1.4257421296386974
13.123124837875366,1.494842881815617,0.3114338939375891,1.4883926276796808
13.124966382980347,1.49607093672039,0.32491137505305423,1.5488515569277317
13.126570701599121,1.4595439218050907,0.34524116681081085,1.634576459075075
13.131484508514404,1.363937845281563,0.39731272383606786,1.875794143682425
13.133126974105835,1.3470308083173599,0.414497261000294,1.9494284950576217
13.134811639785767,1.3483694268584403,0.43065210973295137,2.0142676516232534
13.13659119606018,1.3494398008905224,0.44767162707593494,2.0844376018548387
13.138175249099731,1.3006004568535117,0.4706852683131061,2.178911286020276
13.141549110412598,1.2296234712295897,0.512399301240779,2.3551527461066444
13.144089221954346,1.126577369291192,0.545571306643512,2.492790219580439
13.145103216171265,1.113310542892748,0.5522964346828286,2.527367517272854
13.14660358428955,1.093942002517043,0.5674012343397095,2.5811345327700272
13.148248434066772,1.0621543214740088,0.5814635148229075,2.633844530814097
13.149856805801392,1.0229000749348733,0.5954939844032842,2.678125609799332
13.15653920173645,0.6214307168301776,0.6578853482028475,2.8762950673896963
13.15829849243164,0.5467218146958328,0.6653228691794357,2.9063429841967636
13.159912586212158,0.48945967394839607,0.6709244356652719,2.927309449729428
13.161701202392578,0.4321730391427942,0.6769318498915822,2.9533454528497134
13.163197994232178,0.3361609733267638,0.6894204278091974,2.9836458100834045
13.169019937515259,0.0029608157821356985,0.7366933687021185,3.1245935072473516
13.169888973236084,-0.02087593355367879,0.744855578174635,3.152642742281706
13.171465396881104,-0.058616739920962196,0.7635421886151202,3.206146538931271
13.174250841140747,-0.10644997315770409,0.793108453200613,3.310813605078295
13.175342321395874,-0.12451224339908974,0.8076583234731901,3.3583636696322
13.176594495773315,-0.22690457581780685,0.8328315098057175,3.4106293028200825
13.18154239654541,-0.5355701379290323,0.8953659773870968,3.5953292168167743
13.18312120437622,-0.5986893959846789,0.919405702662198,3.656490115827342
13.184816837310791,-0.6354578461052339,0.9461602401045417,3.7229336518301026
13.18666934967041,-0.6888164102475585,0.9651127288835455,3.7987464867110092
13.188299894332886,-0.8544117140514801,0.9894146698412698,3.848110889887602
13.194139003753662,-1.4025479760253552,1.0753301079765951,3.9933976512410143
13.19519853591919,-1.4245053924600168,1.0818057155753693,4.040618157658401
13.196659564971924,-1.4808228873909077,1.1088414497058996,4.112098717632191
13.198281288146973,-1.5256956511569917,1.1295993556302546,4.20160050715928
13.199890851974487,-1.56361290175068,1.1508614663814227,4.281572475859597
13.203527688980103,-2.1119616326255537,1.2179619663161003,4.266408691490399
13.206631183624268,-2.435520525698356,1.2652061122373124,4.256261034378841
13.208320379257202,-2.557815985665045,1.282192545063242,4.2818274920331945
13.209951639175415,-2.6052514561906976,1.3022551784506156,4.3241080406487
13.211690902709961,-2.66470271158252,1.3247341723027481,4.366649160755819
13.21317172050476,-2.8960014860060017,1.3470825022795083,4.284911226948556
13.218556880950928,-3.5827095525289154,1.44372675176367,4.051424814145291
13.219801664352417,-3.633249235987439,1.4677967942224703,4.078765201104535
13.221529006958008,-3.7023332649033063,1.4959434892258634,4.122749801106246
13.224303007125854,-3.8201734341402287,1.5296950652086703,4.1978486711272645
13.225351810455322,-3.8613441273085822,1.5394395721373697,4.226164491163073
13.226590156555176,-4.0565538769013285,1.5658583461976296,4.119153208569327
13.23146677017212,-4.618888035571344,1.6376484091793144,3.8501542758435394
13.233144521713257,-4.740336849804193,1.6566462525769392,3.838967413795807
13.234891891479492,-4.814276794223559,1.6753240796457438,3.8846795248903696
13.237273216247559,-4.920790362153229,1.678929448691107,3.943375661056996
13.238192796707153,-5.059228642978662,1.7059929273691823,3.8186613926500073
13.244199752807617,-5.677246026577877,1.767368965090833,3.4992336758066314
13.245310306549072,-5.728094556899985,1.7762747365069393,3.522023418309057
13.246538400650024,-5.789824277247818,1.7841256948082702,3.5467391751312065
13.248146295547485,-5.865163328901707,1.7950277840447322,3.583258593261919
13.249794483184814,-5.938463755827493,1.8054388807675583,3.616322516379059
13.25663709640503,-6.489635402502432,1.8308561093527898,3.2012575001195995
13.25830078125,-6.571746345196656,1.8349460905772108,3.2032235194277754
13.259884595870972,-6.62512835328883,1.8417599909922684,3.242391122577109
13.261699199676514,-6.7026225248319005,1.8500112576065817,3.292158400133116
13.263172149658203,-6.82350028127075,1.8549228112550087,3.197122232200916
13.26568078994751,-6.950899518194465,1.8616136860866717,3.1713784660881283
13.266475677490234,-7.014834258400146,1.860952930024035,3.111922772034523
13.269030094146729,-7.181514179109948,1.8574302492803898,2.968266350993979
13.269928693771362,-7.206630888578555,1.8561937298509175,2.982377712831422
13.27154278755188,-7.253085402084441,1.853319735030433,3.001274441660523
13.274326801300049,-7.33254442740711,1.844729557934633,3.031906745444094
13.27538251876831,-7.3567626969965865,1.838008747083345,3.027418477899161
13.276618003845215,-7.426447206048215,1.8300466685727492,2.946662806049353
13.281463146209717,-7.626862959142265,1.8060483520596227,2.792990548857163
13.283249616622925,-7.684524442451497,1.7979745135380427,2.786886824443043
13.284802198410034,-7.723335489569793,1.7918561453465942,2.8080887808305413
13.286616325378418,-7.7704734122307695,1.7846980145217584,2.836659621327033
13.28821873664856,-7.837270176863727,1.775477634807329,2.7995692543489836
13.29415488243103,-8.065642526803261,1.743161804657973,2.805496248809922
13.295226573944092,-8.095997906585684,1.7411289445715095,2.830125417191212
13.296471118927002,-8.126762799879636,1.7345192308087747,2.8553485089246644
13.298142910003662,-8.169642576595757,1.7268115852069954,2.889912482192087
13.299866199493408,-8.205220582012995,1.722016625720834,2.923542920528345
13.306700468063354,-8.320031544431483,1.6629754075632153,3.0320513808364495
13.308342695236206,-8.349731113383111,1.6611924727281153,3.069343168531411
13.309949398040771,-8.38423034626662,1.656882353558885,3.0974066019410453
13.311626434326172,-8.421625134651471,1.6564610597426472,3.132665755147059
13.313197612762451,-8.46462647504128,1.646644542692901,3.2006686114447938
13.31902813911438,-8.572195662536268,1.6095503562784068,3.500202979705241
13.31989598274231,-8.58816003507575,1.6106363699918937,3.5219515620336828
13.321471214294434,-8.615190116704307,1.6090400127944755,3.5594657964406755
13.324286460876465,-8.647227163211294,1.603226260891918,3.6233166930477116
13.325354814529419,-8.651959219080222,1.6002069607322948,3.6511289014158095
13.331652879714966,-8.483700418151793,1.5179823004882194,4.106729715855348
13.333150386810303,-8.450457966580663,1.507711315499714,4.141864312807209
13.334760904312134,-8.42817076686,1.4985008041533334,4.1535016076655555
13.336665391921997,-8.399563623921347,1.4825283316794795,4.16697551486162
13.338258504867554,-8.306204643885682,1.4522518132749358,4.309607966617319
13.343332529067993,-8.00429641288222,1.3659922568464837,4.716892136635935
13.34497880935669,-7.94433734635284,1.341368730446416,4.746061198247102
13.346523523330688,-7.898641197339063,1.321184667062312,4.74101507357413
13.34925651550293,-7.815927692000138,1.2898023682316344,4.73765424277767
13.35022759437561,-7.787726501314678,1.277962218883766,4.737077031199695
13.3516263961792,-7.631049984135561,1.253204944165293,4.915174810648661
13.356577634811401,-7.143020279306158,1.1797900428907198,5.357276626360798
13.358326435089111,-7.047799140545545,1.1564890280499858,5.401787968228588
13.359952449798584,-6.995303930489433,1.1342015288247727,5.394049793509727
13.361712455749512,-6.9321027567982405,1.102742077293255,5.384596145032845
13.363205671310425,-6.727330545885519,1.0798241474025345,5.562807459342731
13.369027614593506,-6.0491569639639176,0.9847840808943299,6.052145083497423
13.369892120361328,-6.015621372355097,0.9695160597462772,6.045211428541237
13.371467590332031,-5.959059615679839,0.9455206458298969,6.0325813410378
13.374244451522827,-5.848696422381438,0.9022488679009072,6.0149283891960925
13.37518858909607,-5.810708928854571,0.8866344690732728,6.009384596453594
13.376532793045044,-5.5845714886265885,0.8655416217330898,6.153326240181592
13.381529092788696,-4.893657415979532,0.7769859475681287,6.4465500038497074
13.38333010673523,-4.740308579548475,0.7491368631804382,6.449525059109838
13.384788036346436,-4.65475870731189,0.72391983674438,6.407690736187898
13.386617183685303,-4.546080428410612,0.6957732280801614,6.352719623026529
13.38823390007019,-4.278993598098294,0.6719150726508096,6.408821892166213
13.394190788269043,-3.430263781228457,0.5841964878728887,6.390251591270828
13.395312547683716,-3.354013154619041,0.567905374147602,6.322775522324696
13.398172378540039,-3.150875129681981,0.5345716869653643,6.163284268014741
13.399783611297607,-3.034550621669282,0.5142830259199601,6.071510739393779
13.40516996383667,-2.3185064503053567,0.44620859015697506,5.904469231545975
13.40660834312439,-2.0882385832109094,0.4304633616924175,5.86711762485749
13.408388376235962,-1.9430774432314084,0.41360586385413384,5.772886961076802
13.409783601760864,-1.8519594110927966,0.40497665035529146,5.6920225906272375
13.41171669960022,-1.7330363160854438,0.38981334336905094,5.573293318277206
13.413235187530518,-1.5226793496136497,0.3823205893172232,5.524376535880199
13.41901683807373,-0.8901896292428967,0.3445413643113799,5.238478086542911
13.41989779472351,-0.8492486776714265,0.33994261135203263,5.182139551497741
13.421523332595825,-0.7638366979719399,0.3351839268103078,5.075165257528275
13.424324750900269,-0.6183994920147374,0.32711811128573476,4.896785124580484
13.425403594970703,-0.5591635216666192,0.3239569402994439,4.82853295431955
13.42662763595581,-0.4156998558328818,0.32451804484471697,4.753303902535719
13.431504011154175,-0.001693156307340099,0.3232168046679067,4.449996291177994
13.433120489120483,0.08709816298054641,0.3311389697512516,4.352577449851523
13.434810400009155,0.15008735458589212,0.33748943479474414,4.255866304237068
13.436696767807007,0.22210935404652543,0.34532747157756705,4.136263392653579
13.43826961517334,0.35453208462718167,0.35539284675507865,4.038259836254078
13.444180488586426,0.7208900958382711,0.3893655210668384,3.6740594730681266
13.445310831069946,0.7585829551621699,0.3952481410111598,3.6078305422000283
13.446532011032104,0.794391289844187,0.40597596777934736,3.5363884383234923
13.448196411132812,0.8442085027560976,0.41787675504878047,3.4403555037317073
13.449895143508911,0.8871220331047196,0.4338181677574236,3.3500009060662745
13.456888198852539,1.243456257272024,0.4691573164649764,2.9526074527889987
13.458388805389404,1.2826777927607327,0.4788323755060103,2.8782823088912424
13.459861516952515,1.3010390252964914,0.4848989324562474,2.809251021970046
13.461631536483765,1.345296252545374,0.4907318197718002,2.7393971651968667
13.46315860748291,1.4244002333963555,0.4914245389412016,2.6584814118879554
13.467356443405151,1.5810598217835787,0.49069692056529823,2.4411744005239595
13.468159198760986,1.625408017380203,0.4892713965316836,2.399260938447003
13.469981670379639,1.6630021450546886,0.49580867146442376,2.3242173650824625
13.471520900726318,1.6845818327638808,0.4951587705061534,2.269813723728678
13.474328756332397,1.7177477947250834,0.500046434034382,2.1807445266179006
13.47540831565857,1.7319777668316207,0.49792465633719907,2.1435470415698767
13.476629495620728,1.789008829972842,0.4919659589898708,2.0736741116080446
13.481491565704346,1.9226564072451613,0.4857049836810036,1.8512944867863799
13.483204364776611,1.9421279568172705,0.48076271162637835,1.793419357060146
13.485029935836792,1.9426733234334632,0.4740331739523942,1.7528430983903118
13.486597537994385,1.9480428070297158,0.4686634720124892,1.7158655634214757
13.488199710845947,1.9861251839480671,0.45948788340437635,1.642938792343399
13.494211196899414,2.085160475721626,0.43945752840131674,1.4162563570717046
13.495285749435425,2.085014015562366,0.43073493641448773,1.3975475667068153
13.49650526046753,2.080092782636948,0.4219989388276897,1.3801002885520788
13.498208999633789,2.081918301001003,0.4051446340070211,1.3519154764994985
13.500003099441528,2.0751676487775232,0.39539610133085185,1.3243057705494632
13.506701231002808,2.1632237176501357,0.3292411454962127,1.0452268685425183
13.508137226104736,2.157475583631713,0.3170548735347654,1.015615374075749
13.509775161743164,2.143020674135364,0.30231139367343485,0.9921125102318105
13.511704444885254,2.1314594807785117,0.28396203798825775,0.9594687819207398
13.513268947601318,2.1443043112795315,0.26294499790344233,0.881660760736609
13.519150733947754,2.169347548900916,0.19797706409325563,0.6673408213480433
13.52005410194397,2.162987759198168,0.19182476131348875,0.6605245113039134
13.521424531936646,2.1538486420376106,0.18311345022477876,0.6533871461252212
13.523217678070068,2.1444939447953275,0.16735407536863983,0.6429875240412785
13.524998903274536,2.133386512358993,0.15712798850550866,0.6362092950178853
13.529220342636108,2.142840713923462,0.10366322394849786,0.48209996443261804
13.53007173538208,2.1368448797596566,0.09659866713733906,0.479011162846352
13.53376817703247,2.1336970238431565,0.05709561281597559,0.40238930199542366
13.53493070602417,2.127423403744418,0.051578837715157394,0.4021082405920122
13.53665804862976,2.1169733640727166,0.039752023409104345,0.4005975243131836
13.538283586502075,2.1141329989091417,0.01490765942106001,0.338608149015143
13.54414677619934,2.0871420545810433,-0.059176498131800336,0.18836131476219853
13.545265197753906,2.081558651685362,-0.06381295506183399,0.18762350373205272
13.546482563018799,2.071598792631866,-0.07310573788555819,0.188083552511075
13.548094987869263,2.0620464037081243,-0.08378043190041554,0.1891192772404356
13.54982042312622,2.0569898394791784,-0.0884717662193226,0.1970344309364242
13.556538343429565,2.025746666397993,-0.16485143901337793,0.07035031241471572
13.558176517486572,2.017378701438315,-0.17279829820747958,0.06526449032067631
13.559762001037598,2.008283649335289,-0.17604294549063984,0.07133129131908354
13.561708450317383,1.9994213591712862,-0.18073623632350785,0.08257917269760962
13.563174486160278,1.9899409826086714,-0.2010901648298142,0.055799571683699326
13.569026947021484,1.9508918964784956,-0.2487230238528034,-0.012637758406387508
13.569911241531372,1.9448677807963095,-0.2510119022427253,-0.011382062110007097
13.571486473083496,1.9298114915377764,-0.2520791030505602,-0.010389177510772767
13.574255228042603,1.9116748429776036,-0.25412317406159013,0.0007384501159014557
13.575298547744751,1.9029723848568507,-0.25260689331989483,0.0030905038463336252
13.576687097549438,1.8865921764314928,-0.264638287086766,-0.026067575891907682
13.581504821777344,1.8368396851505284,-0.29080789445387034,-0.07740895387260782
13.583234310150146,1.8203264107851003,-0.2964599843495702,-0.08263568113467049
13.58496379852295,1.8066896348719665,-0.30151898425271967,-0.08253610787447699
13.586687326431274,1.79405618999134,-0.3046831446472919,-0.07847544560707471
13.588294744491577,1.7823629541717634,-0.31564571548756787,-0.09702010035095741
13.591825723648071,1.754541352417979,-0.3350489401294017,-0.11421647746135127
13.594189643859863,1.7366242763519977,-0.34798789185407414,-0.13105975466805098
13.595208168029785,1.7333498308701132,-0.34850956833008734,-0.1301814466399828
13.596665382385254,1.7224320621331806,-0.35259221330101675,-0.12692697325232707
13.598307132720947,1.7126548999673044,-0.35104012296630493,-0.12527169055039977
13.599878311157227,1.6990406375969833,-0.35399225032196224,-0.12733892663292926
13.606520891189575,1.6387714774495137,-0.38883887277660184,-0.17747337624213388
13.60829472541809,1.622147422931232,-0.3916320374782235,-0.18327027390744988
13.609917640686035,1.6109595900425293,-0.3935442390391718,-0.185652105769446
13.611696004867554,1.601669966670038,-0.3941070352672237,-0.18555285795397244
13.613219499588013,1.5926758961942702,-0.4019158540513113,-0.19399956781870012
13.618990421295166,1.5621944663442102,-0.42183670937568585,-0.20773110279584175
13.619852781295776,1.5576066183186543,-0.422042286161132,-0.2062280606914525
13.62146520614624,1.5516647637263585,-0.42336044005922613,-0.20727124271001537
13.624316692352295,1.543654644467518,-0.42832768594280957,-0.20557465326346475
13.625352144241333,1.5423752681066687,-0.4296004245537031,-0.20495541186131602
13.631727695465088,1.5308298289691118,-0.4481389182205062,-0.20788499178078076
13.63315486907959,1.532793698769073,-0.451325201399061,-0.20684713756308687
13.63496470451355,1.5327660151091769,-0.4558701059718702,-0.20764604386770644
13.63655400276184,1.5359114044986804,-0.4588843773797654,-0.20675816930175953
13.6381356716156,1.5381417024439192,-0.4636728447696605,-0.202143607778685
13.644216775894165,1.5534165557277793,-0.47261211249252516,-0.17938942112299539
13.645296335220337,1.5566861575739332,-0.4746370060309867,-0.17946698235376463
13.649192333221436,1.5638251252678224,-0.4771928701381045,-0.1760263954078837
13.650081634521484,1.5629243542516076,-0.4789401733614761,-0.17476040452306402
13.65146279335022,1.5685158175213763,-0.47668858437218153,-0.16171844787554907
13.656628608703613,1.594422414664577,-0.468023332200627,-0.11507840129153604
13.658312559127808,1.6083517635386313,-0.46591382266960996,-0.10571083560676968
13.659908294677734,1.6228370252797126,-0.46424420929836924,-0.10285554650290216
13.661734580993652,1.6352850959890537,-0.4612810711996255,-0.09883684824499496
13.663240432739258,1.6501705905362551,-0.4567449680204442,-0.07358115986071481
13.66757321357727,1.6795087332754817,-0.4430197398108546,-0.009902880054419767
13.668335199356079,1.6851284656367114,-0.4390673482868069,0.01007400069216061
13.671616077423096,1.717055578914339,-0.43117849005099557,0.024017216628133504
13.673231601715088,1.7378216291319393,-0.42889492976969523,0.031607251680606685
13.675021648406982,1.763638252091975,-0.4204934101060712,0.03892807727076064
13.681540489196777,1.8636324816423646,-0.38761518704298076,0.21323753021402378
13.683192014694214,1.8938463273236854,-0.37783297120074505,0.2460295883139418
13.684913396835327,1.9311335174762634,-0.3662886900183767,0.2668946855941807
13.686700820922852,1.9723859102051282,-0.3600006116068376,0.29027589563247863
13.688295602798462,2.0076841643488437,-0.3456861200054239,0.35970655556651443
13.694231510162354,2.132420048008939,-0.3033676490576816,0.5926694318053073
13.69534683227539,2.159103179223656,-0.2984113471019355,0.6150935699482438
13.69822359085083,2.236030925442294,-0.27777129965918756,0.6854569219400205
13.699877738952637,2.2846819227113624,-0.26471416251316543,0.7345926184745277
13.70658278465271,2.410193445882086,-0.1963280847794053,1.1818156848880914
13.708350419998169,2.4489907494985683,-0.1834152484511881,1.2785030941105067
13.709776878356934,2.483431192673007,-0.1699520706218182,1.345587868596923
13.711662292480469,2.5312406519385067,-0.15212107862781846,1.4436304094612005
13.713258743286133,2.5353752749058116,-0.13496616003607215,1.588362199963928
13.719160079956055,2.5422892592996784,-0.0648452067543001,2.105110745628024
13.72025203704834,2.555265641811215,-0.05364204448049224,2.1666926954923786
13.721465587615967,2.5643335182951033,-0.03841321233247423,2.232492403905928
13.72333836555481,2.5718982565836144,-0.015009887625238166,2.327457722691045
13.724790573120117,2.577887278283495,0.0012786147800277394,2.3911429384271847
13.72908329963684,2.430938252209219,0.03884136199889594,2.6895904407085287
13.729844808578491,2.426360692162848,0.046257571693072035,2.7157992859710185
13.73163914680481,2.3451129807131195,0.06258988458147818,2.8245556750246363
13.733213901519775,2.315587682982818,0.07464802260395188,2.877864097044674
13.734800815582275,2.29629143998395,0.08765365108387997,2.916133957212561
13.736630201339722,2.271680207501763,0.09843661820740306,2.9544018616380727
13.73822283744812,2.187659970826124,0.10717114306780871,3.0300979086087083
13.744187116622925,1.9087455959977606,0.1285689779657103,3.3114743471004897
13.745264530181885,1.8836978516673197,0.1564631142183345,3.328101321054024
13.746519327163696,1.8598063485669454,0.16628876419709634,3.377929620312656
13.748133659362793,1.8272770189881191,0.1818626972877183,3.4463594563371025
13.749847173690796,1.7978313114682218,0.19034974026763513,3.5266039514757646
13.756556987762451,1.4473557898205127,0.2672750108923077,4.025155719507692
13.75818657875061,1.4008868766824034,0.2927410097353362,4.1524167976165955
13.759766578674316,1.3827824376352957,0.31790566682659765,4.276855371586911
13.761746406555176,1.348009161020729,0.3517627403266619,4.421256281884203
13.763218402862549,1.252215619728165,0.3918525249825615,4.555243900096131
13.769054412841797,0.8786006737476636,0.45991599229906543,5.024184951906542
13.769926309585571,0.8570667233278002,0.47480731568335893,5.098581514246338
13.771512508392334,0.8199472832341156,0.5030127567286777,5.229968387203206
13.77438235282898,0.7416750141054688,0.5418999820781251,5.444914343540039
13.775585174560547,0.6844600599404361,0.5567550896035417,5.521197947169179
13.776593923568726,0.5826223642673789,0.5723597166813992,5.592072477714766
13.781642436981201,0.21289207479443653,0.6461521459178317,5.906302817633952
13.783253908157349,0.13793096798368365,0.6687678046189915,6.0118014604276055
13.784952402114868,0.09080245068090417,0.6933574186273749,6.108443593172098
13.786697387695312,0.04357385736109476,0.7190120568936139,6.211122517261772
13.788294792175293,-0.10154605900387316,0.7442170997853966,6.30312189705652
13.790853500366211,-0.23848986020468002,0.7848630666707077,6.442835208411615
13.79181981086731,-0.3476077491005075,0.7978916688438117,6.488011174195235
13.794270753860474,-0.5810364638495487,0.8309766202497493,6.6121664954333
13.795303344726562,-0.6140567803889843,0.8444722534287554,6.6715362011115875
13.796521186828613,-0.6357538814527897,0.8627237227660944,6.747029985763948
13.798166036605835,-0.6732761511008017,0.8851625191059564,6.851303465626002
13.799862384796143,-0.718082339836387,0.9069032546040652,6.962979819827226
13.805879592895508,-1.3978791911518789,0.9836734064402057,7.2098195184470635
13.806829690933228,-1.567496506251893,0.9917052174967852,7.228970931389627
13.808282375335693,-1.6204809075524695,1.00464937387602,7.297788574971224
13.809958934783936,-1.6728050212503225,1.0138818440103166,7.379732954407508
13.811788320541382,-1.7171715515238095,1.008671499,7.463436689666667
13.8133385181427,-2.0215727446075253,1.0355255983565848,7.48350578106136
13.819181203842163,-2.89156146658832,1.0669852218635845,7.534775194619096
13.820077180862427,-2.9275852263936444,1.067178750256656,7.576127250270684
13.821422815322876,-2.97480574105721,1.0708167406463498,7.638633688276077
13.823368310928345,-3.0558532170776513,1.0728854807791746,7.725607881424198
13.825072050094604,-3.125910671272284,1.070808775824234,7.786730645228969
13.826683759689331,-3.456134818300264,1.075119936575873,7.727119734134723
13.83155632019043,-4.247280271602665,1.073840370908153,7.52247886201132
13.833194017410278,-4.364378186616375,1.0706917249308618,7.517842307761523
13.834918737411499,-4.4192609198628325,1.063061911452026,7.542356310362484
13.83653974533081,-4.485262474588884,1.05357478190075,7.561252215702396
13.838182210922241,-4.770282759334949,1.0502686635221543,7.445213058250748
13.84413456916809,-5.598013301805214,1.0344827116339157,7.061796269760957
13.845231294631958,-5.64015048771183,1.0304580463231165,7.07402012805371
13.846453189849854,-5.674834839431685,1.020800028131601,7.0885967755347865
13.848290920257568,-5.736261458755987,1.0114830082100779,7.122198631567504
13.849899530410767,-5.790747608125961,1.0022700397736004,7.15636548764764
13.8519127368927,-6.105320259872873,0.9915067539785138,7.007928780047449
13.856607675552368,-6.630833302489799,0.9666555519131117,6.798384511050934
13.858264446258545,-6.718189418312554,0.9543327244643165,6.81084593553898
13.859853506088257,-6.7711708995777125,0.945184392914537,6.841198379306661
13.861700773239136,-6.829543326093916,0.9338963505444524,6.881143399462419
13.8631911277771,-6.99506916355277,0.9238759123522428,6.796274355882586
13.866892099380493,-7.2949687072036955,0.9093058877468837,6.699677498388033
13.869080781936646,-7.484131008908518,0.8926754720376521,6.610655987102505
13.869958877563477,-7.505746900253973,0.8866622049831067,6.633183965357051
13.871541500091553,-7.5453815747409845,0.8763564791243561,6.667766132024042
13.874290943145752,-7.6177414912999435,0.8612919536738887,6.722595670390827
13.875398397445679,-7.648545577084682,0.8560861754875037,6.7369036403097615
13.876636505126953,-7.7471836636333435,0.8409405138544546,6.672774027431344
13.883800506591797,-7.989772455388385,0.7679638446019824,6.589255893116991
13.88499116897583,-7.994754419032668,0.7547112466530783,6.595519360526734
13.886719703674316,-8.004644439341769,0.7401730505053625,6.61043192978507
13.88831639289856,-8.0417070832893,0.7158171008150594,6.594181637033025
13.894200801849365,-8.053759949648827,0.6339460342879221,6.647596708274756
13.895336866378784,-8.058720421515464,0.628940707128866,6.649113994046392
13.896593809127808,-8.05687387935968,0.6176579620899199,6.669813770579038
13.898277282714844,-8.063840610483055,0.60768999307722,6.693917776898756
13.899883270263672,-8.075860358582519,0.595868360307456,6.707533753115052
13.906590700149536,-7.954493143303376,0.4844220585014426,6.964987076074005
13.90832233428955,-7.945556834802292,0.4622779345558739,6.986193302527221
13.910006046295166,-7.94238014656392,0.44574087399753626,6.976249262010403
13.911667108535767,-7.931475247885406,0.42488617731648415,6.964938424692216
13.91330361366272,-7.841890915805365,0.39148515839783105,7.035419512909247
13.9190092086792,-7.497072722317304,0.3018470245800773,7.211215351492915
13.919889688491821,-7.476417026471877,0.2955560204864749,7.189710896739802
13.921496152877808,-7.438490102261847,0.2860420532412312,7.15421363539456
13.924251794815063,-7.350655812192693,0.269207790117401,7.068117797764082
13.925361633300781,-7.3088305866557475,0.2661814917339866,7.0414100117164375
13.92666482925415,-7.14128151887043,0.2475214909907868,7.114326964103977
13.931582927703857,-6.636224611623121,0.19572776794505653,7.262304806373444
13.933195352554321,-6.546419119121099,0.18167637848067564,7.2451304793003155
13.934894800186157,-6.498028599011061,0.17004715747562474,7.199124178751742
13.936662435531616,-6.443167362547823,0.1565132733053435,7.161036221141446
13.938289642333984,-6.2410451442869395,0.1342111375763075,7.254639659475421
13.943973302841187,-5.669685307264824,0.055163700221426526,7.556597582757519
13.944896697998047,-5.653340815144085,0.047103613345459754,7.566006115435405
13.946424722671509,-5.629473307672854,0.02791687225205862,7.589389699822052
13.94825530052185,-5.605270707104477,0.0026467707761194045,7.623009403179104
13.950003623962402,-5.5883418325823495,-0.021993301569840168,7.667628183729674
13.95673131942749,-4.895327336132658,-0.15937355402941597,8.233992853716265
13.958120822906494,-4.843349227833691,-0.18602931663944994,8.290782619580147
13.95988655090332,-4.812626334213067,-0.21763411485828205,8.337549137322048
13.961722373962402,-4.7872294668230735,-0.2526335881608422,8.377798329810792
13.963230609893799,-4.601693042821096,-0.2895624938769143,8.51186576266409
13.969018459320068,-4.056170230445256,-0.414182622044225,8.88266595422327
13.96990442276001,-4.0458420198272504,-0.4324126894036067,8.90035318934507
13.971499919891357,-4.0254288924163335,-0.4633570726664763,8.931679047880069
13.974280834197998,-3.984787253250394,-0.5113400837927231,8.984216121794011
13.975352764129639,-3.9601868955553177,-0.5288175967002141,9.010741029176302
13.976592779159546,-3.783269972830835,-0.5537608086522484,9.101622694351178
13.981668949127197,-3.2458604360140404,-0.6464879539524355,9.349088638408595
13.983255624771118,-3.1763238555576097,-0.6698613719588707,9.380209890988393
13.98495364189148,-3.140631862299652,-0.6937426467569937,9.395877642897146
13.986792087554932,-3.0900566825482874,-0.7211081646429517,9.419340556381302
13.988157749176025,-2.8967762768567344,-0.7332631151770089,9.476873616220189
13.994270324707031,-2.225050604498998,-0.7800828477555111,9.58028266816032
13.995368003845215,-2.1859721429717753,-0.7892707833502681,9.567161155292126
13.998125791549683,-2.0816968265215317,-0.8089850405199421,9.50546621131734
13.999868392944336,-2.0130601081725916,-0.8179818516502294,9.454412328380448
14.005088329315186,-1.378240087883548,-0.8269279456643777,9.30477617622575
14.006636381149292,-1.150386624304162,-0.8246233757799063,9.250881807861356
14.00827407836914,-1.0339033749727558,-0.8273062247610541,9.161741861364447
14.009899377822876,-0.9635969064383103,-0.8307134304525303,9.058819577663042
14.011734008789062,-0.8820342748659808,-0.8252654423983836,8.937827277341366
14.013238191604614,-0.6615403750411311,-0.8171849752262211,8.837089602838047
14.01905083656311,-0.014253398798740338,-0.7774134699009447,8.374414241189235
14.019980907440186,0.02342762777497852,-0.7739610603312339,8.289065842468364
14.021636486053467,0.09352272098081878,-0.7653315616115087,8.12512787588434
14.023202419281006,0.1621902269997216,-0.7503264187257795,7.977573859379454
14.025012493133545,0.22860750783631678,-0.7362490124931977,7.790585882329944
14.031538009643555,0.8709035785751325,-0.6611067570782123,7.077778834778542
14.033140420913696,0.9598185355374695,-0.6547095233533458,6.895846561670297
14.034838438034058,1.0214328290061128,-0.6393186236449013,6.714623117716033
14.036649227142334,1.0733761111152882,-0.6211523916942355,6.525274482817043
14.038340330123901,1.220165058438544,-0.5989629151665953,6.320547849019272
14.044165134429932,1.6376470212892793,-0.5254385255809285,5.630196308934477
14.045257091522217,1.6620744260683118,-0.5149764206624844,5.515460019755611
14.046494722366333,1.6892110079752505,-0.5008657547240719,5.386166604493813
14.048121213912964,1.7154431643429675,-0.4811169399125769,5.217907977096723
14.049840450286865,1.7436759667500001,-0.46317972150000003,5.047951874500001
14.05674123764038,2.206154518196406,-0.37493061527984595,4.228269553115533
14.058148384094238,2.2347419692711616,-0.3604321241026056,4.0919814366612695
14.05980372428894,2.2510237650830773,-0.343822634325747,3.9503266335326725
14.0617094039917,2.2670541075788875,-0.32893485646436194,3.7879798633084363
14.063139200210571,2.3599718893590835,-0.30597071440843004,3.621175192941401
14.065966844558716,2.447017692709251,-0.2661725400704846,3.3530631021629955
14.066763639450073,2.507491947786784,-0.252978084585022,3.2501795796528636
14.06907057762146,2.626617220367426,-0.22098696469116172,2.993385644965478
14.071528434753418,2.618539658089,-0.19846948780999998,2.845529193124
14.074362754821777,2.6177363414204873,-0.1848089329803725,2.678749507060029
14.075425624847412,2.624283672475264,-0.17856666572387436,2.6091103949088383
14.076653003692627,2.6889056436903838,-0.16829477533310172,2.4691967431623123
14.081502437591553,2.8499738222427022,-0.14127556405782596,2.0114260547206007
14.083112001419067,2.86725010591134,-0.13816539116185567,1.907301946571134
14.084922075271606,2.866876744371369,-0.13480928758715086,1.8385668031261173
14.086691617965698,2.864030315989432,-0.12783149558858065,1.776266747160869
14.088321208953857,2.9152693238700613,-0.12666285270646127,1.625098278625303
14.094167232513428,3.018337692317336,-0.13546346100489717,1.2055954898472085
14.095214605331421,3.0096544824936338,-0.1350605619917448,1.1772967304289912
14.096509218215942,3.008225803405822,-0.13799243875,1.1479894391857877
14.098302841186523,2.9929718771340403,-0.13002991339888054,1.0980316067092355
14.099951267242432,2.973955281160145,-0.13679843892090554,1.0664858363365008
14.106582164764404,3.0127358792041026,-0.16751436181641025,0.6428458034565567
14.108176469802856,3.0026101801606195,-0.1769640616391797,0.5913111837174817
14.109769344329834,2.9853452645816585,-0.18288148866708542,0.5700490040929648
14.111568450927734,2.9677983837612967,-0.18643358093133805,0.5463557830648474
14.11327838897705,2.9555365055403087,-0.205034906864494,0.44595969560248716
14.119166851043701,2.918986431121616,-0.26443666775075203,0.19913267890846584
14.12013030052185,2.9092059851027074,-0.26778243919939837,0.1911243158732273
14.121526956558228,2.9013246944038875,-0.27456633239659856,0.18262573979705587
14.123302698135376,2.8907575616086034,-0.28003446538234045,0.17745934365473326
14.125028848648071,2.880998007792082,-0.2874527364606271,0.1775005357679526
14.127117156982422,2.8632303055129524,-0.3141740939433233,0.08699664192543294
14.128294467926025,2.8503084803965937,-0.33014850486131386,0.0395081326836983
14.131563186645508,2.823120814669478,-0.35443858983516796,-0.017089772857469626
14.13317608833313,2.809887239827863,-0.3645137048668482,-0.026234441996846783
14.134882926940918,2.795695721925574,-0.36964563074034695,-0.023687499798545047
14.136751174926758,2.780313338386101,-0.37695378660087786,-0.020628135387271398
14.13813829421997,2.7653575054109414,-0.3952773336704757,-0.06287795244665048
14.141879558563232,2.7292720949601454,-0.4312478450911761,-0.12618094489260245
14.144227981567383,2.7106494310293954,-0.44829854568403454,-0.16065129281916968
14.14526081085205,2.7072247496602118,-0.4490548025622736,-0.15320695661632766
14.149245262145996,2.6899651827667777,-0.4542876982129784,-0.11690211243108709
14.15016484260559,2.6871560278402664,-0.4568730883111481,-0.10815373423460897
14.156724691390991,2.6624453457035595,-0.5217422816704136,-0.16793641157457848
14.158211708068848,2.66195156577332,-0.52847662002049,-0.1589694243759851
14.159885168075562,2.6577322061469304,-0.5376625728213126,-0.14699689599407198
14.161775588989258,2.65662174091305,-0.5460909631638845,-0.13419308362055452
14.163311004638672,2.651433315897714,-0.5607646373278572,-0.14499633576571427
14.169029951095581,2.636922712993421,-0.5948453490916762,-0.14787920583438213
14.169928789138794,2.637174881348684,-0.5962680070107266,-0.13997601442991991
14.171513319015503,2.6398974552132417,-0.5943867972067928,-0.12972131435210663
14.174299240112305,2.6386462462849205,-0.5920418162468759,-0.1060186681953624
14.175323724746704,2.6403766029444444,-0.5895866844409171,-0.09815268709259259
14.181684017181396,2.6279713251450807,-0.6009844355656387,-0.08541110443671072
14.183123588562012,2.622812032346711,-0.5975524901457646,-0.08006308555152644
14.184939622879028,2.6141556245288635,-0.5949122129577981,-0.07328684465659845
14.186711549758911,2.605721570083213,-0.591876489408119,-0.06658332323981508
14.188176155090332,2.5968278033337637,-0.5934485831429391,-0.06033875979684587
14.194291114807129,2.5710210930334765,-0.5741181286004292,-0.023932538958798284
14.195361614227295,2.5652656446971043,-0.5700694928880446,-0.02097209222276376
14.196577548980713,2.552905529315797,-0.5653940452246273,-0.01838943789363532
14.199790000915527,2.5352327848043026,-0.5509534142428869,-0.02257145747050659
14.202480792999268,2.5136108973634013,-0.5369962791631715,0.001208057860959494
14.203256130218506,2.508885579277219,-0.5315617943260558,0.01285370154610744
14.206576824188232,2.485757739179856,-0.5123395405570401,0.03735606795889003
14.208228588104248,2.474815385127343,-0.5030272153733462,0.04303023257400772
14.20982813835144,2.4626493228497766,-0.49640081359374066,0.040423236865573774
14.211769104003906,2.4510122737451767,-0.48337550812362445,0.04252692501672145
14.213300466537476,2.4410493852963016,-0.47379344897772385,0.06763339703855491
14.21749496459961,2.4235739810390555,-0.4516124636918455,0.13324133253648068
14.218276977539062,2.418699435081974,-0.4471452838806867,0.15224283239341918
14.221570014953613,2.414260814181858,-0.4297752082082783,0.16462361420827828
14.223215103149414,2.4143079636139295,-0.419242084300086,0.1629132321504729
14.224990367889404,2.4057250546666666,-0.41140008450000004,0.16266101883333334
14.231585502624512,2.3919938602558966,-0.3722259542423984,0.3246151784273941
14.233189105987549,2.3942868275434237,-0.3602189583823051,0.3457061304811363
14.234972953796387,2.396843653245783,-0.3496253246702914,0.35383546406942706
14.236670732498169,2.398443550450382,-0.343314977278626,0.35530024818702294
14.238268852233887,2.399849145916214,-0.3351169663401487,0.4130590847586503
14.244274377822876,2.4090481016796086,-0.3035108306578212,0.6056392170835195
14.245332717895508,2.4182425792015674,-0.2983248548637353,0.6096324571262516
14.248182535171509,2.4443530871665704,-0.28643974094663976,0.6313391085124027
14.249929189682007,2.466772320915856,-0.27533645066871776,0.6485429885064397
14.256606578826904,2.512375923772682,-0.23679701826934543,0.9993919748787449
14.258286476135254,2.5375535601886177,-0.22587865714619365,1.0603744569649667
14.259875297546387,2.561394948029038,-0.21645414307441016,1.0998298809147005
14.261720180511475,2.5865759104891843,-0.20762915422128034,1.1430462810244082
14.263211250305176,2.574250502407976,-0.20187020104977765,1.2405495480935302
14.269080400466919,2.5249737257314626,-0.164043724289436,1.563053624488835
14.269977569580078,2.53388530154509,-0.15539020538476953,1.5863265928456913
14.271580457687378,2.544172260625215,-0.14080669439424728,1.6290190034743846
14.274308919906616,2.5675039621738445,-0.1162962911303477,1.7023077347916726
14.27542495727539,2.5743895005467383,-0.10332578896611126,1.746392218417961
14.276607513427734,2.5468512499734537,-0.09322653210081898,1.8389279597565658
14.27980089187622,2.4949779301228876,-0.06004149195151011,2.0264421597272095
14.281497240066528,2.454347873462176,-0.04242309091813472,2.126116033765803
14.28312873840332,2.4425757524765657,-0.026046770660885767,2.1914615645533897
14.284818172454834,2.445445148984924,-0.007408140413692947,2.234732333170954
14.286690711975098,2.4526110423709677,0.010196445612903225,2.29398404366129
14.288301229476929,2.4076698479865715,0.031143660592857142,2.4120238393434286
14.294170141220093,2.3100123902948573,0.10501558268250419,2.831551842227222
14.295307636260986,2.324024067909518,0.1136650504769389,2.8851534356108988
14.29662799835205,2.3344281087250294,0.1234344981523208,2.9420105059490305
14.298110008239746,2.345160774040349,0.12937277841508085,3.0029605990635284
14.2999587059021,2.3523686114972118,0.13683557622350923,3.071846471925497
14.306648015975952,2.0818763698226306,0.17824016616914035,3.487985931041146
14.308292865753174,2.062747175652862,0.19278634105992934,3.555624712199152
14.30988335609436,2.0439690050926655,0.20685354635528913,3.6263422085590973
14.31161379814148,2.047918124452979,0.2243205341988514,3.7108936300854274
14.313308477401733,1.9723620645596196,0.24057017149451354,3.840626268847842
14.319048881530762,1.7645268872530153,0.30366077645553996,4.235569801833661
14.319914102554321,1.7570624383800841,0.3100260338029453,4.272892071138148
14.321485996246338,1.738790544033392,0.3197383424929701,4.341422989000878
14.32425570487976,1.7106610988724256,0.34252976359124715,4.457873240320652
14.325258016586304,1.6981989838522744,0.3537433789735707,4.504117333916122
14.32658576965332,1.6106698147838365,0.364803398255112,4.582710913504382
14.331507921218872,1.355886911729036,0.42578649166086713,4.85328502504478
14.333141565322876,1.320744448771134,0.447070710142268,4.956006884179382
14.33484697341919,1.270416347707898,0.4704033367751776,5.060469421463435
14.336679697036743,1.2326498211268,0.4997502204841316,5.18303943106744
14.338279008865356,1.1287057985051223,0.5327066414575982,5.31270309768839
14.341363191604614,0.9878943551966775,0.5876969424882444,5.548940188259187
14.342256784439087,0.9129737297255999,0.6016749796296187,5.6193345511793025
14.344980001449585,0.7501278861244974,0.6412530830512962,5.812807088998336
14.346495628356934,0.7124769674147505,0.6560176472316702,5.899401163334057
14.349212169647217,0.6411883443411529,0.6875679147259334,6.064376657088542
14.350092887878418,0.6129699454471463,0.6956642523036761,6.1137852750996995
14.356626033782959,-0.01289991141594457,0.7714372282224148,6.495878274298671
14.358194828033447,-0.09965591388993249,0.7927341752850015,6.575019148915762
14.359905004501343,-0.15054648181362057,0.8131592214088951,6.666247930347325
14.36169695854187,-0.20593309304397225,0.8361173137917958,6.755775072537554
14.363230466842651,-0.4204081621964592,0.8581736739117647,6.817875094494432
14.36904001235962,-1.1341198244095427,0.9326445491868788,7.111111099357853
14.369924783706665,-1.1671566804511504,0.9471202105671684,7.173931311025277
14.371504545211792,-1.2221275995924186,0.9746031339850132,7.2931747491046135
14.374318838119507,-1.304687474956905,1.0150093424789424,7.497370126080313
14.375360012054443,-1.3451594013630137,1.0314195719977168,7.566228276926941
14.381531238555908,-2.3208253686304476,1.0622259060235821,7.722431639511941
14.383217334747314,-2.435726508857593,1.0662416107655648,7.777787784561901
14.384917497634888,-2.4824921104344444,1.0672044834247223,7.8409712476380555
14.386690378189087,-2.5309698222481902,1.0643662580317625,7.915134942535381
14.388323545455933,-2.830380765152112,1.0595017235293949,7.903742625214612
14.394161701202393,-3.600956404916571,1.0361355628031823,7.8698888557733655
14.395212173461914,-3.6146590055467316,1.033334993368836,7.903436886949111
14.396439552307129,-3.649524901469957,1.0171394037845494,7.9655247847236055
14.398292303085327,-3.7105198178743115,1.0039200619610225,8.072486055141505
14.399872303009033,-3.771433795348316,1.0037816186750976,8.17900652885836
14.403496503829956,-4.45923879426509,0.9802312135266559,8.142784605252606
14.406606197357178,-4.78321798171976,0.9716497418812344,8.19016221367471
14.408339500427246,-4.88637383033491,0.9598372460042993,8.283939159622527
14.40996527671814,-4.9160591962495355,0.9443219592139694,8.374706870979145
14.411726713180542,-4.972341796114855,0.935028105416834,8.472790232427874
14.413245677947998,-5.211135777207104,0.9293632812580231,8.444772673302525
14.419032573699951,-5.819622439663035,0.9056453331160939,8.502260986942582
14.419947385787964,-5.839752943361274,0.9034232346454317,8.542548881749372
14.421512365341187,-5.888136527024685,0.9018329103773142,8.618725306790479
14.42316198348999,-5.940894761591967,0.907286399387023,8.717938337006432
14.424968004226685,-5.993192773248683,0.9081789010062379,8.836228926303853
14.42655324935913,-6.1825955907653825,0.9059700533235945,8.839974789015494
14.431671142578125,-6.661946827546661,0.887512827341895,8.918146523571918
14.433332443237305,-6.733383866878926,0.8824255148988847,8.977366345632962
14.434805393218994,-6.7744031698467735,0.8737303068281749,9.04125043659667
14.436707973480225,-6.832393635682657,0.866162072015203,9.116691149920738
14.438088417053223,-6.910501158964291,0.8471174220295672,9.136421377125268
14.444141626358032,-7.194539819445018,0.7735448613991068,9.290410201570891
14.445172309875488,-7.226044750931343,0.7644368795339102,9.329636526245883
14.44661808013916,-7.263527570610984,0.7505726770480549,9.380605460827804
14.448216199874878,-7.303323751561968,0.7335590747023495,9.434528106695742
14.44992208480835,-7.341243219283956,0.7200689990114498,9.493482678151137
14.456780195236206,-7.3047535234739005,0.5725919878796187,9.832975408585483
14.458324193954468,-7.330483859920307,0.5486953168315716,9.892058496512378
14.459965705871582,-7.3770897967442925,0.5264502841409817,9.956645791268265
14.461755752563477,-7.43374130851591,0.5037993504339813,10.032426536129158
14.463316440582275,-7.361603055690931,0.46294307989037276,10.184898259916496
14.465746879577637,-7.344951423765682,0.42508519842441606,10.327123571524167
14.466594696044922,-7.267502567595857,0.4026688091445571,10.430191536967387
14.469069957733154,-7.054503705450422,0.34380262261453715,10.685846414519817
14.46996521949768,-7.067969904825154,0.33345488277478896,10.710152883045357
14.471554040908813,-7.087671652845483,0.31747557159333906,10.748150200348057
14.47430682182312,-7.103499548276659,0.2885151290805139,10.790411083268523
14.475287914276123,-7.100162056771584,0.2784776345880503,10.80812716667696
14.476484537124634,-6.920595145128789,0.24874991608333333,10.929463453075757
14.481573343276978,-6.292814205588235,0.13754303052941177,11.293781658705882
14.483201265335083,-6.210331345305994,0.11014919155749928,11.32395924298566
14.484766483306885,-6.199168348314563,0.08700964758571428,11.313475612627046
14.486619234085083,-6.184202112964503,0.05931807365537642,11.29944965561988
14.488242864608765,-5.903634476454065,0.017085701553221887,11.435463365939421
14.494166851043701,-5.0529265813707935,-0.12067003305419281,11.769449747566172
14.49521803855896,-5.041989955008557,-0.13819211334740444,11.753928886089989
14.496445894241333,-5.030887544932046,-0.15859050132546496,11.743966635212447
14.49811601638794,-5.017842389787621,-0.18502250557494865,11.73712203247756
14.49986481666565,-5.001953125045118,-0.21155309982958515,11.731808072532058
14.506632089614868,-3.85872164249767,-0.34154024224628604,12.098742099567433
14.50822639465332,-3.7673794285192606,-0.3714213899476117,12.110351132305086
14.509825229644775,-3.742118468691342,-0.395880548107461,12.104134569899548
14.511672973632812,-3.713929185311837,-0.4262736894723416,12.093483109819433
14.51335096359253,-3.366842243438912,-0.45596844055274144,12.16746359905713
14.519213676452637,-2.4589523477624304,-0.5516601301670392,12.305558795144133
14.520155191421509,-2.436364294443855,-0.5685531380994414,12.2931301934838
14.524351596832275,-2.3453202129024255,-0.6485347801360468,12.234524434076665
14.525384426116943,-2.3041789822004692,-0.66813281521102,12.222734325617234
14.526587963104248,-2.015685826584994,-0.6872556822473623,12.246732886748536
14.529155731201172,-1.5328354584168926,-0.7257465228533314,12.258993910281639
14.529963970184326,-1.5150554259372235,-0.7403950296531602,12.239967665629049
14.533816576004028,-1.0883064115612515,-0.7962756338742841,12.163211522565582
14.53497838973999,-1.0589832085958932,-0.8167781255375053,12.117596974612935
14.536678552627563,-1.0196271766492986,-0.8455148611892356,12.046518011758803
14.538280010223389,-0.714005061531492,-0.8600125289725267,11.985743691954552
14.54421877861023,0.11424555454530201,-0.9027228806837249,11.639390117799916
14.545321702957153,0.14311209319492982,-0.9141831981765969,11.562300569683043
14.546562433242798,0.17490138160799198,-0.9307666773487538,11.461930108635205
14.548179149627686,0.22334011566187262,-0.9481229835198122,11.328454611447608
14.549877405166626,0.27071499648666014,-0.9635638078498394,11.187222846732086
14.556631565093994,1.1754330440521354,-0.9666727012035345,10.481799656214728
14.558239221572876,1.2553526844442373,-0.9648031770926032,10.307889841872134
14.55992841720581,1.2875075637055642,-0.964731315445539,10.128600149908422
14.561750411987305,1.3244762414391882,-0.9673847696822924,9.922630237152065
14.563122034072876,1.5040421441670853,-0.9553214535814744,9.742322949217758
14.56905460357666,2.0288172935826774,-0.9138318880154617,8.970567109566499
14.569925308227539,2.0291262757874016,-0.907264678100501,8.865632765182248
14.571640729904175,2.047870666098295,-0.9010955516489468,8.676096849555668
14.573251247406006,2.0624075678158005,-0.888568134200229,8.478570272398741
14.575159549713135,2.0817202868545706,-0.8713811268702216,8.257832550119252
14.576515674591064,2.2085202896237828,-0.8510119419907053,8.063422633755385
14.581596851348877,2.5447899615623935,-0.7957589676726495,7.350454418456695
14.583203554153442,2.5824339485214254,-0.7805918818685024,7.130193789861876
14.584884405136108,2.5902380949944073,-0.762540818057047,6.92020422642953
14.586679935455322,2.5953164474173387,-0.736397222594103,6.69679703673214
14.58827519416809,2.6950154227016117,-0.7080768954304665,6.463573820417486
14.594170570373535,2.929958897973574,-0.6014751796161912,5.644219515655202
14.595270156860352,2.9164687444506434,-0.5821500490529922,5.522315824229027
14.596489191055298,2.9098324967595532,-0.5611507441998824,5.381831606017049
14.598111391067505,2.8927635522311212,-0.5320514281001144,5.1979520662402745
14.599868297576904,2.8728423622923516,-0.5042353138298785,5.002689745295926
14.604808807373047,3.0146066153288644,-0.3992547907473816,4.3176796206409715
14.606698751449585,3.073558745273101,-0.3545941863347023,4.051128016353182
14.608351945877075,3.0657726476967357,-0.31960545840120275,3.8704244702147763
14.609764575958252,3.0243313089460253,-0.2962194559682008,3.7296947876790796
14.61168098449707,2.9786750254475973,-0.26232644565532715,3.552454149069919
14.613303661346436,3.0150511292850735,-0.22328213860185317,3.344608444786883
14.619080066680908,3.071765304726739,-0.10835325691701593,2.720670348585359
14.619963645935059,3.0532216798181055,-0.09596957870243085,2.6646634582740987
14.621547222137451,3.006331277097582,-0.07913708835727572,2.5584903489054227
14.624299764633179,2.963601727457057,-0.0638152431024907,2.3883689059613515
14.625267505645752,2.9461393063989725,-0.055653945190639265,2.332599951666667
14.631690502166748,3.013481781427986,-0.020686538427400467,1.719668361340164
14.633136749267578,2.9922584672652244,-0.020143071064765726,1.6337738614456225
14.634945154190063,2.9570610907745576,-0.017771510668524455,1.5544673191482512
14.636734008789062,2.923856691192246,-0.012105925136290205,1.4823263024125422
14.638312339782715,2.937291443305778,-0.009666767862700229,1.341509191346682
14.644272327423096,2.924893626240397,-0.002942767648135214,0.9580040546583322
14.645323276519775,2.90772568236098,-0.003230277387050566,0.9295933927801174
14.64653491973877,2.8915312767692307,0.002214344897435898,0.8991970080512821
14.648192167282104,2.867899954612137,0.004588756978158898,0.8613853228003517
14.649918794631958,2.844617437801535,0.0033573209131891133,0.819494068975157
14.656639337539673,2.812518028892447,0.0004184637144679041,0.45770669791115204
14.658332824707031,2.800843597186862,0.0006911418335552599,0.41911319683666226
14.659952402114868,2.7903694996553847,0.0018357515683916084,0.40493678151776225
14.66167688369751,2.77512732020762,0.0029136028433219175,0.39020536642508563
14.663274049758911,2.7762683203667544,0.006247569865435356,0.31692657992348283
14.666602373123169,2.7631406043940028,0.009173678752186588,0.2281334132898792
14.669100761413574,2.7599251818140735,0.007501594036613273,0.13853309481021167
14.669987201690674,2.7564189312728833,0.010841319441647597,0.136725157222397
14.671597242355347,2.742410947540378,0.018378320739690722,0.13316388585910652
14.673136711120605,2.736689866408356,0.024235022774645874,0.13425301528044067
14.674820184707642,2.7338172762170574,0.029605905277219433,0.1362171467977387
14.681480407714844,2.697790428863957,0.02652391381003733,-0.015262983009124844
14.683197975158691,2.683686729135151,0.02519557323369887,-0.03174002371487848
14.684880495071411,2.6697211530088962,0.025206043664164582,-0.031976807061996106
14.686675786972046,2.6539262903174183,0.02106767946212791,-0.03883598209932214
14.688289165496826,2.635676636773059,0.01082827658072358,-0.08332785942242243
14.694292068481445,2.58727626000083,-0.01157392729626556,-0.18423836361950208
14.695388078689575,2.578956293816484,-0.01508227747227987,-0.18725946347909875
14.696681499481201,2.5674188556049513,-0.018205493237177586,-0.1913105118633264
14.698126792907715,2.559845484419078,-0.0200354355647379,-0.1927247935704669
14.699766874313354,2.5489607136465646,-0.025183643772408094,-0.19249041848106843
14.706677198410034,2.5008388826666668,-0.03599663072486772,-0.2670142504074074
14.708130836486816,2.490404296228836,-0.03721506163977072,-0.27121393736199295
14.709821224212646,2.4740021407984343,-0.0412725900417948,-0.2759137689341627
14.711766958236694,2.4562749965289465,-0.0439798394733988,-0.278468417652792
14.71330213546753,2.4392673145852615,-0.047453329913453295,-0.2956757303967438
14.719033002853394,2.388199036957215,-0.045915310250419464,-0.3234531363392058
14.719924449920654,2.380294242026846,-0.04690979798993289,-0.3227870098590604
14.72153115272522,2.369266575049993,-0.05018850778760177,-0.32393829544536495
14.724341630935669,2.3474455005277273,-0.05279325424025702,-0.324785452704428
14.725398778915405,2.3401193631835038,-0.052783916752846716,-0.32613855440554745
14.731666803359985,2.3037125140820143,-0.034093091607194245,-0.31127744171366906
14.733129978179932,2.2918968336908447,-0.03443533461256081,-0.30663708037019016
14.734790802001953,2.2769534143669548,-0.03364607414293675,-0.30744953161688493
14.736721277236938,2.2614753267134873,-0.03207223611354611,-0.30658415442535664
14.738102436065674,2.250863676907103,-0.026224465502643988,-0.29714832918307843
14.742582321166992,2.2109221478399657,-0.011770268784139708,-0.26590625729458917
14.743463277816772,2.2043998931491555,-0.00661908652676782,-0.25567957099198396
14.7466139793396,2.1747096026980643,-0.005637730645304659,-0.24820678140845878
14.749246597290039,2.1472285265251543,-0.009797793130626654,-0.24964854370991468
14.750117540359497,2.141241062849956,-0.012208392676963813,-0.24842512348764342
14.751525640487671,2.1325071598685055,-0.004248609301295446,-0.2324066984954729
14.756641626358032,2.125272311133736,0.01097346011878056,-0.15820831025266033
14.758353233337402,2.1295914461413425,0.014999005746760895,-0.14773615382332156
14.759778022766113,2.1307973214263565,0.012856970325581396,-0.1483011397364341
14.761719226837158,2.1345689942634074,0.01157845696148148,-0.14419930555911112
14.76309323310852,2.1413536478176756,0.0183680991150771,-0.11343367210793832
14.769100189208984,2.1978409314614393,0.039073520892974674,0.025100312216769206
14.769975185394287,2.2092266987128344,0.040509156733581346,0.03185298041393619
14.77155089378357,2.230422047104751,0.04427843374069834,0.044293739084144246
14.773313760757446,2.2543766688302322,0.04742361963899227,0.05156508853421128
14.774816513061523,2.277458917039485,0.0547636040248927,0.06271368466309013
14.781537771224976,2.3618290339555745,0.09450011383468604,0.2730834378433718
14.783247709274292,2.388803029870935,0.10639785517409861,0.3037908045679176
14.784930944442749,2.420120246415247,0.11752848129349344,0.3183823931211952
14.786685228347778,2.454430198877848,0.12874248164839042,0.33299035766955754
14.788282871246338,2.4817226171091273,0.14558430022211113,0.4076240524185117
14.794198036193848,2.576850932752409,0.20711166859474933,0.6431739091717638
14.795280456542969,2.593304978776707,0.21186690555048177,0.6540245700347717
14.796522378921509,2.62202735754879,0.22470587729258987,0.6710407307820984
14.798177242279053,2.6628526385886224,0.2384223008887936,0.6954237298589194
14.79988169670105,2.7021328820974144,0.25375593964262755,0.7171950327506639
14.804206371307373,2.760968727652222,0.31471016819396375,0.9671178543679911
14.805077314376831,2.7841266589231624,0.3250853208816281,0.9846013505741381
14.808255195617676,2.833066781244712,0.3662044360243831,1.141470869052732
14.809934377670288,2.8861510324317825,0.3906966491622047,1.1873492599559055
14.811736822128296,2.9458191069459,0.41406145822921414,1.2375519905901196
14.813125610351562,2.96493559826615,0.4394115987708872,1.351771420187195
14.819114208221436,3.0890958495637726,0.5437177524927295,1.8359593962991274
14.820043802261353,3.125336777567927,0.5563669486594655,1.8837807841058025
14.82141923904419,3.176521862485332,0.5735833732093759,1.9512403776064136
14.823235988616943,3.24054652528624,0.5962116739080205,2.0457129880426783
14.824952840805054,3.296961826562422,0.6160413147652426,2.128747374313563
14.83169937133789,3.231743123497705,0.718059973303713,2.711395168530663
14.833317756652832,3.2408201253434923,0.7398675870656655,2.7896428508112483
14.834786891937256,3.25885575476662,0.7603021025427374,2.8492284369430165
14.836753368377686,3.2881156347183924,0.7934673838256087,2.943793656355676
14.838119983673096,3.242999435274675,0.8244406930861305,3.0855129393643765
14.84433126449585,3.087827497541055,0.9524455755393761,3.602126582146034
14.84544038772583,3.0900783733136823,0.9698579837778266,3.6497392594205893
14.84926724433899,3.0794965154360705,1.0301992014030792,3.807955571126393
14.850245237350464,3.0780768372947214,1.0486250022690615,3.848019392520528
14.851651191711426,2.983146535417368,1.0731776287028376,3.965395729649508
14.856660842895508,2.7234104424816996,1.1559110384786853,4.273406529143965
14.858257532119751,2.686918159208972,1.177778970028809,4.329178872920883
14.859837293624878,2.665741165728162,1.19336901182949,4.370854460630888
14.861713647842407,2.62946515887898,1.212077326788647,4.415658972506267
14.863207578659058,2.509032566252107,1.2360804003119732,4.508228692193403
14.865642786026001,2.404943940798582,1.2691267602196499,4.61209475006931
14.866480112075806,2.3260974400015915,1.2875246346922298,4.675719334248734
14.86908769607544,2.09919177093978,1.3400598228768417,4.866811072804892
14.870004892349243,2.076073285245602,1.3531925041317407,4.911369773247031
14.871629238128662,2.039327097143307,1.4024700127637795,5.018605931822047
14.873259782791138,1.926364712317635,1.4179232867905813,5.085803548663327
14.874809980392456,1.8737361996171995,1.420647023911769,5.174327661543906
14.881086826324463,1.2352474521268537,1.5385255443542798,5.690786512823374
14.881871223449707,1.10006424361709,1.5557997301713404,5.762814180922038
14.88482117652893,0.9574235531789208,1.5802447982566397,5.942218235216382
14.886711597442627,0.8783643864383159,1.591814014131436,6.0669448871119265
14.888095140457153,0.6218778066323908,1.6125339573650386,6.193875577674807
14.894212484359741,-0.37019528935020796,1.7122816955502653,6.695520003361394
14.895307779312134,-0.43476576021097774,1.7331535489391081,6.8096910206320755
14.896546840667725,-0.5051873179702687,1.7438796852274157,6.936880756183962
14.898249626159668,-0.5956849027101304,1.7625820519942685,7.110604223200888
14.8998703956604,-0.6879749103830397,1.7756367192857756,7.2605241865209855
14.906667232513428,-2.158306644563772,1.8403854363901122,7.4455919598658085
14.908158779144287,-2.316267920892514,1.8393396265281263,7.483303476370737
14.909815549850464,-2.4122900838338217,1.8285657919208873,7.560246793192131
14.911758422851562,-2.5284864967494487,1.82006954977121,7.656981483808852
14.913259983062744,-2.9309621842907143,1.8425589705882857,7.608678471499285
14.91918158531189,-4.111098151110636,1.910206318864671,7.4564252489351635
14.920049905776978,-4.1581073286611945,1.9135350053770175,7.482283407737205
14.921631097793579,-4.246165413391105,1.9169813699570053,7.523866831684952
14.92321252822876,-4.336485063929502,1.9222390445048,7.567404242943831
14.92502474784851,-4.40906139518324,1.9228010647340783,7.609101566624581
14.927631616592407,-5.02053159419079,1.9720265206690504,7.318403611936785
14.928431749343872,-5.21608406930921,1.9881802950048628,7.218980973911041
14.93168330192566,-5.6515968547757565,2.0361073073130593,7.047717254133295
14.933288812637329,-5.779980732796236,2.055978257816671,7.039377939563511
14.934767723083496,-5.840124728967128,2.0725908086401383,7.068983290168685
14.936639547348022,-5.92270820984,2.093392659343668,7.105677262729965
14.938260078430176,-6.225676127241048,2.124832003737052,6.9340348026095
14.943723917007446,-7.035998001108505,2.2348269807906718,6.528914519495881
14.944902181625366,-7.099048863190616,2.2514339862178465,6.586611101042313
14.946621179580688,-7.201032880777524,2.2764517928996004,6.68204431787279
14.949246406555176,-7.368277437785096,2.299660690017304,6.803100548763606
14.95020318031311,-7.415130954402455,2.309170890731231,6.8452730750427015
14.956625699996948,-8.261351736713971,2.420612630269706,6.416669382126911
14.958356380462646,-8.359854750680315,2.4346673415219757,6.453965946038081
14.959956884384155,-8.431797670214971,2.4492916321505493,6.511345668041185
14.961777687072754,-8.509956842440188,2.4622651882080144,6.583426756337655
14.96314001083374,-8.68098010428551,2.490227713466705,6.489290896245785
14.96914291381836,-9.23913946706073,2.5798696967327936,6.303352678793522
14.970030069351196,-9.275694915992183,2.58213052137233,6.334079498364512
14.971610069274902,-9.342899906881494,2.5873417258299702,6.391458123905968
14.973224401473999,-9.405489132282653,2.5911906666733198,6.457757028214998
14.974820375442505,-9.466049865751625,2.602360399195132,6.514858144574333
14.981557607650757,-9.92555875922298,2.6537272809425527,6.428481765724015
14.983220100402832,-9.999546069513293,2.6591492017615783,6.4386793596247855
14.984928607940674,-10.031128997621796,2.6502945435079477,6.497733088586138
14.986790418624878,-10.074356260720188,2.6573440820297396,6.5414720349365165
14.988147974014282,-10.112554569877945,2.6583413299721625,6.5468739551567445
14.994309902191162,-10.150490720496204,2.6498786244210226,6.741377152414435
14.995407581329346,-10.158109875851174,2.6460894681777334,6.7599310362912135
14.9966299533844,-10.16527301092902,2.639337063907842,6.782186139311964
14.998248100280762,-10.17261309340411,2.6266716245626425,6.8020592176942065
15.004961729049683,-9.993105295090245,2.536945149586592,7.054971071686721
15.006520509719849,-9.885255222734239,2.500579807957255,7.1666010860498925
15.008210897445679,-9.822969442226512,2.4748941708043755,7.188777838418276
15.009846448898315,-9.781787128360698,2.4532620128872473,7.162786764479025
15.011758804321289,-9.73041055030022,2.4329651827976453,7.134041774769684
15.013118743896484,-9.592124184714898,2.3949211525398915,7.248172766108665
15.019078493118286,-9.00926421505811,2.2522872312131583,7.628575781298784
15.019960880279541,-8.978332739732783,2.2433740429668947,7.608195414445732
15.021544456481934,-8.918102302766716,2.228048767095748,7.570312529008505
15.024277210235596,-8.818236450960994,2.2010774977719674,7.516485159495928
15.025256395339966,-8.78614618377111,2.188105973969567,7.501173281195886
15.02642273902893,-8.606835880892326,2.1493654002484313,7.648187380832859
15.031499147415161,-7.989041485417425,2.0181275068357287,8.118462389501321
15.033196449279785,-7.877101348718253,1.9884756443460272,8.181481229643236
15.03490138053894,-7.834858097992592,1.9643035212457023,8.181236779195387
15.036653995513916,-7.80994876816393,1.9408092151948682,8.187544584707185
15.038314819335938,-7.566822683864915,1.8903402982416109,8.42064913595302
15.0441312789917,-6.915137890090707,1.7519813393611499,9.083118240663131
15.045156955718994,-6.914663385373988,1.7403502015813563,9.104103965180297
15.046612739562988,-6.91043795115362,1.724683568101924,9.14093097888662
15.048191547393799,-6.901867309698251,1.702220306865109,9.178738212998137
15.049855709075928,-6.893680416338995,1.676987168028404,9.212793429107336
15.05206561088562,-6.529433368895792,1.6001630264706557,9.50781800530418
15.05672550201416,-5.8863404888437,1.4555010246480766,9.956536942128128
15.058359146118164,-5.819931992345658,1.422679795442247,9.993501483767842
15.059978008270264,-5.796018476064366,1.393790990370238,10.000438570908816
15.061731576919556,-5.765192479639249,1.3592051296486367,9.999115534155566
15.063106298446655,-5.508237252792196,1.3084903656700013,10.131165485457768
15.067003726959229,-4.998751303054046,1.1808859723222762,10.3429186187821
15.069122076034546,-4.655241734214368,1.106348292652261,10.470801844579851
15.070057153701782,-4.636948916699199,1.088021288407842,10.461834163517459
15.071422815322876,-4.607761619264289,1.062333837060593,10.444245846044693
15.073158979415894,-4.56640280971592,1.031343821303104,10.419502982777285
15.074970483779907,-4.5254831276631915,0.9984375833375232,10.385208762198971
15.08163070678711,-3.483670702007446,0.7825336238495905,10.556078909486224
15.083294153213501,-3.371013939955021,0.7495016242919352,10.517583545354103
15.084780931472778,-3.3131671605296305,0.7277696583836244,10.463920151393358
15.086688995361328,-3.231947716882193,0.6983912314561981,10.395634949523762
15.088313579559326,-2.930207803753921,0.6501763092339606,10.396101652358427
15.094099283218384,-2.08468386778728,0.50813715408738,10.226927523477581
15.09521770477295,-2.031276078840567,0.49414612193754476,10.158664463747172
15.096426486968994,-1.9702539996349706,0.47830710628139766,10.080135260407992
15.09815764427185,-1.8803723408632076,0.4583993761132075,9.96011394668868
15.09992527961731,-1.786000575270866,0.43959246494015747,9.830050786781102
15.106774806976318,-0.7829518797170731,0.32674001834146343,9.346318693270732
15.1081223487854,-0.6919795618235901,0.3223864345193639,9.223991159969076
15.109771966934204,-0.6143720354386871,0.3186475523060056,9.068115146629191
15.111694574356079,-0.5210580868716743,0.31973791814581803,8.884139721082317
15.11335277557373,-0.26991165938539585,0.3081118832699343,8.728782554410547
15.1190824508667,0.37741718104967786,0.305889004634073,8.135721486750466
15.119961261749268,0.4127569311146743,0.3140526228700071,8.044891691634358
15.121554851531982,0.4829210973976784,0.32726139225236456,7.8800947524411
15.123202800750732,0.5540641478058419,0.3438578875725945,7.704495974070446
15.124943494796753,0.629270405994928,0.36462639073584646,7.514352846932557
15.129152059555054,1.1117487981424476,0.4031193841745486,6.980199933520493
15.129974842071533,1.1441571025454285,0.4156814410838349,6.883695758051305
15.131553649902344,1.307483032194572,0.43510437839498955,6.676112029196659
15.133146047592163,1.3919854473505155,0.46149721336730487,6.474115727046097
15.134835720062256,1.4500270896939798,0.4843633240686401,6.264936930639068
15.136708974838257,1.5027483118718241,0.5215116440785041,6.042742547069655
15.13830280303955,1.636215163583977,0.5448616489164521,5.8275448549841204
15.144282341003418,1.987008127835385,0.6178449607457772,5.035095367062268
15.145314693450928,2.004604323374803,0.6281430423322835,4.9130979832393695
15.146531105041504,2.0165867651680744,0.6462427149267,4.780578154621474
15.148149251937866,2.0330520450093044,0.6703200864566276,4.623189979870598
15.149845361709595,2.0506787372690667,0.6899973057009107,4.467995381513802
15.156736850738525,2.2776661258743607,0.7387602879380079,3.7526727362762564
15.158349514007568,2.279713050580756,0.7451891071546393,3.6209924825463915
15.159948348999023,2.280149703226523,0.7490741394427054,3.509544054501677
15.161676406860352,2.2828097975592376,0.7440537751854839,3.392954287384604
15.163265705108643,2.3326181032977025,0.7355999310178393,3.2515673181772518
15.169053316116333,2.4708590916307887,0.6787942309691253,2.758201659009863
15.169916868209839,2.464898913051315,0.6744266436152087,2.7037443293497714
15.17151403427124,2.4523864438309455,0.6602713127936962,2.6080766617507165
15.174333333969116,2.4279467396610994,0.6361415432602426,2.4550751831147752
15.175289392471313,2.420528364073862,0.626442287264591,2.4018650327356883
15.181644201278687,2.542612906473203,0.5535363939341146,1.8913637290487353
15.183302402496338,2.5384772898643386,0.5403610574247282,1.8252160587298225
15.18497633934021,2.5184130781032534,0.5281977643272984,1.774163171345686
15.186704158782959,2.4978304020346274,0.5169644941398066,1.7216231299047755
15.18832278251648,2.510512854831422,0.5000674810194954,1.5963614264518349
15.191087245941162,2.5255714343946156,0.4890126988701353,1.4683162970662575
15.191962718963623,2.545201060954279,0.479786530686098,1.3952462981440206
15.194177627563477,2.5594363730254224,0.4568246309892443,1.268445683267216
15.19517469406128,2.5437820558149182,0.45380601034753454,1.2540756612359267
15.199205160140991,2.485700769444206,0.44512806192875537,1.208805863176824
15.200104475021362,2.472868590030758,0.4425071673238913,1.1995206119230328
15.206488132476807,2.4842128271651207,0.36571136325688597,0.8618417148491508
15.207495212554932,2.479316288874284,0.3501629179180985,0.8231112908957617
15.20875358581543,2.465625670731497,0.3334493195444636,0.805496704663798
15.211571216583252,2.4211560409456445,0.2956296119296238,0.763227417080103
15.213204383850098,2.4203674139768703,0.2702590629985722,0.6751947601956024
15.219221115112305,2.3739972650529553,0.1907774797987984,0.4423406086240045
15.220168590545654,2.3567748535724466,0.1815658027695962,0.4393261094631829
15.221819639205933,2.3347966662104334,0.1634953760397878,0.43323010017152963
15.223403215408325,2.3042902501454443,0.1463554001061577,0.41674732543131787
15.224963188171387,2.2783473392329316,0.13126524084538152,0.40642213377409636
15.226593971252441,2.2574849435163373,0.10729450100131868,0.33523559924893775
15.231681108474731,2.179033930382496,0.05452049415177042,0.18713481025842377
15.233268022537231,2.150107836637903,0.043928346847592406,0.18198777343896333
15.23495364189148,2.1246148238277596,0.03196744861622074,0.18091977806354514
15.236513614654541,2.095487384806576,0.021845142501707944,0.1798871688031597
15.238133192062378,2.070788231603428,0.0035342933156028364,0.14370065961288417
15.24430513381958,1.9660334699686977,-0.05414071019899385,0.027382528525433204
15.245341777801514,1.949045288034325,-0.05966131140331808,0.025858005277459954
15.246547937393188,1.9274423363941648,-0.06797199450643593,0.021089017227831807
15.249898433685303,1.8721764797078508,-0.08746308584427284,0.01189944561132561
15.25665283203125,1.7942504003842321,-0.11926165967409144,-0.07461591967672919
15.258359670639038,1.7782620309793755,-0.1243814780799198,-0.07530759612489257
15.259975910186768,1.760850424204346,-0.1320413382769188,-0.07369593445298787
15.261677503585815,1.7501976137598174,-0.13666445847227535,-0.07074886520503015
15.263267755508423,1.7365395609282857,-0.1403076180924286,-0.08559616864657142
15.266992092132568,1.7203813438255764,-0.1519039501067391,-0.0996841083030392
15.26919937133789,1.7165180639310345,-0.16104617776923077,-0.10989619231830239
15.270083665847778,1.7161213086333937,-0.16323013307287448,-0.10703339836409326
15.274357318878174,1.7220889871801481,-0.17223550265864426,-0.0894214857007975
15.275383949279785,1.7241087129448434,-0.1720934569913818,-0.08738779760586038
15.281664371490479,1.742583868560474,-0.18393491140982438,-0.08363981850406968
15.283223390579224,1.7476989046045845,-0.1882856106103152,-0.08155582252722063
15.284795761108398,1.7566249844860455,-0.1928611373057106,-0.07929212782310005
15.286775588989258,1.7693184819613899,-0.2004272253861004,-0.06787686106563708
15.288108587265015,1.776719099826236,-0.20743699549499858,-0.06322952147842241
15.294321298599243,1.816790818850793,-0.22319033754637702,-0.007898925624124625
15.295356035232544,1.8231099330283627,-0.22671137921615814,-0.0033589209832402232
15.296563148498535,1.8318611055126774,-0.22937162852843432,0.0019750862271880813
15.299845933914185,1.8462890496421405,-0.24002414309141581,0.01821184005852843
15.306682586669922,1.8590886988705848,-0.25383690456529384,0.11798525866129268
15.308156728744507,1.860183436631104,-0.26153945471316054,0.12729578332779606
15.309808492660522,1.864200744572327,-0.26849904505911953,0.13373937611320755
15.311787128448486,1.8648790921354967,-0.28073410975974955,0.13917687100028464
15.313291549682617,1.870025056862079,-0.28393723378209085,0.1745727466457874
15.319236516952515,1.8685845308067133,-0.3041096596248951,0.26803446022853145
15.320130825042725,1.870233873835944,-0.30669129665412587,0.2688569873777622
15.324352025985718,1.8813410511849147,-0.32250175930413627,0.2790666617128954
15.325388431549072,1.882860042655632,-0.3268793830700161,0.2826236739481471
15.331600904464722,1.9021022076943326,-0.3356580664122555,0.4338682842643844
15.333126783370972,1.912322956055376,-0.3379129704618096,0.4523812909820799
15.334984302520752,1.9241798460434227,-0.3438244818952746,0.45923371961047255
15.336723804473877,1.9323789293226972,-0.34912743579641925,0.46405156390947155
15.33809781074524,1.936410835483421,-0.34805174066073713,0.5086855455431906
15.343608379364014,1.948214412909327,-0.3305580236244529,0.6672484930615427
15.344825744628906,1.9577473128144147,-0.32978416714688186,0.6779372239132933
15.346516847610474,1.9730705711457537,-0.32942637347751985,0.6912958078145754
15.349259614944458,1.9948423207353885,-0.32758849162212306,0.71337661070219
15.350127220153809,2.003416787453201,-0.32834977458446085,0.7200040134399498
15.351486444473267,2.0014959665428163,-0.3210178311371266,0.7723491494753911
15.356682777404785,1.9994696649540717,-0.2953917580768892,0.9447942878064564
15.358325242996216,2.0170223809025614,-0.2917589618663614,0.968061747932036
15.360013008117676,2.0429550569304746,-0.28815610679059117,0.9868322765149875
15.361697912216187,2.0736990511023214,-0.2831274383878456,1.0062964228555376
15.363329648971558,2.079911736728854,-0.2673349491019778,1.0831820812686213
15.36909532546997,2.148609035922959,-0.21335925841000278,1.327627371383115
15.369954824447632,2.1743267669183615,-0.20917509040011145,1.347640966324603
15.371541738510132,2.219963656624301,-0.19774588456192999,1.3886937930194174
15.373181581497192,2.2735669910437957,-0.18346775159038214,1.4411886882202662
15.374880313873291,2.331151453311819,-0.16642859486588432,1.4901035396219613
15.381548404693604,2.4094678284051283,-0.07516835128615384,1.979776629403077
15.3832688331604,2.448321328002863,-0.05583822470684226,2.08579873446493
15.38497519493103,2.489913249820225,-0.04222086706741573,2.176703372202247
15.386682987213135,2.5292869312942394,-0.030467763389660264,2.2640840084612996
15.388275384902954,2.501277096660944,-0.00698173139084406,2.406745756499285
15.39421796798706,2.3579932277663134,0.07643117702398215,2.8234812071226996
15.395282745361328,2.352653861364473,0.08379316256999442,2.8575966317883434
15.396508693695068,2.332630159493827,0.09557060426748971,2.8966434214691357
15.398167610168457,2.30489896850501,0.11089695958316634,2.9410805995591183
15.399884700775146,2.272052767902102,0.12496614989684736,2.9683216325143804
15.405070304870605,1.9984073067150592,0.20468968056724496,3.13568923521263
15.406640529632568,1.8958669754026483,0.23359329640032014,3.1915690962622234
15.408275604248047,1.8421753587548948,0.25788143740029007,3.2230248720717913
15.409910440444946,1.8086384077757411,0.2824405219424316,3.2547933439030503
15.411749601364136,1.7635763361626342,0.30169509029377234,3.282361618722548
15.413140773773193,1.6713168479065301,0.3336600152471191,3.3303987900358516
15.41908049583435,1.4020967828935753,0.42767129456522346,3.5205494633114527
15.419945001602173,1.4014161978863129,0.42754732030851955,3.538499160967877
15.421632528305054,1.4050849934040834,0.4263548760396592,3.5855655320831374
15.423318147659302,1.4174288480960138,0.4240068261314473,3.6602028582000283
15.424787998199463,1.4289652989981942,0.4312514290845951,3.7409551350243087
15.431550025939941,1.2465588589462981,0.5672396671151367,4.412693482022483
15.433146476745605,1.2117854614977974,0.5966078815246696,4.574384844118502
15.434818029403687,1.192643991718056,0.6223795484390449,4.736580209397151
15.436805009841919,1.173208450970938,0.6478333660475561,4.928666234367239
15.43816351890564,1.0563325216811303,0.6761968552429346,5.065242931079647
15.444241285324097,0.5687619347556445,0.775268806945413,5.632307672867105
15.445229530334473,0.5392794103851101,0.7843874853199486,5.715912863648042
15.446420907974243,0.4973166009540758,0.7909290061595866,5.820587683661309
15.448250532150269,0.4385563645355701,0.8082717886217458,5.98797037444675
15.449840784072876,0.3792378231354136,0.8246302947430085,6.141718248320135
15.451884031295776,0.11233715885525947,0.8643496862110741,6.328313157125312
15.456740379333496,-0.5942506645601617,0.9576731424629497,6.679338386364149
15.458272695541382,-0.717278350408368,0.9666367065709986,6.764267543045852
15.459997177124023,-0.8197379922966941,0.9694743804218161,6.850284785375088
15.461758375167847,-0.9202953620921477,0.9726614591368298,6.924739053604747
15.46310806274414,-1.1929057418195987,0.9943488774815991,6.944885278158176
15.467522382736206,-1.942053199295023,1.0544623173496837,6.974358454236047
15.46836256980896,-2.1468775802058397,1.0751507009509493,6.965017151928222
15.469821214675903,-2.285059644665338,1.0930066264952314,7.030193186577509
15.471678972244263,-2.395495818645107,1.1069821679796488,7.14299202739225
15.473276853561401,-2.5014731452998236,1.1246383810549676,7.24014892935244
15.474947214126587,-2.607780452036323,1.1402712451204247,7.3337717393006425
15.481659650802612,-3.9456353385242395,1.289585863883821,7.205120881830608
15.483263492584229,-4.089521215865676,1.3035020373686768,7.244505540022006
15.48497724533081,-4.194612247135543,1.3126261002958455,7.30647516302266
15.486694574356079,-4.305247893017606,1.3189214352790493,7.3663843444401405
15.48830533027649,-4.661377303927391,1.3542725422437096,7.258923941048167
15.494296789169312,-5.686078153821754,1.4604821072363325,6.956200640331719
15.495297193527222,-5.755025602388338,1.4659194547320407,6.979764746828428
15.496504306793213,-5.8315654480364065,1.4618220420686288,7.008691191296415
15.498121976852417,-5.952250227219691,1.4602425141778106,7.039426848039824
15.499846458435059,-6.063100971916607,1.4655118295893086,7.0808040104346395
15.506770133972168,-7.129009810185535,1.5616152487562893,6.551663777567324
15.50818419456482,-7.236668761284813,1.5745859008421053,6.546322092861753
15.509802103042603,-7.300730554825486,1.581477745396954,6.581910039140422
15.511770725250244,-7.404008493061593,1.5913544075486141,6.600010326198856
15.513219594955444,-7.631010542987848,1.6308520768520371,6.431498535940672
15.519050359725952,-8.204511980368093,1.7297737700274258,6.0634740929412505
15.519958734512329,-8.229350844402617,1.7414150884445219,6.085717977804121
15.521551132202148,-8.28963390741007,1.7689821552949663,6.109961264991169
15.523232698440552,-8.349978125244235,1.8008954805891706,6.143582913053717
15.524978399276733,-8.450190562463781,1.8373013239715674,6.190604343693956
15.529808044433594,-8.876261607407667,1.904741996614592,6.115146524035037
15.531577110290527,-9.019994369561138,1.912359440294075,6.122493453408219
15.533186197280884,-9.122957269674593,1.9160503498210557,6.176574430327436
15.53478717803955,-9.210089047647907,1.9191337082625848,6.253216945276442
15.536773681640625,-9.315840885085844,1.9238649403225252,6.341312412766605
15.538171291351318,-9.438633193224018,1.9319482484967705,6.322629296430123
15.544301986694336,-9.787315675525669,1.9557446864641785,6.409068621770342
15.545442819595337,-9.821982278570896,1.9622522254033228,6.453412706702664
15.546473503112793,-9.852388110835005,1.9680963158613578,6.492734639164709
15.548219203948975,-9.893531566465596,1.970934497511468,6.548146471559633
15.549821376800537,-9.931266050584169,1.9779053953567447,6.5972537688918615
15.556821584701538,-9.996377183325704,1.993907235359319,6.893395591228436
15.558228015899658,-10.014904396980938,2.0028827773533724,6.937857848401759
15.55989122390747,-10.035944069072894,2.0118234520473948,6.975076442918515
15.561762809753418,-10.052591901027595,2.0201175016616846,7.01395790897528
15.563133239746094,-10.00262119766784,2.006071238188444,7.110678074507259
15.569169521331787,-9.655870727255587,1.9281597744836676,7.454877510140974
15.57003378868103,-9.62630464247765,1.9224797843153294,7.443047625936103
15.571602821350098,-9.571602285330735,1.907492198464087,7.418876747626949
15.574845790863037,-9.444423367989353,1.87357591814696,7.354013089501401
15.58154010772705,-8.730269192416753,1.7217001501027187,7.739664897763997
15.583233118057251,-8.631066929858267,1.6963274954850394,7.736437523559055
15.584962844848633,-8.567774189688938,1.6780321356153314,7.6747310649840585
15.586731195449829,-8.487154065254526,1.6625221903706755,7.620326885832328
15.588314771652222,-8.23103185818569,1.6298424585823057,7.779574322177373
15.591957807540894,-7.7720151706441625,1.5747413419844418,7.965709113146017
15.594197750091553,-7.400578670758297,1.5407116350673575,8.157713415456378
15.595177173614502,-7.361687858531999,1.5344626008082902,8.126774821422488
15.596630334854126,-7.30451976320799,1.5233315865922445,8.076853052407756
15.598248958587646,-7.245136061148848,1.5094542116054102,8.02686708607142
15.60668158531189,-6.071447339113667,1.4128365108345866,8.486553231264486
15.608471393585205,-5.964109961491039,1.3979086262421505,8.46645555165319
15.609809637069702,-5.9221335474285715,1.3876806118571428,8.429284181285714
15.611547708511353,-5.868368570150873,1.3724370588164512,8.377795401537007
15.613113641738892,-5.583659329108068,1.3506548635214959,8.494756191393993
15.619091272354126,-4.62679955828015,1.2713250820904158,8.797267605633051
15.620022296905518,-4.596096774165531,1.2621233768101265,8.775093780416748
15.621645212173462,-4.538975984185856,1.2398142972282593,8.723376828215754
15.62330961227417,-4.477402079975345,1.2229022396117477,8.676158551881363
15.624985218048096,-4.406995620780292,1.1984069289186479,8.624823360558006
15.631510019302368,-3.251153926027798,1.0745495789326993,8.725231272273591
15.633195161819458,-3.097860624986506,1.041610443620442,8.654265982631927
15.634878873825073,-3.0214655631252447,1.0136018712514676,8.552510535441291
15.636749267578125,-2.9278428605475355,0.9780127770044014,8.426897718893485
15.638122797012329,-2.657754038133808,0.9483261538405694,8.391405551860498
15.644324779510498,-1.760858169679219,0.8233610948145049,8.04246313239191
15.645386934280396,-1.7132724806449713,0.805780221008099,7.94856305374908
15.646600008010864,-1.6582012678044469,0.784794084335444,7.827172528552791
15.65001630783081,-1.4876764903570607,0.7316883621598738,7.499196846124569
15.654909610748291,-0.83794725482282,0.6417603693795925,7.063939485768196
15.65678071975708,-0.5884568283113479,0.6149554985678284,6.87932624987932
15.65816044807434,-0.5074688429589322,0.6019330420440012,6.726412837874744
15.659825325012207,-0.436944423927894,0.5891260980553696,6.545442914083264
15.661744117736816,-0.357620958411808,0.5768782168900176,6.330935542777826
15.663086891174316,-0.19019286556233042,0.5656524212304727,6.191119391134228
15.669188499450684,0.3457986159640308,0.5406132109413576,5.535957185758572
15.670064449310303,0.37125843377704687,0.5415829140061581,5.448979616791462
15.674402713775635,0.5047637911846988,0.5486286352218098,5.008249431220525
15.675496578216553,0.5510898417395714,0.5539076234557143,4.900811548624286
15.681573629379272,0.9615186314421399,0.5763205182015448,4.281854500090974
15.683319091796875,1.0184055434432535,0.5855742923215387,4.1105029134454565
15.684784889221191,1.0475698854716713,0.5935636922245042,3.9792565180580737
15.686727285385132,1.0873215554197322,0.6075463418245244,3.8061722033377023
15.688323259353638,1.1645062609746668,0.6126701556103382,3.64405411922053
15.694292545318604,1.3679197403470358,0.641877749057047,3.093482253342282
15.695413589477539,1.3800221584579055,0.6477209917782341,3.0089525405626283
15.698185205459595,1.402660111195391,0.6658056839380189,2.8060933932580876
15.699897766113281,1.4167601259626939,0.6753628010687439,2.688523372756602
15.706702470779419,1.6226576078576476,0.6885663811642868,2.2373805781011336
15.708234548568726,1.6501382473056392,0.6937821441215383,2.1708106740256854
15.709875106811523,1.6704676807984886,0.6990441570125945,2.1150394957329977
15.71187138557434,1.6898312251370944,0.7038216954171295,2.054030909914791
15.713176965713501,1.751331616923924,0.7078335705915916,1.9886613824554555
15.715880393981934,1.8165265097386707,0.7160401427621532,1.8905671655641307
15.716643571853638,1.8471712445558914,0.7159414770582258,1.8532658211321067
15.719217777252197,1.9412095412072998,0.7125584551120616,1.7325381708588536
15.720116376876831,1.9481886996372968,0.7131872074944396,1.7137437605757058
15.724367618560791,1.9944481771066571,0.7076893779899784,1.6142531751904081
15.725449562072754,2.0083184406122214,0.7070514446282125,1.583956292826385
15.726677179336548,2.061453651974015,0.6949663122998286,1.5038423762125928
15.731083631515503,2.1678996520168523,0.6634911598233983,1.277982560671309
15.731878519058228,2.1941132265525067,0.6563240015158774,1.224941109562674
15.73480486869812,2.208958786216583,0.63719959733599,1.1478845376661073
15.736766815185547,2.216810536399236,0.6274548884024678,1.0989731479529965
15.738168954849243,2.242872946839668,0.6160013823090883,1.0141103689015432
15.744348049163818,2.308349476399553,0.5575544304351774,0.7154648827478346
15.745346784591675,2.31066668516763,0.5480461908936416,0.6961204374595376
15.748239755630493,2.309123231983061,0.537759576312871,0.6582006932180396
15.749941110610962,2.3057763368846262,0.526472371050406,0.6424581886283954
15.756857633590698,2.3429020862894854,0.47689145030444346,0.35783388781346237
15.758349180221558,2.3403882960194924,0.47628953422215853,0.3510542593094453
15.759782791137695,2.3400231017128545,0.4760193835100167,0.34942608112353923
15.761683225631714,2.334296711484359,0.468116422014099,0.34477527267513586
15.763296842575073,2.344365966363506,0.4612010406571183,0.28221934634746493
15.769162893295288,2.351822624097162,0.4178944976537117,0.10971018507115896
15.770030498504639,2.350350326311897,0.4107065452250804,0.10448513305144694
15.771612882614136,2.322545874277022,0.40630828214101644,0.10494565897494632
15.773239374160767,2.3740292340809543,0.4060649488045674,0.1037972020137608
15.774798393249512,2.3670929670326544,0.39100018352790955,0.08318958465741
15.777338027954102,2.355440343742696,0.3605278421472375,-0.00808421700491756
15.77815842628479,2.3544375440717387,0.3502917868706971,-0.04003168829823547
15.781662940979004,2.3490198836107203,0.32472456143058,-0.1136647791397188
15.783272743225098,2.345488222584754,0.31414068035606824,-0.12863945860882647
15.784968376159668,2.3412139597958985,0.30380833650976563,-0.14033584337304686
15.786712408065796,2.3399355359632374,0.3011225292117412,-0.14022345526845256
15.788296461105347,2.3415535335459894,0.29215718903016924,-0.17880605072303163
15.792220830917358,2.3491253719785408,0.2739587296909871,-0.22042917608583693
15.793137788772583,2.347692439862661,0.2707245804223176,-0.23818657734935622
15.794830799102783,2.3501598835022963,0.2652946423916493,-0.24024581442922757
15.79664659500122,2.353212221441476,0.26315125753446494,-0.22880118070671585
15.799298524856567,2.357035549865435,0.2555478664532704,-0.2198349640977642
15.800180912017822,2.357371960023747,0.25278021692001107,-0.2167617608062769
15.806824207305908,2.3383319808271317,0.2123915634033109,-0.2821819887015822
15.808226823806763,2.328778856647774,0.20613789298176677,-0.28021412273837454
15.810009956359863,2.3203406695267574,0.19886754546456464,-0.27696959036563495
15.81149435043335,2.315025577947111,0.18943713877752905,-0.2716681674906954
15.813232898712158,2.30909872155424,0.1802708793247076,-0.28344263687046783
15.819144010543823,2.273071270007795,0.1481188276241648,-0.28793698317984406
15.820009231567383,2.268105008765312,0.14238690042246657,-0.28619914529969376
15.821606397628784,2.2629150768390907,0.1338569728045468,-0.28035170974638324
15.823266744613647,2.252914234556191,0.12478393830454676,-0.27326341664598225
15.825066804885864,2.24463583805328,0.11620624731395016,-0.2689063039696362
15.831514835357666,2.212699517347584,0.08174471451004703,-0.2470557860584295
15.833169221878052,2.2018954601847285,0.06960497442232012,-0.23878097575124815
15.834849119186401,2.1952145600645028,0.0614123538782706,-0.2297579237701133
15.836740970611572,2.189952848936995,0.05164661681098546,-0.220064676365105
15.838125944137573,2.1884051958535893,0.049312787970149256,-0.20418036950177684
15.844260692596436,2.1655208782276083,0.03289134815977155,-0.1306586970144867
15.845247507095337,2.1611365950569716,0.028053356445744533,-0.12774740144059063
15.846463203430176,2.157312944741265,0.024504851122954446,-0.1253135877448032
15.848301410675049,2.1498406817718947,0.018524132958214083,-0.12183868808858044
15.849883794784546,2.1426308963704552,0.014427396568565704,-0.11738651252361867
15.853534460067749,2.1318919065562087,0.010729823758559883,-0.05221958705495959
15.856824398040771,2.1223565846964783,0.010418677968027111,-0.008789873351554442
15.85826325416565,2.117502958877832,0.006717645332950961,-0.005905953993404072
15.8599271774292,2.1121046492918216,0.0029826164776951677,-0.005433883663568773
15.861742496490479,2.1101582544911275,0.004436536432884945,0.0005022081546937609
15.863104820251465,2.1054636071568487,0.006101201404918501,0.030790864222190448
15.869170904159546,2.0954005475053132,0.026086480965743848,0.1356968298092841
15.87006163597107,2.0960125567513983,0.027575086300195752,0.13641666381823267
15.874444723129272,2.099204697804861,0.03793422959086464,0.13820965371602179
15.87552809715271,2.1017084533674337,0.04373038798387806,0.14607504116928038
15.881708145141602,2.082298866178602,0.08412268385021399,0.2792472603998573
15.883215188980103,2.081713413378498,0.09046181916082474,0.28379836335139913
15.884874105453491,2.079095677692887,0.09607676971046025,0.28392820964686194
15.886715173721313,2.0778154902251176,0.10435015071166169,0.2815735787552328
15.888120889663696,2.07356763106858,0.11299376534437086,0.31831649234451803
15.894235610961914,2.0474230803573326,0.1518553508776737,0.44865163923039286
15.895337104797363,2.0490490281110625,0.1588288240290877,0.4495953818929044
15.896567583084106,2.0502288227029526,0.16281183544601147,0.4519227813578669
15.899974822998047,2.052047841946603,0.1746703680419346,0.455139847261532
15.906888008117676,2.027752699351351,0.2255079710810811,0.642408599985258
15.908373594284058,2.0336280003576293,0.23062985780147804,0.6506953166904796
15.9097900390625,2.0446418819164105,0.2396907507637685,0.6573757419085826
15.911756038665771,2.0605538770143736,0.2510685473006747,0.6692303366826048
15.913141250610352,2.057130073745821,0.26784858807158163,0.7242333800758679
15.919247388839722,2.076168830102696,0.33199555871373554,0.9146308463949507
15.920161724090576,2.089641375457852,0.3391404640154043,0.9256198548302668
15.924617290496826,2.1741185802756053,0.3859659720372439,1.017222951236499
15.925670385360718,2.1867406931021636,0.39981473650866883,1.0544181039365237
15.930296421051025,2.2099547700515436,0.464967745519486,1.2669407006345859
15.931716442108154,2.209322595699185,0.4903794742929481,1.359438888780861
15.93317461013794,2.230423589438925,0.5105298122168322,1.4186256760898597
15.93497896194458,2.2629000006544775,0.5359273953743048,1.4815970378901557
15.93674921989441,2.301912383570033,0.5655691532996743,1.5637665346938112
15.938106536865234,2.2949760354507784,0.593717917135305,1.6647105366178025
15.944346189498901,2.2815654220202948,0.7200944912541006,2.092280146221295
15.9453284740448,2.294094796450474,0.7404268459095606,2.144376239670973
15.946685791015625,2.310534131591588,0.7687524213484065,2.221776231888171
15.94992995262146,2.348114694526882,0.8341169354516129,2.3925905187741936
15.956875801086426,2.275951796067947,1.0159330149568684,3.0087792355370753
15.958323955535889,2.2938717547989693,1.0545274629226804,3.130026278742268
15.959978342056274,2.3104206309630504,1.0957302992505904,3.2574786584386723
15.961757183074951,2.319257836760844,1.1350296017530246,3.384211303727796
15.96311092376709,2.2723906966824035,1.1648169524592276,3.500853400796853
15.969260692596436,2.056201160465987,1.2957909593696046,3.948120754794804
15.970182418823242,2.0383793098008103,1.3151833764499232,3.9952650932993437
15.974409341812134,1.9421676239010466,1.3671303078889043,4.167149578109141
15.97542405128479,1.9114166508790642,1.3762101181443283,4.199081283290863
15.981707096099854,1.4464813534479166,1.4516775113113585,4.447140942950771
15.983195781707764,1.3660447656519434,1.4613731664081273,4.512723894934629
15.984760999679565,1.293121535587891,1.484663331587891,4.604694113352563
15.986740589141846,1.2036793113423756,1.5224176548606512,4.739463783477727
15.988325119018555,1.0322380607037036,1.560966364617284,4.887400294876543
15.99336314201355,0.4498312553582474,1.6701731407074742,5.3025596729188145
15.995023727416992,0.33351458379750826,1.6897752654032652,5.433886425256194
15.996580839157104,0.23509800621866056,1.7136149363362907,5.5472160162298225
15.998209714889526,0.15226947065437393,1.7348403025849057,5.666416110753001
15.99990725517273,0.05523283248544521,1.753261534160388,5.782570068126998
16.006834506988525,-0.9440764014775989,1.8742750352023427,6.199221168603807
16.00833249092102,-1.0420845883646654,1.8904347994406077,6.3056560393423124
16.00998568534851,-1.133197333571837,1.9105417700586131,6.4355604287882775
16.011791944503784,-1.2207419647396907,1.9277781498311855,6.572687406064433
16.013170957565308,-1.5196372763576935,1.9634023642680558,6.627276572500143
16.019201278686523,-2.5512198088994404,2.042849224097902,6.7785260092254545
16.020063161849976,-2.59433272005958,2.0417687435734266,6.819101308189091
16.02163791656494,-2.684330441445667,2.0482934866245786,6.9042953956572815
16.023311376571655,-2.758893785203264,2.062596497500143,6.985514947922845
16.024840354919434,-2.829595562699958,2.066825985076719,7.053257898287907
16.03155755996704,-4.022943525497926,2.16631544745673,6.9371485062932345
16.03314518928528,-4.160333995388944,2.1899986986583344,6.980247919891158
16.034806728363037,-4.263675336856943,2.2136995553258285,7.062957130406796
16.036714792251587,-4.373167468786815,2.228424047737924,7.15333318091367
16.038344860076904,-4.704221982767979,2.2603598109383563,7.056095098178938
16.044271230697632,-5.515400296354147,2.334195785033283,6.8017005955744745
16.04527759552002,-5.5568731742595245,2.3375336764810895,6.830919893064091
16.046465635299683,-5.612436534161065,2.3454734902405066,6.861193467070275
16.048319578170776,-5.695508966154083,2.3622626709941357,6.903539110942384
16.04990553855896,-5.756338935160315,2.3755022307837153,6.946843237051048
16.05459189414978,-6.36866389058774,2.4300926739048956,6.685933126191472
16.055492877960205,-6.420152479339104,2.4377960534458434,6.688984653807984
16.058198928833008,-6.679739194173122,2.457038170620892,6.588730569239436
16.05992364883423,-6.73430734999637,2.455534891123412,6.6083706050152164
16.06173038482666,-6.784559644114131,2.4554541351779178,6.625525775954377
16.063225746154785,-6.938570388205241,2.4513450406583224,6.508032393291465
16.069146156311035,-7.338217776770887,2.4402428106374394,6.254487984777017
16.070050477981567,-7.361444693561164,2.4350422728973484,6.257485336241232
16.07177996635437,-7.407638829977909,2.434822837865443,6.261242697186057
16.073410511016846,-7.4527900467696275,2.4348890994103156,6.268877533499141
16.074994564056396,-7.48186805156629,2.4403237126076953,6.289026963427855
16.076518774032593,-7.5699427644486805,2.4410569745530792,6.251803831821701
16.081523656845093,-7.779722961363207,2.4122396335313034,6.226182131685678
16.08311128616333,-7.824634010003234,2.403462962753896,6.231160312689504
16.084811210632324,-7.861118895320402,2.3968684251119177,6.243666453142898
16.086734533309937,-7.910066226851145,2.4018738153377863,6.242427997923664
16.088133573532104,-7.917511300763763,2.3738903723513514,6.266538379991992
16.09419059753418,-7.878107486968309,2.297362857577272,6.416941557650565
16.095178365707397,-7.883199209097585,2.2944322932532457,6.419840434357951
16.096606731414795,-7.884448298016735,2.286135165294774,6.42359385051145
16.09820055961609,-7.880109120897608,2.279873512118144,6.426700267563798
16.09985899925232,-7.8768121607810215,2.273302650729927,6.424643238476886
16.102274417877197,-7.759205971245728,2.233034798376252,6.54706247080937
16.10319685935974,-7.694943645892752,2.2136562945917797,6.6110761353955505
16.10672640800476,-7.5023959311773485,2.170071554268657,6.73343062570676
16.10812282562256,-7.457456661422773,2.1566133656985516,6.733801658332282
16.109783411026,-7.419678818773521,2.141099809428771,6.703343116400112
16.11176371574402,-7.367635225460187,2.1192639736387586,6.661064188437939
16.11311364173889,-7.211163689762887,2.094600162878866,6.747359166742268
16.11704659461975,-6.856086988296595,2.0378294540999415,6.877190804277371
16.119150400161743,-6.5953140799561405,2.0072669587017544,6.997165466794347
16.120028734207153,-6.566577905865914,1.9975420481453634,6.971840112460178
16.121638536453247,-6.513148442791057,1.980133846572227,6.9292473097414735
16.12322735786438,-6.457862565924666,1.961906193387806,6.888286106161512
16.12484836578369,-6.4072184088907855,1.9437563850852069,6.8499222601131
16.131550312042236,-5.587314439253968,1.8674911175978837,7.245074100862434
16.133164167404175,-5.484148601169268,1.845989217687582,7.2641463527932295
16.134873628616333,-5.432383850017482,1.8263111254758042,7.237590513409371
16.136698007583618,-5.376786505517602,1.805344868466048,7.215441501527618
16.138306379318237,-5.121759313027718,1.7906268373664809,7.334957299744392
16.14424967765808,-4.356695579725589,1.7277667464692854,7.579404098556902
16.145264863967896,-4.316522606544366,1.7161197214538237,7.561343300751079
16.1464684009552,-4.269689279911985,1.7037382169647939,7.539257747618014
16.148159742355347,-4.2061816839916775,1.6790819257412828,7.4960867851238335
16.149922847747803,-4.145311753510906,1.6563744822017106,7.4487843515133285
16.156688451766968,-3.2302993880613085,1.5597395799205047,7.55242344725374
16.15835928916931,-3.139442649287842,1.5342510840743233,7.499596478451095
16.15976333618164,-3.095535990676759,1.5106048716635394,7.443464702814072
16.161758422851562,-3.0274322111210603,1.4738763875776504,7.351384174910172
16.16317081451416,-2.8158208494312795,1.4489383206603477,7.349276702150079
16.169185400009155,-2.1367367157748074,1.3314473506962912,7.219249529411196
16.17005157470703,-2.1063612271812455,1.3114772861294612,7.173910647363891
16.171633005142212,-2.04585837208548,1.2736110134780445,7.08581999936534
16.173213720321655,-1.9829898891226119,1.2401347771035074,7.0001626908483034
16.17489218711853,-1.9174927129237669,1.2040351336362107,6.907024476811659
16.17924451828003,-1.3889101403676942,1.1015382226655042,6.727908068982145
16.180155992507935,-1.3541740632042125,1.0826117703165015,6.670653843501464
16.18169403076172,-1.1581841114638718,1.041567001233939,6.5989507931706965
16.1830837726593,-1.07039736025,1.0098874088124998,6.5112848838125
16.18491792678833,-0.9971702909880539,0.9667685922037783,6.386713246042367
16.18673801422119,-0.9225438266831887,0.9199998696115606,6.255209086993234
16.18810200691223,-0.7657536480455457,0.8844352933985964,6.172016182300774
16.194300174713135,-0.2262528956742245,0.743090305364863,5.734159713057449
16.195330381393433,-0.19083692202582261,0.7270918181389996,5.655241397863215
16.19817090034485,-0.08496978154566243,0.6807461795506646,5.428876779191511
16.199949264526367,-0.02447890472480134,0.6570788082137181,5.292681688771643
16.20681929588318,0.49347324099589795,0.5491533599554644,4.7550053079715795
16.208207607269287,0.5420606903773585,0.5377967556698113,4.653354811617924
16.209973573684692,0.5913205059602753,0.5242669559925427,4.527119894020651
16.211761951446533,0.6389950651895219,0.5099693055164615,4.395391835167764
16.21313977241516,0.7287761930585981,0.4995785445168842,4.295643525107549
16.219205379486084,1.0269900817968751,0.474008718984375,3.8608355544375
16.220092296600342,1.0456446886774553,0.47553881445870533,3.808619710084822
16.22441339492798,1.1388331041244124,0.4727737147516157,3.5405851769694476
16.22548270225525,1.1725932618666857,0.4705800384022267,3.4739954870351126
16.231682300567627,1.4197617850669433,0.4791246781843799,3.039294119069947
16.23313593864441,1.4513937779962756,0.48014736860077356,2.9493993885141094
16.234760761260986,1.4745636702734364,0.48160430151998884,2.8553723621947347
16.236750841140747,1.5014416039911804,0.4846769923282376,2.7394721091090695
16.23809051513672,1.5472822509169768,0.48796415239564844,2.656237305582594
16.24102759361267,1.6077939028800001,0.49692590212,2.4895000287999998
16.241995573043823,1.6386851721128175,0.49902886490253984,2.428139543891908
16.24409008026123,1.7078071078375507,0.502775772975395,2.3003794103383197
16.245051383972168,1.7195801572076053,0.5055271408937508,2.2540798934609256
16.249318599700928,1.756312315802756,0.52968045656598,2.0796548161007795
16.25021457672119,1.7627363432178451,0.5333622702302339,2.0483417351575723
16.25156331062317,1.7999661712208859,0.5366576449955999,1.9695046176072162
16.256897687911987,1.917771485244811,0.5574485630700721,1.7238446379303696
16.258355617523193,1.9279095085987663,0.5637104225339262,1.680920174212882
16.25978398323059,1.9350504270150943,0.569056089918239,1.6466882112578616
16.26176643371582,1.949501202725033,0.5728081648356064,1.5934227239944274
16.263140201568604,1.9898450675923494,0.5751139476064802,1.5279210598591206
16.26917600631714,2.088392383698397,0.5773342906743487,1.280181407967936
16.270039796829224,2.0864658371122244,0.5818283607955912,1.2638558432444889
16.27161478996277,2.0902758511129864,0.579073605066118,1.2342734345935276
16.2733736038208,2.1024189510147018,0.5741572681940605,1.2012094896271683
16.274903774261475,2.103683485848468,0.5712219164796895,1.1743182534853738
16.281766891479492,2.2139087915605997,0.5624608751818706,0.9170997461406543
16.28309679031372,2.222887556593709,0.5612832415816551,0.8955456057499632
16.28493070602417,2.2237178836950076,0.5651895344556006,0.8840715744831492
16.286803245544434,2.235575017398243,0.5637237606515374,0.8769022451332358
16.288249492645264,2.2628920714742784,0.5632005532910832,0.8224997217753645
16.294292449951172,2.3391509682877776,0.5387733979233333,0.6622578124283334
16.295242071151733,2.3386864033380554,0.5369658494591666,0.6617993707879166
16.299309968948364,2.3447050345064415,0.5259360994239909,0.6590038269853994
16.300243377685547,2.3489767629626397,0.5247839271408532,0.6586518619846837
16.30159831047058,2.370292482355581,0.5164818666671431,0.6050831907961984
16.30683994293213,2.4169375931044628,0.495795373494619,0.4780856289393026
16.308202743530273,2.416080226862333,0.4908459999617591,0.47404900926195026
16.309834957122803,2.422176586111381,0.48401943196811553,0.47663162622862454
16.311747789382935,2.4298290688409967,0.47728653049419856,0.477895021549778
16.31309962272644,2.440680506681526,0.47260898304300614,0.43988104381540216
16.317758083343506,2.457137619332952,0.4395830567384461,0.32933343053670056
16.31858801841736,2.458337825697525,0.4312462126531693,0.2992335632193447
16.321558713912964,2.4545399958052534,0.4168870830780728,0.2792482988396459
16.32323122024536,2.4488570255438398,0.4083620369507163,0.2654216016183381
16.32496976852417,2.4491191833846155,0.4017222133076923,0.26148168215384615
16.331778049468994,2.4409024778182986,0.3701953261266619,0.12718368215511078
16.33328366279602,2.4417098564594366,0.36201257472571186,0.12121961405193876
16.334776401519775,2.43816155913173,0.352525601443299,0.12188187069988546
16.336817264556885,2.4284817089452058,0.33902903412328766,0.11999183756164383
16.33817481994629,2.4294742502034916,0.3296351849547796,0.09972606900085862
16.344252824783325,2.4154587497877773,0.3032291108815404,0.06262418716701548
16.345210552215576,2.4091974596785266,0.2990593707199665,0.06532312410506488
16.34662127494812,2.4115436889663373,0.29734381443432173,0.07604715019882538
16.348217010498047,2.4014320164713117,0.29263652717008193,0.08289071617520492
16.349804401397705,2.3938932197318437,0.2875441348621974,0.08641599839478584
16.356908798217773,2.3611732984943172,0.26291598238745384,0.07816299585343173
16.358279943466187,2.357478080423253,0.25923885620990833,0.07763374467296677
16.359907388687134,2.3471153248528016,0.253609193517424,0.0806095746186228
16.36173963546753,2.340449095822004,0.2462893193669792,0.07996194506826838
16.363090753555298,2.3333316822824406,0.24489160410054425,0.08431462599083357
16.369025707244873,2.30103655211988,0.2306022959233744,0.11591646728000572
16.369889974594116,2.2945756915677458,0.22950140855227727,0.11589735944915497
16.37162756919861,2.286317269882108,0.2270925270846047,0.11528876536893204
16.37325882911682,2.276546326799764,0.2214005362566032,0.11800798232743102
16.374955892562866,2.2665113067441376,0.21676338597403685,0.118499064336823
16.380911588668823,2.229383269575597,0.200499780360448,0.17689813869083407
16.381787300109863,2.2239104411193633,0.19656136903404067,0.19437489838903624
16.383118391036987,2.222018745401117,0.19219367977545468,0.2021196675640842
16.38492202758789,2.2206034667336496,0.1847059741996932,0.2048404114412216
16.38687038421631,2.2192319843644763,0.17947589833836902,0.20410272017864475
16.388299226760864,2.2158271390170503,0.17982759728388747,0.23789656769110543
16.394270181655884,2.224055816745421,0.17902068451101888,0.33320933238709216
16.39522123336792,2.225413190445907,0.1784545895832856,0.33412406408815115
16.396618127822876,2.2341245170437705,0.1782845123574596,0.3385009685944786
16.398233652114868,2.241057098394929,0.17853663658515972,0.34010080653717234
16.399998903274536,2.248456226809843,0.17737265859172613,0.34528159440570616
16.40687656402588,2.2774912313155937,0.19725968063719598,0.5048700882746782
16.408284902572632,2.2900973581021637,0.19810758197678752,0.5082962334855997
16.409920692443848,2.3036228164314467,0.20131347529937108,0.5151126292742139
16.411776304244995,2.3186759332773295,0.2041899245787234,0.5240407105577404
16.41313362121582,2.327801675640523,0.2090249624488491,0.5659447942833191
16.41920042037964,2.355734510136186,0.2355572052931419,0.7077056445153331
16.420066118240356,2.365239818767215,0.23981263657262336,0.7125469078335657
16.421517372131348,2.383600517161069,0.2480145009286837,0.7245392611999428
16.423139572143555,2.401569963570292,0.2564503891069849,0.7368838950863543
16.42495632171631,2.4226884112317344,0.26642266729336306,0.7463297078351925
16.431776523590088,2.4498257437382316,0.3128113427294325,0.946942657224813
16.433176040649414,2.462969129153411,0.3240551450285876,0.9637496631341637
16.43477439880371,2.4785498593101214,0.3322929604730758,0.9804238744558782
16.436774969100952,2.499832706676458,0.342966683507236,0.9952230005452071
16.438125133514404,2.498054075151355,0.3504395773759707,1.0526079395519414
16.442312002182007,2.5309691088927395,0.3748361706385508,1.18580442316354
16.4431734085083,2.5322996350770444,0.3802642434291852,1.225629331627524
16.445002794265747,2.5534468353333333,0.39167107866666667,1.2658702938888888
16.446648836135864,2.5836102291451843,0.4049018091096028,1.2937379074252644
16.448124885559082,2.6063475105469642,0.4154600404739404,1.3140363882124857
16.449901580810547,2.634498229206926,0.42902883349971377,1.3407765043623354
16.45666003227234,2.682396592289327,0.4880162192378911,1.6579411363304757
16.458374738693237,2.719739312233805,0.5051895440331761,1.7309555498642928
16.459907293319702,2.755225114106389,0.5164375961853768,1.7909244147947714
16.461799383163452,2.797730175513482,0.529353805327081,1.8718793040316528
16.46319007873535,2.799029921843657,0.5391471840068037,1.9800310219785968
16.4691801071167,2.8050226164714385,0.5840726304456693,2.433135120240372
16.47003698348999,2.8151906563070863,0.5906416304488189,2.4870425933779527
16.471492052078247,2.816784238660789,0.5995658119345088,2.5712157313943464
16.473236083984375,2.819897966834775,0.6088128072174168,2.6671870366285
16.47503685951233,2.815256961090285,0.616243292764475,2.757958719573111
16.48176860809326,2.5897560869517537,0.6603940649593414,3.1780183677577667
16.483293533325195,2.560393847449814,0.6723311845830712,3.2330644574355163
16.48486590385437,2.5377682669438406,0.6785041136577481,3.2806604816252785
16.486728191375732,2.5115426879189187,0.6946601314324324,3.355865564408784
16.488359928131104,2.441791758984887,0.7132999533592698,3.4654319086512047
16.494107723236084,2.221045742630712,0.7893009593627007,3.8091630530730067
16.49513840675354,2.198814726699053,0.8016687064137505,3.841015311583093
16.496620178222656,2.175171996001973,0.8172647471633545,3.90140622705666
16.49823498725891,2.1386397278123885,0.8255257337784395,3.9409231156533653
16.499913215637207,2.094226999940601,0.8368641756581411,3.975464493835919
16.5060076713562,1.7767055154018316,0.8881376781279335,4.178368030344019
16.507044076919556,1.6863195002930937,0.9076608362050513,4.2044567162512845
16.508369207382202,1.661233789289098,0.9244480114559075,4.241262846272688
16.509801387786865,1.6340359893080774,0.9568237215797303,4.292798550454192
16.51181721687317,1.589633840930494,0.9853687489506063,4.396957038566992
16.513280391693115,1.4908469662733885,1.0087389494730463,4.5063740073311465
16.519165992736816,1.1009371335618652,1.0930810143019596,4.89039434399156
16.52005648612976,1.035678733797883,1.1171789479394936,4.941736587340866
16.523276567459106,0.8641028498433309,1.1673860960784082,5.116252611992926
16.524778842926025,0.804770092321101,1.1712330249541285,5.181725970559633
16.5317964553833,0.030279164436374073,1.2518218981306835,5.598452373498427
16.533315181732178,-0.040531592237011596,1.263588532215114,5.681314445456133
16.53489637374878,-0.09710747130150754,1.2757007164470966,5.773325614171412
16.5367751121521,-0.17231855632985754,1.2956359147393155,5.882568563751065
16.538175582885742,-0.39279633849978546,1.3177629844173937,5.972308420954227
16.544338703155518,-1.180693950471055,1.3843672686340107,6.40769804165558
16.545288801193237,-1.2164628562941833,1.387319641229335,6.497617773793765
16.549253225326538,-1.3938619813297086,1.3885798126939912,6.876208230015335
16.550169706344604,-1.4367972148431618,1.3854705901053952,6.952902183202007
16.55153203010559,-1.7046173698460523,1.3797156906228354,7.012359002888611
16.55672287940979,-2.539068530800263,1.3574832671988586,7.200298678093942
16.558368921279907,-2.65339422492591,1.3515697891855833,7.304057868257094
16.559972047805786,-2.7364432255780557,1.3400773354553865,7.411659971461079
16.56179165840149,-2.8296037097050357,1.3309606969568346,7.535468734453238
16.563122510910034,-3.106393484427021,1.332008705381034,7.533087281302199
16.568008422851562,-3.8977888718725406,1.3154659388107195,7.559036336651395
16.568774700164795,-4.032152822237448,1.3119814199907025,7.551712066309397
16.571535110473633,-4.166867173322166,1.2976470938051368,7.677244818113344
16.573150396347046,-4.240724941374322,1.2925764281877472,7.753850595330939
16.574986696243286,-4.323826877086118,1.292146137090871,7.832807011458549
16.581693410873413,-5.35799046931398,1.286291554702853,7.669693892756634
16.58334493637085,-5.484321907445001,1.2802120374700678,7.695499924716013
16.584815740585327,-5.551715672603345,1.2826251264543553,7.740932281149408
16.586750507354736,-5.653759005480234,1.2818644816001463,7.785045759125183
16.58809781074524,-5.857884879448202,1.2721484979267803,7.709020405299039
16.594257593154907,-6.52077942943108,1.2502819932139373,7.499449037930732
16.5952205657959,-6.564198121007665,1.2569278285505225,7.517142710843903
16.59933376312256,-6.765891587142734,1.2732630318029177,7.609527739631007
16.600210189819336,-6.81093092701516,1.2791839800391878,7.633426865632151
16.601646423339844,-7.004780973636097,1.2755572039619514,7.563115106767805
16.606879711151123,-7.530559988134754,1.268660676922263,7.467519727163998
16.608264207839966,-7.603688381487183,1.2793303138493484,7.512762062130602
16.609900951385498,-7.68154348012967,1.2859225072878202,7.572946287202233
16.611743211746216,-7.771087235416989,1.2978548897477478,7.632146595839554
16.613159656524658,-7.9058501026354016,1.29551510725336,7.629420642945382
16.619078159332275,-8.33450636724162,1.2695647328163409,7.726932880163408
16.6200053691864,-8.37184411851676,1.2724474817673184,7.763377365073184
16.621678829193115,-8.442061417826007,1.277991165732515,7.820788747488153
16.62325358390808,-8.504497150573696,1.2752000889844233,7.87211627168626
16.62478518486023,-8.551014424086546,1.273288061885657,7.9137823851465825
16.630504608154297,-8.733578496625375,1.1993661390085726,7.952685596167167
16.631443977355957,-8.755200684086441,1.1777974762138876,7.962617188337477
16.633262872695923,-8.769935425066667,1.1603575058506608,7.985861870403378
16.63497757911682,-8.787129047389811,1.1440466919116539,8.003794848057641
16.636751651763916,-8.79251004100441,1.147900389424581,8.02884836482123
16.638120412826538,-8.792242643580751,1.1250645938953305,8.06427925044281
16.644288539886475,-8.698520024268362,1.0174922181309691,8.247068534873499
16.645258903503418,-8.685722403101089,1.0103239905841943,8.25341160884725
16.64649534225464,-8.660873436924273,1.0039826356636337,8.25963977285207
16.64831233024597,-8.619793420586507,0.9961992871446578,8.255002150203953
16.64993715286255,-8.574394097535295,0.9839438949642756,8.23262361338068
16.656838417053223,-8.089698037226237,0.842430273228387,8.298681580214193
16.658231496810913,-8.018999021529757,0.8285399335709469,8.269546872670333
16.659875631332397,-7.95198980603101,0.8129912798966336,8.230816818928481
16.661791801452637,-7.873278121395421,0.7923082762245707,8.184490746810656
16.66317629814148,-7.732634188700572,0.7452093559535714,8.22673239323557
16.669299125671387,-7.177341171975136,0.5751480532546441,8.365415414844955
16.670202493667603,-7.136772198454702,0.5611365662397828,8.349466226841097
16.671605587005615,-7.074608061288231,0.5330817451264318,8.325174724630442
16.67325210571289,-6.99443381823478,0.5011177469339636,8.295264079581006
16.674822568893433,-6.92623454977267,0.4722878722559732,8.270644991339527
16.681600093841553,-6.185871533553636,0.25860446304827883,8.441389968603342
16.683204412460327,-6.079578133766719,0.22899723817900614,8.415350259991122
16.684870719909668,-5.998824661751215,0.205373865599457,8.35666543079094
16.686815977096558,-5.896201215177246,0.17590413772417252,8.277646251153318
16.68813681602478,-5.698003919838728,0.1374930918122059,8.31099101704021
16.691584825515747,-5.322708779871445,0.06300046317509336,8.27068529370928
16.694214820861816,-4.935407661372538,-0.0020247330903823864,8.27870304564716
16.695177793502808,-4.8797225177092995,-0.015371283317497103,8.22319517336631
16.696598291397095,-4.793381638152744,-0.033269400916320385,8.137815166496203
16.698204040527344,-4.697947432583429,-0.052525509567544364,8.044566668029908
16.699933528900146,-4.590968502753941,-0.0743718873616962,7.944346320000976
16.706542015075684,-3.5938235289691765,-0.18233876452986936,7.808817070040511
16.707486391067505,-3.4826714576947624,-0.19271979646479678,7.763842050760446
16.708480834960938,-3.4198582623039497,-0.20051822945277617,7.688981559934745
16.71185040473938,-3.190765094429812,-0.2221322824221601,7.4377035598450565
16.713134765625,-2.957697500591895,-0.2379020976563927,7.39596877847032
16.719223976135254,-2.0946483787972845,-0.27452450984481086,7.035726816034917
16.720101356506348,-2.036301454102813,-0.27503601301787445,6.958819984963836
16.721458196640015,-1.9489533922929032,-0.269859579643871,6.83779123571871
16.723437786102295,-1.8191658905473669,-0.26756963787922156,6.663446363718517
16.72501277923584,-1.7208222609395964,-0.26317431206360475,6.520706593179958
16.731587648391724,-0.829739607520497,-0.24842057136923298,5.999201001578203
16.733222484588623,-0.701329819659754,-0.2397273769535183,5.8502827022261155
16.73490881919861,-0.6079621914807155,-0.22615294059362773,5.697820287015092
16.736709356307983,-0.5059005633711872,-0.21502286754890448,5.536209156446513
16.738121271133423,-0.3240712638408092,-0.21020625261067136,5.417662411024479
16.744257926940918,0.27632460797119457,-0.1626976555360068,4.885059125004801
16.745193243026733,0.31987612151129624,-0.1548071104858797,4.8023426151647834
16.746602773666382,0.3874385105000734,-0.14268831500777696,4.682695568860895
16.7482008934021,0.45682891846018553,-0.13032779955421686,4.546488602810137
16.749929189682007,0.5299447612608883,-0.11270031074974846,4.408438853127785
16.75350332260132,0.864225502030212,-0.09257578736225659,4.091521550334193
16.756669759750366,1.0618516327474645,-0.07114501288416875,3.83724702280097
16.75829577445984,1.1261013939094162,-0.06220620234831139,3.7168364673228393
16.759900331497192,1.1729613656565812,-0.051355999363218066,3.608269318244144
16.76177167892456,1.2259233015265933,-0.03931608515164835,3.4827068155912086
16.763136863708496,1.3095799278979388,-0.03502743333595763,3.3772157872480677
16.768598556518555,1.6036217819546041,-0.04221681152212516,3.040873948487756
16.769904136657715,1.6284655305612201,-0.040028896620793356,2.9857358457049976
16.77180576324463,1.6766948010171674,-0.04166178171802575,2.9063371865545067
16.77336311340332,1.7056506289369717,-0.03729595786635152,2.8532117652770377
16.775010347366333,1.7328669196873785,-0.04045443086407767,2.7954818157514563
16.78174591064453,1.9985882970416669,-0.07361307291095891,2.4788333243370433
16.783267974853516,2.031441427263552,-0.08414930892581166,2.4220107159152344
16.78489875793457,2.054171036173446,-0.08783949363692352,2.368490437718276
16.7867431640625,2.083084783643816,-0.09409999042773494,2.309051517493716
16.78810691833496,2.1269676500631536,-0.10321995584848918,2.2391446275483315
16.794340133666992,2.2626673390125784,-0.14312966191572327,1.9763348194867925
16.795339584350586,2.272775978754857,-0.14769723305028573,1.9464142367345714
16.796640157699585,2.2829946572534285,-0.15169838515314285,1.9069877870552856
16.798251628875732,2.2913438499420415,-0.162274123099441,1.8628370451506324
16.799946308135986,2.299115977623503,-0.1700799184115845,1.8201774430153161
16.806860208511353,2.4013517848520696,-0.22069148023980042,1.516551730408864
16.808339595794678,2.3970452602938144,-0.2280626822628866,1.4810479531237113
16.809979915618896,2.3894814745661996,-0.23911348095939378,1.4459960196851587
16.81177020072937,2.385098272628383,-0.2473207640892167,1.412766362785479
16.81312131881714,2.4054384582636765,-0.26365152041222684,1.348692966461791
16.815983533859253,2.4204645982744895,-0.2970142874664102,1.260495405733649
16.81681251525879,2.432930236494525,-0.30986959201657294,1.2148504610565256
16.819164991378784,2.4550949685255072,-0.34293583665661,1.1001648195880418
16.820122003555298,2.4485985330148106,-0.3512705102199671,1.0866978440833792
16.8216495513916,2.4344730195309032,-0.3612107601655381,1.0702719242574557
16.82324719429016,2.4238798306962526,-0.3728407608051433,1.047472087217928
16.824858903884888,2.415563875135707,-0.38070712705777204,1.0310082635266695
16.83186411857605,2.4322242588533585,-0.4420608726332504,0.7203736254901215
16.833311319351196,2.419101953494854,-0.44454305903744995,0.7143811653893654
16.834826946258545,2.4005855912880505,-0.44796508331208945,0.7103687112352202
16.83686089515686,2.372674313030241,-0.451228638995596,0.7042492679261597
16.838273763656616,2.379229844181416,-0.46014575774336286,0.6360739995265488
16.844242811203003,2.3592941473167133,-0.49520813195724234,0.4552449873373259
16.845181226730347,2.3518324703830085,-0.4966103494993036,0.4585051454387187
16.849340438842773,2.3196813583158282,-0.5015083421560804,0.4744613399008361
16.8502779006958,2.313948501135124,-0.5051656595581686,0.47650373560492626
16.856865644454956,2.3038684773168843,-0.5907876042483144,0.2426992968387606
16.858248472213745,2.298025635450425,-0.6021758801779115,0.2413129014825462
16.85992407798767,2.292337165543931,-0.6142158760885599,0.24557329519821203
16.86178970336914,2.284316808183179,-0.6272823966113313,0.24769749445648026
16.86313533782959,2.27906386962004,-0.6434943078626891,0.19070362371681415
16.869280099868774,2.2549417800579166,-0.693969543665,0.054135840109166666
16.870156049728394,2.251176872540972,-0.698701710775,0.05666524929305556
16.874414920806885,2.237511266409676,-0.7100420400254795,0.0799583532310335
16.875445127487183,2.234176479256984,-0.7138875576801597,0.0780638325763968
16.879275798797607,2.206563956777607,-0.7392824570362976,-0.011171309872260227
16.880207777023315,2.19596462278375,-0.7374090457295825,-0.007587796470892084
16.883856773376465,2.1704617696035324,-0.7622117525006258,-0.049024742872340425
16.884762048721313,2.164100499367682,-0.7645413711989987,-0.04548383840425532
16.886812448501587,2.142406215392647,-0.7722013995944118,-0.03887508825617647
16.888184785842896,2.130160109545103,-0.785742983927835,-0.07166193273453608
16.894275188446045,2.0715750648349767,-0.8242323815524645,-0.1327647990197164
16.895381212234497,2.0596696274318247,-0.8304682442381089,-0.13646971557105794
16.8966281414032,2.048664389755261,-0.831873972201499,-0.13478511055952724
16.89824676513672,2.0350877392357782,-0.8349592497437895,-0.12647549916742615
16.899943590164185,2.0185402474300194,-0.8376195862618717,-0.12417500091557901
16.906881093978882,1.9707890393494505,-0.8621351662278388,-0.16729320912161172
16.908347368240356,1.9740615798177912,-0.8633940118116316,-0.16314324518750895
16.909880876541138,1.9695857623759565,-0.8642900437911507,-0.16103397398330319
16.911535501480103,1.9715495309312225,-0.8671924410729013,-0.1569897035340206
16.913262605667114,1.9721310673014423,-0.8707704302691703,-0.1652850309441668
16.91925859451294,1.984932756702175,-0.886928570048522,-0.1657255879481316
16.920168161392212,1.9926134996065255,-0.8876857033955661,-0.16009684109439484
16.924433946609497,2.021239516437375,-0.8973570842440663,-0.12988471508421504
16.92559003829956,2.0276797009666097,-0.8989432510282533,-0.12117412817893836
16.92663860321045,2.032781421758562,-0.9037817495119863,-0.11498396890924657
16.931787967681885,2.063669146523211,-0.9092997558548779,-0.07347837234080845
16.93324375152588,2.0752700606386885,-0.9096142140358665,-0.06593864237071881
16.9348304271698,2.0825997458434276,-0.910199346102149,-0.058646634202623504
16.936752557754517,2.0983205841742323,-0.9092850740866755,-0.04893676863184957
16.938108921051025,2.1014673913638697,-0.9076074688013698,-0.034098098543664385
16.940624475479126,2.1231279764383735,-0.9030030813639087,-0.01118779107018545
16.941505193710327,2.13026436761184,-0.9027247260803138,0.0042517820162624835
16.944234609603882,2.1620598775831144,-0.9014347497154899,0.04905958029570264
16.945178031921387,2.1727469428550505,-0.8986805426624291,0.05609744406867487
16.946594715118408,2.191987942945121,-0.8961221307301158,0.06685944404946624
16.94817280769348,2.210005392141754,-0.8941424530915463,0.07642308182062652
16.949881315231323,2.229767860923559,-0.890217600398914,0.08951439203759398
16.956754207611084,2.2919961226866765,-0.8704155431966325,0.2230035252250366
16.95831298828125,2.303631795602206,-0.8669676482346369,0.235618298468271
16.959935188293457,2.3159380303652877,-0.860964865491895,0.2493021357280604
16.961849689483643,2.332280880241197,-0.8544071107376761,0.2619548600176056
16.96333336830139,2.338605932535113,-0.848371024521553,0.30808629035669427
16.96922469139099,2.370149760303533,-0.8221850269234731,0.44058129171463306
16.970088005065918,2.3788072569068803,-0.8197912310088685,0.4443482924442855
16.971451997756958,2.39024122155632,-0.8138404831080539,0.45513421512668384
16.973151683807373,2.404404956561321,-0.8081090240770441,0.468162026081761
16.974920988082886,2.4183274193959816,-0.8024040425567184,0.47709727864406304
16.981733798980713,2.4335576168049964,-0.7814008816561352,0.6673504668027921
16.98330593109131,2.4435398609710686,-0.7791755155262103,0.6797780155110283
16.98476481437683,2.4510715849023574,-0.775467844775143,0.6865608204558515
16.986875295639038,2.465326716867215,-0.7751000378666274,0.6954456539012925
16.98827052116394,2.4661534222989574,-0.773117639578346,0.7512354190755606
16.994226694107056,2.484819685327917,-0.7632254565723491,0.9341747038027736
16.995147228240967,2.4924465129488724,-0.7647340313165709,0.9431915963451464
16.996538400650024,2.5100320887873555,-0.7629353675963705,0.9615484348391629
16.99811887741089,2.5296651909127514,-0.764096834356847,0.9793237399273169
16.9999577999115,2.5525430663744766,-0.7641881954454064,1.0049196154247417
17.002176523208618,2.556644157645,-0.7681894320757143,1.1003338811678571
17.00676965713501,2.5777028037210767,-0.7778437860143185,1.289192822768614
17.00813603401184,2.59757484863758,-0.7824078421996097,1.3238103911085866
17.00978922843933,2.6238221651061293,-0.7848031764364252,1.3604640232850214
17.011793613433838,2.657997367063063,-0.7927579307679108,1.4099035197007006
17.013149976730347,2.656797869455389,-0.797045438343469,1.492746897850821
17.017109632492065,2.6861671236359426,-0.8090190748516857,1.6996932179512372
17.01827883720398,2.6827359308649976,-0.811329203714079,1.7817521451420921
17.020023584365845,2.709215199015376,-0.8175263786059856,1.8485915555212795
17.02182698249817,2.7409422568716915,-0.8243389019122555,1.9158215912157652
17.023245573043823,2.767679223978992,-0.8310464069152343,1.9679868644507126
17.024819135665894,2.794984784486769,-0.837108924780146,2.0256840498372193
17.031739234924316,2.734800648488755,-0.8421440113294135,2.472555417001323
17.03326916694641,2.743275878320493,-0.8440044094197336,2.5339320404200203
17.034895658493042,2.76008488605489,-0.8440495720926442,2.5960479110047365
17.03676962852478,2.7770109485338423,-0.842461532061665,2.676975170065923
17.038202047348022,2.743851253747642,-0.8352122694241212,2.7840858859788513
17.044267654418945,2.6414662502042603,-0.7939771846661723,3.1977376891427802
17.045217514038086,2.645994038541324,-0.7884620669139814,3.2399753948437375
17.046652793884277,2.644951650526814,-0.7762188899022082,3.3079973303659305
17.048304796218872,2.647304680408623,-0.7630800135535609,3.380809551001913
17.049926042556763,2.645049079220334,-0.7498050169376044,3.442156885631894
17.056777238845825,2.398518578619529,-0.6484724561187235,3.8518424065715124
17.058167219161987,2.3833959906042983,-0.6247512999477077,3.91197264825788
17.059839248657227,2.3698352569137473,-0.5987879754192603,3.9795362797166782
17.061758518218994,2.3512784319,-0.5673001461,4.0534999455
17.063108444213867,2.278413303007993,-0.5391367715463888,4.12838171968113
17.069233179092407,2.003811753793651,-0.4217238042994228,4.4164255537020205
17.07009482383728,1.991883913152381,-0.40921123149567096,4.441462356415151
17.071444034576416,1.9707937302108427,-0.3838116206541267,4.490486133099128
17.073238849639893,1.9380996065981657,-0.3543174780511608,4.576877582228002
17.074779987335205,1.9041944310396492,-0.33091331666986645,4.647194879137312
17.079720497131348,1.6330183900373754,-0.23940743966417496,4.966379917045127
17.080527544021606,1.5968928771475943,-0.2262441450837898,5.0052021968966685
17.08401918411255,1.3860331952028646,-0.16179395238947802,5.165320370744112
17.08495044708252,1.323534254271588,-0.13458707061782121,5.1963044411245
17.086438179016113,1.2657784348400833,-0.1306442387099464,5.261152431824747
17.08817720413208,1.1475973233639738,-0.1151140561714245,5.325861207165715
17.094244718551636,0.6508041369979018,0.019298223201286893,5.619011168431249
17.095200777053833,0.6295572908250106,0.039622956720660234,5.665088946499511
17.09925675392151,0.39425702441866295,0.08532852915877437,5.879596548840668
17.100183248519897,0.3535686814440111,0.09362786152367689,5.934414300677994
17.101552486419678,0.16829033430335927,0.12630767609945723,6.027989157145812
17.10680389404297,-0.5315326533310001,0.218024016445,6.309416563915
17.108150959014893,-0.6093976147719072,0.23326976381185566,6.36842868671134
17.10977339744568,-0.6938477784402121,0.24986341449504673,6.431291259726664
17.111786603927612,-0.8067653103366118,0.2581202891958309,6.507160560232971
17.113141298294067,-1.0555666401453088,0.27101129041905037,6.514498751460955
17.11917996406555,-1.9406689445133003,0.36874416189500353,6.624651602197466
17.120036602020264,-1.9858254428423645,0.37598316787403235,6.673821629696692
17.121678590774536,-2.0503490052079236,0.37504196773110426,6.766804866370047
17.12479519844055,-2.215833467525361,0.39411167160994426,6.9431381860970145
17.127166032791138,-2.6611055587144117,0.4208647698391547,6.934183264638685
17.128121376037598,-2.8803063049774,0.43145972123187554,6.905317971582917
17.131730794906616,-3.39826522826018,0.45375376472967566,6.903645859094442
17.133118391036987,-3.4881126936735685,0.45223368703712696,6.950350289100957
17.134922742843628,-3.5616660496424006,0.44590216685468187,7.042308438931648
17.136798858642578,-3.6450670356469894,0.42500297860566705,7.15847951151402
17.138175010681152,-3.950804235083775,0.436493666244594,7.1215069571301735
17.142525672912598,-4.680440187642516,0.4171211170772369,7.101963051748312
17.14335036277771,-4.873075063201744,0.4107511685703433,7.049588933673326
17.144817113876343,-5.001206640146838,0.38677287017370293,7.108227596228429
17.146474361419678,-5.087322408349379,0.3493968895422092,7.2057896517005116
17.14814043045044,-5.170051574328024,0.31203063069780457,7.289795619824795
17.149766206741333,-5.255221563172087,0.27902005026279675,7.372751475608069
17.15676259994507,-6.448880908483289,0.1782962970800352,7.042497366598065
17.158239364624023,-6.549479243329128,0.15182131699770643,7.060326516535407
17.159923315048218,-6.640678528730122,0.12009491273012254,7.127130717673696
17.16178607940674,-6.738887228938201,0.08529803729274102,7.192996831985286
17.163138389587402,-6.996220734944363,0.06856495764641288,7.074883252994144
17.1691312789917,-7.80186006331388,-0.025963222558359617,6.8236396233470025
17.169991970062256,-7.854440888867365,-0.04336563907972468,6.859053739911385
17.171459913253784,-7.930638145081282,-0.07088239608471665,6.926478930103606
17.173360109329224,-8.02539035728894,-0.09823064591026008,7.009707918302944
17.175002574920654,-8.100405816335385,-0.1268479553537063,7.0725989352636365
17.181808710098267,-8.850055897572844,-0.226183498170065,6.757180827626034
17.183157682418823,-8.918148068606081,-0.24466284811329564,6.789637997336917
17.184940576553345,-8.989311687797858,-0.2764783595082406,6.842787317018312
17.186808586120605,-9.069954282880428,-0.2987988090633803,6.90088421883612
17.188189268112183,-9.201903984074498,-0.3209726768223496,6.828969736343839
17.194302797317505,-9.578566924131707,-0.4376769202420906,6.708453461282927
17.195255994796753,-9.602047529175609,-0.4502062694370732,6.718078734043902
17.199334383010864,-9.660801374007132,-0.5162332386141226,6.7288386482054205
17.20024299621582,-9.66885952963766,-0.5300048362025678,6.7285507627646215
17.20160150527954,-9.714497007092735,-0.5599316091722214,6.677640117549295
17.204426050186157,-9.750428002910652,-0.6178431955406644,6.623892377736541
17.2052583694458,-9.753413734601589,-0.6288951791171146,6.622862405227545
17.208956480026245,-9.724233484537487,-0.6941306075750479,6.592247237145088
17.209901094436646,-9.71241868090131,-0.704624125937988,6.584965894671086
17.211772203445435,-9.680060909512882,-0.7283190717983109,6.571122669648583
17.213138818740845,-9.624503953142634,-0.7619603040042662,6.57907059382537
17.219197511672974,-9.293692591168256,-0.881862446940549,6.61239798815588
17.220061540603638,-9.256453202682977,-0.8902654633148912,6.5853361792126295
17.221455574035645,-9.195221051940967,-0.9024467433007273,6.548408092301012
17.22326970100403,-9.109955275242179,-0.915448232579693,6.49781418802199
17.224780082702637,-9.042133298636363,-0.9295008441173944,6.453299783861131
17.23163938522339,-8.493877447316553,-1.0623835196788438,6.651064293877032
17.233235597610474,-8.413839644367743,-1.0786347992931715,6.647169182703758
17.234925985336304,-8.347438518675798,-1.0899999230707098,6.617232146099637
17.236801147460938,-8.273367785796774,-1.0997116605516128,6.588635306522581
17.238187313079834,-8.118753267498144,-1.1249730326209655,6.688646159922879
17.244227170944214,-7.566422270848054,-1.202215293756495,7.002720026567055
17.24515962600708,-7.536678295861677,-1.204260039909563,6.991737405823058
17.24655771255493,-7.493747705757004,-1.2053208280148655,6.974323013303031
17.24815845489502,-7.441472381663727,-1.2113252123251028,6.954192225720165
17.249939680099487,-7.3856586276739975,-1.2151533303214088,6.937638731248887
17.256804704666138,-6.517486084977778,-1.3021454520637037,7.427819967870223
17.25822353363037,-6.4401754737171215,-1.3101709557648151,7.416670462155076
17.25986647605896,-6.37160187960762,-1.3171474299147663,7.384810546812152
17.26180124282837,-6.2753060015906,-1.3282691846544488,7.34769095883151
17.26315951347351,-6.018218173824664,-1.3482938105025721,7.462603368842669
17.266464710235596,-5.595677656592677,-1.376815557367277,7.563897268079519
17.269235610961914,-5.1029199154042555,-1.4071838411010638,7.691387963324468
17.270121335983276,-5.053401700692609,-1.4099241907784152,7.6571533953772395
17.271552562713623,-4.9683224509407475,-1.4159049917866038,7.591160749167454
17.273123264312744,-4.872661630847026,-1.4207388786303117,7.511242526946176
17.274763107299805,-4.773642283384258,-1.4244917432847084,7.427167310807238
17.281553983688354,-3.641414721034037,-1.4290967046859113,7.401831919981043
17.283113956451416,-3.4898800533456575,-1.4287945897123817,7.324293694992692
17.28492760658264,-3.3774071612389998,-1.4227341463540997,7.198471601411231
17.286776304244995,-3.261362588486324,-1.4139124888202779,7.070519818396964
17.28815793991089,-2.994315275094869,-1.4007615901113872,7.048105539483847
17.294203996658325,-2.108854102790514,-1.3384320942717391,6.82561971081917
17.295143604278564,-2.052513146209486,-1.332112608978261,6.75757923093083
17.29660201072693,-1.9671266798020186,-1.3234295400422496,6.657909630812833
17.298150539398193,-1.879133490402985,-1.309366687705736,6.550383125045215
17.299780130386353,-1.783228643719748,-1.294128050522698,6.43518924705542
17.306774139404297,-0.8449888807909026,-1.1724704048654153,6.090589649942383
17.308157682418823,-0.7628688585375681,-1.151574904052624,6.0046021604883855
17.3098042011261,-0.6913349854427812,-1.1249286042803581,5.899284356763011
17.31172251701355,-0.6032559658275407,-1.0937907454242557,5.775768955098108
17.313109397888184,-0.4245920562533143,-1.0617149306761227,5.70637454908325
17.319238901138306,0.18560798225145408,-0.9265179627122955,5.353092607813202
17.32011890411377,0.22044033517638306,-0.9157412227519275,5.30095374950372
17.321520805358887,0.26594579540385166,-0.8936898229843345,5.218543424281259
17.323315620422363,0.3371633144923032,-0.8707129551316523,5.115029272946195
17.32497239112854,0.40832252645598743,-0.8472441025137182,5.020955030994856
17.327728509902954,0.7049904994396893,-0.7994114516006156,4.842930275865308
17.32858681678772,0.7987024714168255,-0.7841601637213835,4.781830799916312
17.331719636917114,1.0013953366411419,-0.7368869284199121,4.584296975433821
17.333099365234375,1.0581092473563252,-0.7173983107864912,4.498844078011735
17.334914445877075,1.1166713021689803,-0.6950192539879604,4.38662800108966
17.33676838874817,1.1609014171155234,-0.6691729039565343,4.285899515247942
17.338154792785645,1.2631126797854895,-0.6479012578145392,4.184315955686892
17.34369683265686,1.5794648742645125,-0.5606201634495734,3.790533443912855
17.34514570236206,1.6053534620972163,-0.5433237659272626,3.7057881581752694
17.346710443496704,1.6387623015060009,-0.5200943769879982,3.620243634947696
17.348281383514404,1.6722576796661894,-0.4967563271065445,3.5430525932023484
17.34988045692444,1.700281174611546,-0.47127973963111547,3.4667963346526416
17.35675358772278,2.0055821895891413,-0.3710648956404989,3.0852565974284665
17.35814094543457,2.0358219786953224,-0.35175743198769843,3.0343498156465456
17.360018014907837,2.0681964697347346,-0.3320976996885457,2.958334625110968
17.361746311187744,2.104004224433754,-0.31811971579968457,2.8890043283611986
17.36313557624817,2.158497593576951,-0.30469556260775926,2.804860374145486
17.369189500808716,2.3641993189891752,-0.24222010036091723,2.489107003481413
17.370070457458496,2.376222640056687,-0.23966225042572284,2.4620019965315483
17.37144160270691,2.3922957529106776,-0.23043623573100616,2.412068329474333
17.37327241897583,2.4093096808715724,-0.22188193054254865,2.3485725464082967
17.37482476234436,2.422510160890781,-0.21219688906727657,2.3069566716174528
17.381749153137207,2.622280032597454,-0.18292263916081358,1.9126702186725197
17.383314609527588,2.635171156228731,-0.18231941804883986,1.8630684356211686
17.384962797164917,2.6377365911265716,-0.17802757068538697,1.8199026488968986
17.38677740097046,2.6385215970942846,-0.17539492218959218,1.77775297400994
17.388177394866943,2.6739213233142447,-0.17226447241818182,1.6836412556967788
17.39430594444275,2.773483784258981,-0.1633374683137009,1.3606423065267335
17.39533805847168,2.768417347097923,-0.16042891415727004,1.3430288942581603
17.398168802261353,2.7527504978983246,-0.1592257343061814,1.2922854468740612
17.399794101715088,2.7439104438331667,-0.15554544614283675,1.269518832972004
17.40554404258728,2.7712987115105716,-0.15123842171485716,0.9745952741528571
17.406503677368164,2.7835799214605714,-0.15203778441485716,0.9108294589028572
17.408235788345337,2.778323167681525,-0.155291909863695,0.8631248944315608
17.409883975982666,2.7696317427708186,-0.16112125392274618,0.8427997530335387
17.411842823028564,2.7613918013555647,-0.16577520514450622,0.8245795580520165
17.413331508636475,2.77253831163721,-0.16668692816313377,0.737276876248496
17.4191997051239,2.7721809659822947,-0.160213782703966,0.5405592580694051
17.420082569122314,2.766715932245609,-0.15641593869858356,0.5383523697252125
17.424434185028076,2.7377800640476804,-0.14638750336168385,0.5472284644606242
17.425413608551025,2.732771151829499,-0.1447535946721242,0.5418623173765702
17.431632041931152,2.714963935489161,-0.147373488336676,0.3549417904946173
17.433284997940063,2.7074209983283644,-0.14827009650508813,0.3404793992119822
17.434762477874756,2.6960546475888596,-0.14924757511796732,0.3436773848366606
17.436737537384033,2.6784869713880184,-0.15260862444353301,0.3414425819645525
17.438254356384277,2.668920798806807,-0.15958466475189476,0.29245328984498786
17.44426965713501,2.6253232218870703,-0.17539463052536824,0.17795373388379704
17.44521689414978,2.6176705259569015,-0.17682782633456082,0.1787024780293235
17.449303150177002,2.5851750773313786,-0.1778812601867849,0.17718030391561784
17.450189113616943,2.5742748370607837,-0.17860879580120137,0.17567981691676202
17.451531648635864,2.5606951371728464,-0.18380919924843125,0.1419828581363377
17.4567973613739,2.5186330635428815,-0.19678268260591766,0.07304961714779874
17.458251237869263,2.5037806740433504,-0.19488953068038206,0.07326807840249816
17.459916830062866,2.4894735458262653,-0.19200008748426814,0.07612041371545827
17.461747646331787,2.4694568756291075,-0.19286363048327082,0.08095764975258814
17.46312165260315,2.456457431073498,-0.19521777259840162,0.06996418990395319
17.46746516227722,2.41350409261934,-0.19480976154367513,0.041766319516213846
17.468290090560913,2.404382493002045,-0.1958161161390593,0.03648809861349693
17.469963312149048,2.378207634777066,-0.20246886799137212,0.03851894264931812
17.471763610839844,2.3634453649637575,-0.19487196753698224,0.04329162555177515
17.47331476211548,2.3427208129795276,-0.19530561021889764,0.04304004716535433
17.474820375442505,2.328418108860991,-0.19555614058143755,0.04614483171863224
17.48169994354248,2.262743491456487,-0.1968954609735264,0.07296966143410852
17.483290195465088,2.247567530010311,-0.1906855387589861,0.07861232616712015
17.484896421432495,2.2275872296960504,-0.18970994793589008,0.08367629643331426
17.486742734909058,2.2071662593314287,-0.18911877174857145,0.08717290752571429
17.488218784332275,2.193134984930768,-0.19064287730825347,0.1031987097738521
17.494307279586792,2.115831830423924,-0.196333597569257,0.1402316063777525
17.495362997055054,2.1009063968240302,-0.19742676988043478,0.1399618692491187
17.4981529712677,2.061607860988827,-0.1967643890670391,0.1356518203631285
17.499796152114868,2.039076190094655,-0.19801394109493317,0.1356301057577951
17.506808042526245,1.9412784969908858,-0.204989403726004,0.2057013510447166
17.508186101913452,1.9220994884102784,-0.20850998487080102,0.2048178761986793
17.509814023971558,1.9040792424560524,-0.20775492963072853,0.20105995862682824
17.51179313659668,1.8814383229886682,-0.2062853416865342,0.19539032919028698
17.51318883895874,1.8688720618576329,-0.2094479330626072,0.21570928719210977
17.51923370361328,1.8292547916985646,-0.2177012861339713,0.2804874784497608
17.52016019821167,1.8262836272038567,-0.21770116555922867,0.2731404813168044
17.52158761024475,1.821946668493841,-0.21832043535666293,0.268619869799832
17.523142099380493,1.8156404320104367,-0.21554122664442157,0.264526212195796
17.524770498275757,1.805723820211657,-0.21574067413031647,0.2545697601444938
17.530348777770996,1.7624352471310287,-0.2124535330554781,0.3029160117260942
17.531719207763672,1.747797108619738,-0.21250755015388906,0.3232042828055478
17.533218383789062,1.7409448652385764,-0.20895719662434095,0.32366903670869945
17.534800052642822,1.732610987762992,-0.2059345574686931,0.31472952583541114
17.536795377731323,1.7225516173709632,-0.19784089640208458,0.308938076228714
17.538249969482422,1.710336770212,-0.19356579712000002,0.332929615864
17.544249534606934,1.6730733998911556,-0.1804764994320246,0.39797583784881935
17.54521679878235,1.670949544802571,-0.17718002225988544,0.3944091351134553
17.546626806259155,1.6712790953218426,-0.17495257597652927,0.3933267717497433
17.548217296600342,1.6717566843957616,-0.17258683919816722,0.3911190034304124
17.549959897994995,1.676080985488926,-0.1670673594325115,0.39336526430338487
17.556816577911377,1.6731615183961819,-0.15710936794287406,0.5228779693852301
17.558183670043945,1.677977566651116,-0.15541722028892385,0.5243578521120492
17.559799909591675,1.6943311420132574,-0.1490769154982181,0.537414089900499
17.5617938041687,1.711057406596038,-0.14566054853746768,0.5580956981751364
17.56315016746521,1.7149455694594673,-0.1424310051329132,0.5970684791264681
17.56919527053833,1.749401441116223,-0.13159113278439977,0.749908812325453
17.57005763053894,1.760140486671291,-0.1319439525988109,0.759055750128256
17.571452379226685,1.7792491676132076,-0.1294199917735849,0.7803671755660377
17.573264837265015,1.8054974183423422,-0.12608710138738738,0.8058052352947234
17.574986457824707,1.832904029125839,-0.12074611137751678,0.8342444954630872
17.581706047058105,1.9076366009591281,-0.10870863254495913,1.0906003974686649
17.583105325698853,1.9345715619881154,-0.10497923448302207,1.1389604068896435
17.58491015434265,1.972910000028708,-0.1023711691291866,1.1946009637942583
17.58678960800171,2.0232949425041564,-0.09743321489587284,1.268630803629284
17.588250398635864,2.0274967207566044,-0.09854048493980078,1.3542932710632307
17.59142756462097,2.0692781354659604,-0.09459626455465234,1.5220031386598927
17.5922589302063,2.0693694222584385,-0.09311151991444086,1.580196374607426
17.594877243041992,2.095982121454267,-0.09028710457385494,1.7298545468013367
17.596455097198486,2.1225948869918962,-0.0906544552553411,1.8012601625501696
17.59818410873413,2.1501219002152063,-0.08948195773367698,1.8753402210889176
17.599957704544067,2.175887538407849,-0.0866000626578838,1.9477943933240882
17.606558084487915,2.1179589096299694,-0.05960357279093689,2.330374080934112
17.60835337638855,2.126316094669217,-0.04676905638787522,2.423698534705709
17.609917640686035,2.1440825408871644,-0.033334900350251676,2.506888957220218
17.611526012420654,2.16088546732624,-0.018653438190783682,2.598176807781773
17.613107681274414,2.1374339314329913,0.0021037937526375786,2.7119341793876535
17.619282007217407,2.023910299723887,0.07387650928647438,3.0781856845485858
17.62023639678955,2.017618171114534,0.08575952800490058,3.1178707629316715
17.621487379074097,2.0020041960834924,0.10348195324944877,3.168350904606938
17.62329339981079,1.972648758244489,0.12621343977755511,3.2310204519659322
17.62476921081543,1.9385871877755603,0.14551108139119737,3.267850438290323
17.63168215751648,1.596459780694273,0.2235690727462555,3.3953718185744495
17.633355140686035,1.5375929672508577,0.23947317774228133,3.401671055462693
17.63480520248413,1.4945731707366732,0.2528512559282724,3.4092052569439018
17.636524200439453,1.4424282773110753,0.2652262563804971,3.432054844217091
17.638161182403564,1.3618289640707864,0.2849297867222777,3.484440866438704
17.64426565170288,1.0101768458637335,0.3707434616014524,3.7099242851712946
17.645240306854248,0.9761069817908301,0.3844722974174854,3.7474536968073475
17.646663188934326,0.9452215215319055,0.3964461943290304,3.8130890334613463
17.64824366569519,0.9001156313074721,0.419709761815345,3.895510798769825
17.649964809417725,0.8443204149034186,0.4432277868807671,3.9949335407759863
17.65158772468567,0.711916905948089,0.46388983177980603,4.100443002189389
17.65678071975708,0.23283622121566888,0.5522539038770141,4.507220018086179
17.658143281936646,0.1643237564511888,0.5752797837128671,4.601023057589511
17.659772396087646,0.12113995629707769,0.6023239676269423,4.715289218201853
17.661749362945557,0.06960840123759178,0.6337438684048458,4.862003264488253
17.663092851638794,-0.10446174673195875,0.6571044101431844,4.964004162304696
17.666328191757202,-0.4001544474196952,0.6944671649576495,5.191618704506301
17.66711115837097,-0.523116342655914,0.702084017794552,5.2361000878030115
17.669230937957764,-0.7920448276057692,0.7223860276697324,5.3230988361459035
17.6701021194458,-0.8301679113942307,0.7316820592867893,5.366769325375836
17.6744647026062,-0.9690037492931405,0.7402721552065015,5.525717815317199
17.675459623336792,-1.0315562495401853,0.7401004956949786,5.549424174000415
17.681631565093994,-1.8488321725669359,0.7548443514645123,5.596780864061887
17.683284759521484,-1.9572458192441706,0.7621456232353717,5.650265482866256
17.68489670753479,-2.036789217329985,0.7706556157788474,5.748890966809125
17.686774015426636,-2.1220080080387493,0.7746113222021137,5.891629725761192
17.688238382339478,-2.3943496541959637,0.7859010612852848,5.9253329254981395
17.69428324699402,-3.288417520511898,0.8199543944464589,6.114678417873654
17.695255994796753,-3.3382067412144476,0.8194833312849857,6.1808828580322945
17.699328184127808,-3.5373783256466296,0.8178904689583513,6.4440219903662515
17.700360774993896,-3.5924667640648162,0.8145870480201249,6.503928789597779
17.701500415802002,-3.8146470128476055,0.8174048265072866,6.474213576937127
17.706888437271118,-4.582602586299721,0.8107033126543176,6.456978034069359
17.708351612091064,-4.6648479652223855,0.8115377674219441,6.536977557813696
17.709760189056396,-4.733975712052677,0.80828113157286,6.622115139894503
17.711768865585327,-4.8242144760877395,0.805103263315233,6.739669319483567
17.713128566741943,-5.04532950643037,0.8034697560613998,6.687966498331902
17.719196319580078,-5.746319898199944,0.7953860919006577,6.645280323061704
17.72006058692932,-5.783724371685323,0.7977239034474605,6.69357918043193
17.721673250198364,-5.864247645899842,0.7910901252301189,6.780254317277117
17.72502040863037,-6.012862068990384,0.7763860443506132,6.96273189292447
17.73169445991516,-6.680807901722837,0.7247493578359409,6.870786639666571
17.733201503753662,-6.7416536221014285,0.7132753778123068,6.9058207787794785
17.734792709350586,-6.782320940940487,0.7026751226777033,6.954951086473596
17.73672604560852,-6.838148640300286,0.6946255182842858,7.016828320406286
17.738380908966064,-6.956376123134043,0.6727439610235869,6.9767870098570395
17.74162721633911,-7.077234029326476,0.6374900965603757,6.972029753499553
17.744250535964966,-7.160559648168899,0.5977823070879741,6.940639290027774
17.745195627212524,-7.166295124169463,0.5939954760365149,6.938127707340054
17.74933695793152,-7.182333471116907,0.5571729821330935,6.99631989242446
17.750259399414062,-7.1868519433605424,0.5461365097548422,7.016507848390702
17.75161123275757,-7.229530691985557,0.5242746133807048,7.016105940156557
17.756805658340454,-7.305621537206327,0.4608951160068396,7.091458036487888
17.758244514465332,-7.316924301925419,0.4442131282577229,7.113675793646955
17.759900331497192,-7.322869849466972,0.42817452832427794,7.126661178996283
17.761810779571533,-7.325994678820226,0.40451825612390774,7.132686685959605
17.763160467147827,-7.285538179730231,0.3819254187172424,7.174089691610762
17.769168376922607,-7.03449669181983,0.2816875333733711,7.380608945850425
17.770052909851074,-7.0193229431626065,0.269008574741643,7.378127133993485
17.77169370651245,-6.987858574612701,0.2484568262213959,7.378948663575515
17.773341178894043,-6.954860774612478,0.230654789266743,7.38251773317802
17.77477478981018,-6.929316960041876,0.21326952231616417,7.380646893306952
17.781670093536377,-6.35197858598212,0.07078256680231726,7.756740460559005
17.783252954483032,-6.286855856004837,0.043440503365142186,7.777635953021108
17.784923553466797,-6.254747032242221,0.015414922851681317,7.76681285362997
17.786762475967407,-6.2151530844298755,-0.01659716174547011,7.751481566818234
17.78824520111084,-6.006000828656471,-0.049641634968235294,7.874658845687058
17.794346809387207,-5.29174925922676,-0.17222870766380283,8.211795237617466
17.795387744903564,-5.269355114299912,-0.18878564163725778,8.197785547668527
17.79815649986267,-5.207338396401775,-0.2279158556460481,8.160978938739404
17.799770832061768,-5.1721712332016825,-0.25034420976240024,8.142438018379561
17.803271293640137,-4.5275839651891,-0.3158332768324989,8.433250765541409
17.806896448135376,-4.048941454531237,-0.373561412554253,8.593703778795712
17.808399200439453,-4.00841062721042,-0.3945092698319496,8.586816004554251
17.80983591079712,-3.9767892144843464,-0.413005356396271,8.57657529464881
17.811838388442993,-3.927799007945532,-0.4443964726044457,8.559371879263505
17.81317949295044,-3.641234660835284,-0.45644015151384526,8.663897133157864
17.819035530090332,-2.731784354659378,-0.5118714929138152,8.881533073224336
17.81986379623413,-2.7091755444089167,-0.5221879968612807,8.868296070751526
17.821598291397095,-2.6606399390034183,-0.5448849136973366,8.837040242292693
17.82322359085083,-2.6101617968132707,-0.5596879623998826,8.80263692383265
17.82493019104004,-2.5496764482925927,-0.5720037669860398,8.760212680414245
17.83171558380127,-1.3894886275993716,-0.5715199144591662,8.70790661079069
17.83329200744629,-1.2869439220236356,-0.5768539777415843,8.636393474876952
17.834758043289185,-1.2238830470210924,-0.5801823417826512,8.555831745921918
17.836708784103394,-1.1380903273734662,-0.5820991369806554,8.438966385487225
17.838409662246704,-0.8021433693134414,-0.5682989024976826,8.360899403235805
17.844191312789917,0.017257487880088008,-0.5179111365988724,7.9607026086272
17.845099210739136,0.052494901759075896,-0.50999379927434,7.885759983601897
17.846481561660767,0.10709737841212744,-0.4996216105928645,7.769431813211129
17.848156452178955,0.1727560952720641,-0.48673569594893434,7.623348646045487
17.849762439727783,0.23679867731477605,-0.4725431016027627,7.483865662646296
17.857232809066772,1.1435570108061466,-0.35213741079432626,6.722327586794327
17.858370542526245,1.176606988263524,-0.33908608237213184,6.611569277666249
17.85988736152649,1.2224273366710658,-0.3204952828975757,6.458074668276861
17.86148762702942,1.2675437192377401,-0.29693013441554345,6.304626563927158
17.863219499588013,1.445257479889019,-0.26863980944860905,6.106838122
17.865966796875,1.6148426951595303,-0.22203774146398397,5.810170761942718
17.866782426834106,1.7067944348479165,-0.20398427839968494,5.715545964160532
17.869270086288452,1.90225077839703,-0.15902753937909778,5.4259104654059955
17.870144605636597,1.9161991526026898,-0.14638195573213786,5.343207518537965
17.874465942382812,1.984267436388323,-0.08252657762401377,4.938734361701334
17.87548804283142,2.0134861102656787,-0.07052424853534778,4.835097976041619
17.876643657684326,2.109896952719498,-0.054513838619868873,4.695885943957668
17.88159203529358,2.34265138635645,0.00402523156097561,4.152824421600206
17.88313055038452,2.366895177046445,0.023086906387041285,4.012562783803899
17.884918451309204,2.375979433758317,0.04471765701649427,3.865158887037042
17.886707544326782,2.373578523982117,0.062186078819728874,3.715489251293337
17.88835048675537,2.434911505153668,0.07647969196599623,3.54144222419563
17.894246578216553,2.574969058354641,0.12488303317775833,3.0430828851891416
17.89521861076355,2.570461204183888,0.13470839968476356,2.9821554450980736
17.896737337112427,2.5605402629467355,0.14649127839404352,2.896553786746277
17.898256063461304,2.5593419318299184,0.159384889458805,2.8144887979636053
17.89995837211609,2.5602749537219176,0.1741886604558904,2.7299314278624656
17.906902551651,2.688931429406076,0.2128788567359863,2.2344462944488663
17.90837597846985,2.6875051735816853,0.21132757727257095,2.1635651400971625
17.90978717803955,2.686716275143933,0.2159117469824268,2.100780090399163
17.911811590194702,2.683448625849914,0.21775778709030963,2.0197788876627008
17.913278818130493,2.718424280445762,0.22227096488683942,1.912196539881423
17.919264316558838,2.8199584493139866,0.2050783898154139,1.5477058614757375
17.920138835906982,2.8167334312359658,0.20277853038249288,1.521703572509039
17.92155361175537,2.8100630775166495,0.19892710831685492,1.4812082410451812
17.923174142837524,2.801757285937742,0.19340966442805912,1.4349867298647252
17.924983501434326,2.7892018521315376,0.19348556766126954,1.3905726155530878
17.92739248275757,2.818191514683231,0.17164052043677502,1.212151560724617
17.928211212158203,2.8241951159534584,0.1648764177468137,1.1487716444193041
17.931668996810913,2.8264411627136568,0.13376469621189427,0.9568610262378854
17.933279991149902,2.811468229437804,0.12545191451987417,0.9081045480554761
17.934966802597046,2.7851488585974264,0.11565951091341446,0.8734650850071339
17.936822414398193,2.752891271910439,0.10639146371384525,0.8300785055179856
17.938270807266235,2.751624647554905,0.083468115260317,0.7228933132380408
17.942527770996094,2.7118150319402985,0.04457332680597015,0.510400630522388
17.943369388580322,2.703531886157825,0.03731667967134624,0.453869841193291
17.944862842559814,2.681100527953034,0.03000387283941903,0.42237864248825846
17.946667909622192,2.650162317979798,0.020640663202166593,0.40369809887542085
17.948188543319702,2.6280828431671854,0.01802388655251982,0.3898998719528596
17.94995355606079,2.591628507684997,0.010669555346305697,0.3762543189224479
17.956876039505005,2.4955004228149016,-0.04082454063743033,0.08561833631563509
17.95836853981018,2.4690383431282195,-0.04326418711791643,0.07085476328906697
17.959782600402832,2.4439262130422104,-0.043925577368786446,0.059443587703971124
17.961896419525146,2.4138946930115353,-0.04478228631322094,0.050939340197870456
17.963180780410767,2.391316295660755,-0.051727199489702516,-0.007075229143592668
17.969165802001953,2.2857283395555243,-0.05130122651175229,-0.14848350075594652
17.97004246711731,2.271978485539479,-0.046880543040675585,-0.1432605895565095
17.971728086471558,2.2576512106823126,-0.032305926908986836,-0.1447385481448197
17.97325086593628,2.2404625590027165,-0.029941363158850442,-0.14333465868630255
17.974979639053345,2.21511162276908,-0.023388287745876434,-0.14265337089041097
17.981691598892212,2.1122566488545886,-0.03554944882754544,-0.26691539111437856
17.983272790908813,2.0908977644280804,-0.035155538845845276,-0.27100623927277934
17.98493480682373,2.066012032412254,-0.03807175529830884,-0.26857779892791794
17.986831188201904,2.034556705089585,-0.04154135281067961,-0.2750481988133274
17.9883131980896,2.0079131914049833,-0.05036602739452957,-0.30983008309437204
17.994243144989014,1.8947641084236553,-0.06748794900447094,-0.3917126213322043
17.995152711868286,1.8791943594716163,-0.071051466023845,-0.3939224692566048
17.999239921569824,1.8123639826907216,-0.06997858860824742,-0.4044563890824742
18.00014328956604,1.7971197862992476,-0.07072065776553357,-0.40477403692560604
18.001492023468018,1.7686788643912172,-0.07308802242583322,-0.4242131088520955
18.003354787826538,1.7321069936344828,-0.07445193608275862,-0.4426623836551724
18.006829500198364,1.6776784874863355,-0.07716928628759478,-0.4616397839263128
18.008245706558228,1.6539799565566864,-0.07438185522745265,-0.4604077055469324
18.00990319252014,1.6272388372677176,-0.0734338271039919,-0.458125226819352
18.011798858642578,1.5918908919027082,-0.07284520425877633,-0.4594483407181545
18.01318073272705,1.5657291606059052,-0.07034401914591357,-0.4636268146931964
18.01884937286377,1.4723385013516181,-0.0651846759550192,-0.47135287555992866
18.019992113113403,1.4523163288447614,-0.063675598721887,-0.46961873831870543
18.02176523208618,1.421761525612239,-0.06438546128670196,-0.46798463665180934
18.02323031425476,1.3971082519060443,-0.06380645477484961,-0.47016978583443136
18.024840354919434,1.3767533680034356,-0.06635060707801317,-0.47068891885585457
18.031734466552734,1.2879993276523605,-0.05521828523204578,-0.45733252474821173
18.033342838287354,1.2684207314076135,-0.05579032231332357,-0.45501160836486093
18.03492569923401,1.2447129119589155,-0.06005601003801006,-0.455308315322806
18.036826133728027,1.2275129770252458,-0.058881136753852925,-0.4530417291345956
18.038419246673584,1.2135493851178654,-0.05226780635916096,-0.44486732260516554
18.044281721115112,1.169920000850147,-0.04102279602056807,-0.4227899036856024
18.045274019241333,1.1625207797962755,-0.040389294514281714,-0.4222886086488379
18.049283981323242,1.1325374480061288,-0.04209858991989738,-0.42460137095752565
18.050348043441772,1.1249292841545555,-0.04118225739379542,-0.42298165524678594
18.05154037475586,1.12420005575,-0.03569045425,-0.41433010625
18.056869983673096,1.118764220626556,-0.016227637402489628,-0.37768902563900414
18.058247804641724,1.1128982081505203,-0.016076279563095413,-0.3811506232491572
18.05987286567688,1.109627364838611,-0.012545197766666667,-0.3786873737097222
18.06182360649109,1.1044774920523746,-0.012891385671992899,-0.3774864328752774
18.06316637992859,1.1089143208430812,-0.00643890872467903,-0.36403988131483594
18.065658569335938,1.110156540458194,-0.0005060061638795985,-0.3556775217090301
18.066527605056763,1.114772558604097,0.004450327793060201,-0.34555965847951503
18.069201231002808,1.1144295435039804,0.010686324449903925,-0.32514361656546803
18.070073127746582,1.1114918441844635,0.013915659230030195,-0.3227045019651386
18.071549654006958,1.1134660807447994,0.020884676058892472,-0.3181949478039848
18.07328486442566,1.110620532990681,0.02034621974236559,-0.32139809929648744
18.074978590011597,1.110677367530396,0.02663060975111545,-0.3227224354606804
18.081756830215454,1.1236770656959707,0.053975339745641025,-0.25302634373054944
18.08326482772827,1.1254479150957568,0.060085534537844036,-0.25226779452694953
18.084785223007202,1.1232715441890617,0.06336745840753963,-0.25278030612366126
18.08673930168152,1.1270150851074807,0.06905100265548868,-0.253656007361135
18.088173627853394,1.1362221182058319,0.07741948849571184,-0.2342321472058319
18.094240427017212,1.1872542663164556,0.10378708879093508,-0.16157097337403023
18.095161199569702,1.1950631325443037,0.10702476681761264,-0.16009669337838575
18.096588373184204,1.2031044053069393,0.11163257470169882,-0.15457303194385258
18.098239183425903,1.2151251764903113,0.11865154568438051,-0.14131744272636523
18.100014209747314,1.2256987051775536,0.12441747121260056,-0.1365388736315287
18.106769561767578,1.2806366500368729,0.15544840139502644,-0.015293939386594256
18.10811758041382,1.2960409140421671,0.16193740728553477,-0.005225074936051382
18.109761238098145,1.312131432609735,0.16968873355461705,0.002996149282891911
18.111711978912354,1.327325031981259,0.17786731580732063,0.013159500832210834
18.113335132598877,1.3418668465444652,0.18647542615924387,0.05421296512358585
18.11921238899231,1.391462063246477,0.22118669315971262,0.1723635765661785
18.120105981826782,1.4002102960411718,0.22544311780022105,0.1820267697952473
18.121585607528687,1.4137959348642506,0.2326567825811674,0.1956459705879994
18.12330722808838,1.4288589054844534,0.23904588675282992,0.20970803327410803
18.124979496002197,1.447323791045831,0.24858188092618502,0.2306384547295831
18.126744747161865,1.463732770229834,0.2634461559961384,0.2909706354220538
18.131702184677124,1.5148958526543352,0.31611370196647404,0.46289777590751446
18.133094310760498,1.5327114332246792,0.3282255698152639,0.5027659815727532
18.13492250442505,1.5595165224173713,0.3455571081314318,0.5520118091398882
18.13681435585022,1.587698428459524,0.3631864374190476,0.604763326747619
18.138237237930298,1.5927747298424517,0.3777399221421884,0.6772695670449093
18.141886472702026,1.6305529950791284,0.42462900804529813,0.8592270331777523
18.144225597381592,1.6494908273947764,0.456776299466059,1.0024703327601687
18.145135164260864,1.6629547382654062,0.46923255678955245,1.0405551943987212
18.146535634994507,1.6831234250462805,0.4847671626223736,1.0990685069727428
18.148133277893066,1.7005516482994225,0.501965484068414,1.1616579127765438
18.149946451187134,1.7177663692250729,0.5177254486548328,1.226516954107336
18.15675377845764,1.6917978340011754,0.5880378669393093,1.6082438745559149
18.15827441215515,1.6855764343125625,0.6153372775198396,1.6807693274757198
18.159925937652588,1.7165684664333938,0.6485323195798578,1.8081835810804854
18.16183567047119,1.7227878606797506,0.6625042693288934,1.8794061700734024
18.163307189941406,1.6959362441249262,0.6811861260622413,1.9812818372035776
18.16917109489441,1.5984096350580737,0.7580483863852692,2.3564129946869685
18.170032024383545,1.5968332182279037,0.7701539979192634,2.4037412336593484
18.17170214653015,1.5739311337471364,0.7895233108370044,2.4886496427312776
18.173211574554443,1.5426175109145837,0.807189321093558,2.5663009914395087
18.174986362457275,1.500493432831552,0.8171763998922617,2.6392873756194954
18.18175220489502,1.1423201813452806,0.8195213077311153,2.8706208578953305
18.183106422424316,1.078075231020534,0.8149651124743327,2.9158298728234087
18.18489170074463,1.0228862613997485,0.8163294516138047,2.973119626513204
18.18679118156433,0.9607474864879907,0.8239395075758641,3.033658074794376
18.188276052474976,0.8469730224034083,0.8357602356780753,3.1115809838799944
18.19423770904541,0.4546834728553963,0.8403941416469927,3.4305323761602025
18.195133209228516,0.43909904503583475,0.8481753427599775,3.4780397019544687
18.196501970291138,0.3967458818428005,0.8707689335416116,3.576026341392338
18.198190927505493,0.3424977346924617,0.8881384825601487,3.7072142702132744
18.199779272079468,0.30656696807009937,0.8952749223444803,3.8198160041506926
18.203476428985596,-0.0892564804039536,0.9335405581641598,4.089634815009454
18.206923246383667,-0.40315370268691925,0.9491998280171551,4.326254425971408
18.20831847190857,-0.44264688020315185,0.9514321703498567,4.422192688083667
18.209957599639893,-0.4996017338547377,0.9578732133770697,4.54174541518923
18.21179175376892,-0.5475998426986302,0.9607926008563853,4.681748246139196
18.213239669799805,-0.758303332437,0.9726748669949999,4.775716944508572
18.219274044036865,-1.4542060783484594,0.9960803032044818,5.157098814918207
18.220157623291016,-1.4725015840532214,0.99912996229972,5.222770398280113
18.221660375595093,-1.5365111542193368,1.013803895979607,5.339596784109008
18.22314476966858,-1.6020952106037256,1.0225458135575782,5.450028407460203
18.22483491897583,-1.6498020685357968,1.0238677110854502,5.566651123718245
18.23171639442444,-2.6733696327347802,1.0502690679529119,5.746766912703242
18.233304977416992,-2.772285568592635,1.0590445272504996,5.832728014709677
18.234838008880615,-2.8388944025177296,1.0712263274120533,5.93310500282719
18.236780405044556,-2.931296490631648,1.0839151389208064,6.054438025838399
18.238309621810913,-3.2100117941490094,1.090521631265719,6.034497706832902
18.244253635406494,-4.034439191538934,1.058765313512887,5.931758212266193
18.24515700340271,-4.057236081291695,1.0543049970632756,5.962476846423428
18.249326944351196,-4.184127975871166,1.0454396837852762,6.111799291806749
18.250240802764893,-4.208518615079476,1.0443873606779142,6.14423829307376
18.256824493408203,-5.038763147777425,1.0226030060276416,5.864303843950619
18.25820779800415,-5.08743906150772,1.016565269581385,5.8913812026859285
18.259861707687378,-5.132150940845092,1.0158944283302498,5.951978701107691
18.261841773986816,-5.182616852698211,1.0137059630449503,6.023120849728966
18.2632417678833,-5.372604236776376,1.0093900325883027,5.934184559875
18.265498161315918,-5.487375123523866,1.0065175830972428,5.954949693018381
18.26644277572632,-5.6107414251512004,1.0019999463676252,5.891221358215831
18.26919412612915,-5.877093059488565,0.9908183400354988,5.778234980424162
18.270098447799683,-5.899478812754875,0.9878332506321033,5.803544114331416
18.274362802505493,-5.988330888174796,0.9762776540144471,5.91333807754656
18.275317907333374,-6.007779375136468,0.9714376789211203,5.9325056480648755
18.276445627212524,-6.116251039647756,0.968827859852815,5.861474025486997
18.28020477294922,-6.325542355276266,0.95444098852365,5.753870891847217
18.2817645072937,-6.431689504883648,0.9486075555723271,5.679831426242138
18.2831552028656,-6.459598821011172,0.9414105398841688,5.6779879491302365
18.2849760055542,-6.464095856703281,0.9353030433038516,5.710744240610556
18.28681230545044,-6.476771282967077,0.9320835070960023,5.72753877178683
18.288266897201538,-6.5423200836141095,0.9199253274701967,5.675708734724005
18.29426074028015,-6.646521008625211,0.8732101729113675,5.608601096124508
18.295183181762695,-6.643727886733258,0.8641039240315138,5.604174591622398
18.29934525489807,-6.607029876646511,0.8402282226983597,5.5851430200807615
18.30026364326477,-6.591082548991799,0.8325516246933555,5.573977520462747
18.301634073257446,-6.563171490752542,0.815987855238293,5.542306114056853
18.306883573532104,-6.346925228919206,0.759896849378808,5.458072279870199
18.308266401290894,-6.297733550203152,0.743381283377364,5.4103786512724925
18.309886693954468,-6.2393537238230685,0.7330970852914334,5.35499880225
18.311787605285645,-6.16650171977985,0.7160839564818622,5.289710553605816
18.31315779685974,-6.07805336686317,0.6986475315007127,5.289086284333096
18.319238901138306,-5.717169454616147,0.6392995282730982,5.295521884152725
18.320099115371704,-5.689384787132615,0.6330289136581172,5.268676508099097
18.321561098098755,-5.640442133378875,0.6224581946900114,5.238432926095292
18.323293209075928,-5.582050524082736,0.610601534253513,5.199387332551907
18.32498550415039,-5.52889454064558,0.6003267343473595,5.170852676442672
18.32674288749695,-5.389851122905105,0.5856353384552397,5.230260093071277
18.33176898956299,-5.00046822801872,0.550683189425693,5.398287042298228
18.33315420150757,-4.942208092361731,0.5426370526463342,5.394387515154399
18.33497714996338,-4.882515680904789,0.5310220765140815,5.362883560503502
18.336782693862915,-4.823532191897762,0.5185288068180419,5.336152682167833
18.33825659751892,-4.660010053986074,0.5101833978780416,5.4200006455781296
18.341801643371582,-4.375930943900523,0.4915762733851076,5.499643868514544
18.344219207763672,-4.118539228993415,0.47980229349810843,5.588491955960067
18.345139503479004,-4.093685866409696,0.4748052046708701,5.571263620718369
18.346575498580933,-4.0526549952505135,0.4656744452712063,5.536872413684327
18.348177671432495,-4.003087098089121,0.45181718940981036,5.494723542150292
18.349972009658813,-3.951031243255392,0.44188756985471056,5.447990555494893
18.35674738883972,-3.2312176939015385,0.40020086552307693,5.555204237218462
18.358147144317627,-3.167257085649842,0.3871395396577287,5.510151284168769
18.359933614730835,-3.1048163210328967,0.36909752810900476,5.437733215872038
18.361864805221558,-3.03607109365348,0.34902237449010987,5.351102386569231
18.363245725631714,-2.8497439177846795,0.3436496303830153,5.3617758115135565
18.369152069091797,-2.2594128163288927,0.31193642880516237,5.233489499682348
18.370031595230103,-2.2290838681837357,0.3050270393114072,5.184804625580349
18.371609210968018,-2.1679869983281272,0.29243598075606986,5.097286752552889
18.37329602241516,-2.1007693093438897,0.28099672678278326,5.0024143489107935
18.374818801879883,-2.0398682915805626,0.27019986920886613,4.919881698188405
18.381733655929565,-1.3672812824123204,0.2359750153642307,4.668633394078018
18.383321285247803,-1.2927874509646247,0.22442096585677307,4.581373515468795
18.384798049926758,-1.2409074811803118,0.2156094544163741,4.4967523677482095
18.38680648803711,-1.169749755033891,0.20254045583607275,4.375170660459346
18.388441801071167,-1.0005987010831663,0.2040346326693387,4.313617375486974
18.394192695617676,-0.5795116244044943,0.19025503105617977,4.015491018794944
18.39510726928711,-0.5529948692539326,0.1867356152741573,3.9633926967393256
18.396493673324585,-0.5138096091575434,0.18124734956059932,3.8811698028175345
18.398096323013306,-0.47070287069166433,0.17215717104878728,3.7919024218659048
18.39979887008667,-0.42283576644062015,0.1645374164208505,3.6999309719044233
18.40343999862671,-0.14124253533333334,0.15923210333333332,3.5051532697297296
18.406831979751587,0.03427541744971428,0.153761565066,3.3329783053394286
18.40831232070923,0.06916174745569438,0.1468765453754129,3.2568392197852933
18.409987688064575,0.10683565333476702,0.1392760400996416,3.1689615411655914
18.411823272705078,0.14427620878376446,0.13291730366957266,3.0737723758153495
18.413203954696655,0.22883270805655526,0.13082977585218508,2.999559528888175
18.418406009674072,0.47352903071306574,0.11720351340777115,2.7283089255435526
18.419840812683105,0.5007532232652401,0.11606435231803464,2.6643793582221598
18.4219012260437,0.526872553619811,0.10873687350386486,2.573944377128829
18.42322850227356,0.542946089014956,0.10421300767800587,2.5130829594555717
18.424896001815796,0.5637028148693597,0.1047182612724538,2.446697545963472
18.431674480438232,0.7983386781871935,0.1022741174061148,2.137844572908134
18.43326210975647,0.823539973645864,0.10013303972299087,2.07911426299529
18.43484354019165,0.8392314043692801,0.098899238288923,2.023560310386719
18.436814546585083,0.8617893221821382,0.09929190232380114,1.9593399663040034
18.43830442428589,0.9166385595120904,0.10459585184003434,1.8967170532074689
18.44426202774048,1.0397686024210526,0.12508828696491228,1.6656333602807016
18.44516682624817,1.0407604040964242,0.13029345753140484,1.6423886493365474
18.446528434753418,1.0499810705415151,0.1340960599658281,1.596709389554166
18.448108434677124,1.0602268523797858,0.1425869192502567,1.5455479079989731
18.449830770492554,1.0743932873549915,0.15182239611029,1.4970914290499162
18.45707082748413,1.1947463744310065,0.19968867262968407,1.234461190531227
18.458404302597046,1.2024683685791329,0.21513533455253492,1.2051775370168993
18.459880828857422,1.2120843116639632,0.22480257177639493,1.164737915055377
18.46146273612976,1.2240244335799828,0.23615989358768177,1.1214690123165099
18.463131189346313,1.2515302630933647,0.2477197479383441,1.0602995000874926
18.465606451034546,1.2746549057758028,0.26650253266227064,0.9963471197241973
18.46643567085266,1.286218518395929,0.2727185737038417,0.9695320423540711
18.469288110733032,1.3314968926415278,0.2850031293895341,0.8676149151541905
18.470261573791504,1.3417921151567092,0.2904072623917728,0.8452869288217434
18.471582412719727,1.3557094075340619,0.29971077458728357,0.8181597814684928
18.473291635513306,1.3646711050734464,0.3111641801798989,0.7858923020987214
18.474995613098145,1.3832153031910253,0.3177498923024451,0.7559807707935537
18.481237649917603,1.4596788824638864,0.34008473623301805,0.5688218788078245
18.482075929641724,1.467421974291117,0.34335865817150396,0.5403639158025505
18.484983205795288,1.5007285256851153,0.3545382717200559,0.5002746955084556
18.48686647415161,1.5177228065811352,0.35239296415782684,0.47652641166284404
18.48844003677368,1.5344190923260266,0.3518289133890107,0.414934908205027
18.494226932525635,1.5768685168504044,0.34706656453229123,0.25194063413711776
18.495115280151367,1.582834189752091,0.34118659014150554,0.22934396355628686
18.496474504470825,1.5866961852010908,0.3388054321809961,0.215064431025549
18.49830436706543,1.5909256043732989,0.3347239190514253,0.20080544763859046
18.49983811378479,1.5925432538632136,0.32844868338317357,0.18566996373601374
18.5070161819458,1.615595693941917,0.29541367827353365,-0.03332189806523605
18.50819230079651,1.6165339321931331,0.29048717515450645,-0.034122252967811156
18.509913682937622,1.6182820098128836,0.2869028662361963,-0.039774554749999996
18.511852741241455,1.6138591628181818,0.28720813873609885,-0.04787003828773169
18.513224840164185,1.6109721949541103,0.2765837750930665,-0.09588242157183702
18.519280910491943,1.5936066410773742,0.2451961605583524,-0.23175218557279748
18.520148754119873,1.594699171563644,0.24326993419679632,-0.23380362283252287
18.52442765235901,1.588771794776848,0.22662495143933054,-0.23909277222733613
18.525413274765015,1.5878874327458272,0.22460337105300146,-0.2416020480717423
18.528360843658447,1.570485271487826,0.20285936155929532,-0.334400797244629
18.531784772872925,1.5511815787146002,0.18720730360029345,-0.38310794018459277
18.533238410949707,1.548466650598942,0.181916449676008,-0.3844718089725479
18.534822463989258,1.5444476500357043,0.1801880168959675,-0.3829812031173341
18.53681230545044,1.5422965289140889,0.1768042172756194,-0.3820541498412256
18.53833270072937,1.5266119355297476,0.16841724286717077,-0.4168659957504637
18.54354238510132,1.4836278943582475,0.13773921258247424,-0.5007533773298969
18.545043230056763,1.476659575607237,0.13487957645362542,-0.5016355348954665
18.54647922515869,1.4709381622252065,0.13236054111983472,-0.5000203662902892
18.548142433166504,1.4667870137723396,0.13172869471472523,-0.49530074204880437
18.549815893173218,1.4595402985593706,0.1294901817832618,-0.4902936276917025
18.55694079399109,1.4000569786539674,0.1029211083248353,-0.5691325618192495
18.5584397315979,1.3956463375113235,0.10290330895558823,-0.5665604346013235
18.55988597869873,1.3877123429441867,0.09849216350485027,-0.5630595241964009
18.561908721923828,1.3709305983333333,0.09326995815384614,-0.5610822075256411
18.56314444541931,1.364076103260274,0.08977970519477739,-0.5775633310693493
18.569225549697876,1.3162038245910639,0.07588799736212766,-0.609548867393617
18.57010579109192,1.3150419239119149,0.07562287981716312,-0.6065679439751773
18.574446439743042,1.2942437419457598,0.07518592076395465,-0.5904475981443535
18.575438022613525,1.2889902374874762,0.07634894328021093,-0.5893981163201992
18.581758499145508,1.2265316333828453,0.06596318332147838,-0.6077349692552301
18.583178758621216,1.2141145179217876,0.06426647934636871,-0.6069524710837989
18.584777116775513,1.2030229419056604,0.06293261808490566,-0.6005651982610063
18.58687996864319,1.1908527292744426,0.06034550019382504,-0.5929880661372212
18.588480710983276,1.1757512775552377,0.058181019099026905,-0.6011209209713795
18.594258308410645,1.1364193922934525,0.046951394347200893,-0.6037537570462097
18.595170974731445,1.1329934621558007,0.044927503011168504,-0.6023360316211085
18.599292039871216,1.1132878146665737,0.03795619569906568,-0.5906743574958863
18.60017442703247,1.1082752000850649,0.03625571135490169,-0.5884279872641194
18.601516485214233,1.1034281032097741,0.034100999018005146,-0.586275195931409
18.603778839111328,1.0965606580277893,0.03016337686663874,-0.5864937385285575
18.604843378067017,1.095869048170926,0.029858938189777966,-0.5823694764520319
18.60686206817627,1.0901853224175888,0.02177248570529994,-0.5834024121892837
18.608155727386475,1.0905234243946327,0.01911263482062147,-0.5779026534641243
18.6098051071167,1.0957510166819788,0.01940237931335689,-0.5702250795973145
18.61178994178772,1.0991231593925797,0.016233426597066437,-0.5649629250839804
18.613111972808838,1.105412120404989,0.016512223302274396,-0.5619500413514307
18.619236707687378,1.1329139446471874,0.017808963460404153,-0.5429037555505188
18.62015724182129,1.135599912241398,0.01813983386919716,-0.5410608623996449
18.621826887130737,1.147424911696226,0.017921164309083082,-0.5357110628058545
18.623146295547485,1.1510887675707728,0.018305679429523245,-0.534857941759994
18.624854803085327,1.1561258083882286,0.016778874245453244,-0.5307519402546184
18.631730794906616,1.1866090651830075,0.02462911663266206,-0.50896465563325
18.633299350738525,1.193764890239477,0.02713079118301968,-0.5039492534734952
18.634791612625122,1.202310347518069,0.029447670839960933,-0.5015506203214735
18.636863231658936,1.2174360646817581,0.030799717036923076,-0.4995912296039561
18.638410806655884,1.2303405717262705,0.037205797275447386,-0.4866163269328561
18.64424419403076,1.2759393094267781,0.05483733989958159,-0.4560178503849372
18.645145177841187,1.279251544423431,0.05596247311213389,-0.45623132593682003
18.646504878997803,1.289179936417316,0.05745504049625165,-0.45554209998383066
18.648118495941162,1.2993262462109174,0.06103817869919977,-0.4559794361967705
18.64977192878723,1.3119503787576752,0.06528842899057548,-0.4547902338200771
18.656826972961426,1.3959929071466275,0.11048571697052786,-0.3881969450077713
18.65819239616394,1.4108756470037191,0.117194420097554,-0.381472186839651
18.659839391708374,1.4328639255979856,0.12670272861644985,-0.3737734685866555
18.661811590194702,1.4662354717866402,0.1374497691216351,-0.365711646781655
18.663164854049683,1.4922482966663728,0.14932437208461877,-0.3442253832728074
18.664955139160156,1.525741372844603,0.16174631922679547,-0.3260453238446031
18.669283628463745,1.6141897840681094,0.20368201595117216,-0.2440175498558746
18.670168161392212,1.6322140684737134,0.20901062786405883,-0.2362181453601054
18.67148494720459,1.6708669109801269,0.22274113550057606,-0.22078621293173964
18.673191785812378,1.7187816702836827,0.23841903460489666,-0.19826482759991204
18.67496085166931,1.7722181477706063,0.25460677273204807,-0.170464918152836
18.680387496948242,1.9513261367345083,0.31734151301496716,0.018844439092460485
18.68173575401306,1.9884987006035808,0.3319436777757728,0.08115015093257798
18.68311047554016,2.026919776616206,0.3421465859179465,0.11701037031563552
18.684916019439697,2.074749960823184,0.3537517161562369,0.1541238905602688
18.686877250671387,2.1269510118097052,0.3656585168283243,0.1965935613992083
18.68836283683777,2.1660299244115966,0.3803120974073122,0.26943708607140815
18.694295406341553,2.288926098132353,0.43964381334033614,0.5239809443487395
18.69523334503174,2.3068622107735295,0.4476998243795518,0.548229887835014
18.696475982666016,2.3381279440824874,0.4602982833751251,0.5789784503772695
18.69829249382019,2.3886442543602224,0.4809180237751285,0.6305662643052542
18.699981689453125,2.4472822769876967,0.507179313637196,0.6861940512858369
18.706868410110474,2.563039052608312,0.6123024282335146,1.1270805891675724
18.708283185958862,2.58618557862842,0.6203726079533018,1.1725946715596618
18.709903955459595,2.6139269727751646,0.6336151094411312,1.2215009628817024
18.711781978607178,2.630995763945807,0.6404122755399316,1.262481537858243
18.71319270133972,2.609128517584115,0.6532128010638922,1.348123580808763
18.719321250915527,2.5319056447786132,0.6954558462891952,1.6103910748614592
18.720314025878906,2.54279107895549,0.6966420738823876,1.6206903524020635
18.721604585647583,2.519879060201769,0.7056554791755343,1.6589898021442888
18.723159551620483,2.5211278867349156,0.726626463457249,1.7040500219177865
18.724780559539795,2.52159174401535,0.7448490668037957,1.7511469401202902
18.726535320281982,2.4871048046666666,0.7607080764728205,1.856408747272674
18.73174524307251,2.3579032896426892,0.816906857725778,2.154145371298003
18.733154773712158,2.33627863712032,0.8245377857976565,2.1931825880050013
18.734980583190918,2.315602027248845,0.8322090549416375,2.231944283313646
18.73678469657898,2.2907962064756044,0.8466453341454946,2.281121392073846
18.738205194473267,2.2273064942154814,0.8571102970638146,2.3654045569829734
18.741668701171875,2.143062117168452,0.8834348804907497,2.5560734472437057
18.744303226470947,2.064999450296108,0.9163960466001926,2.7452174096308624
18.74525260925293,2.0590167502295422,0.9282877493384679,2.7920768868229953
18.746432304382324,2.045170781496196,0.9418312020204386,2.8544792475604956
18.748263597488403,2.0312644722731052,0.9592417689978507,2.945565543806706
18.74994921684265,2.022303371728794,0.9788004884156773,3.029942029480904
18.756914854049683,1.7536612535943965,1.0458613167495965,3.59321244382573
18.758363008499146,1.7424579192024663,1.0553114805758532,3.6786056241439633
18.759979248046875,1.717459412716824,1.0603309960113827,3.7588064179508605
18.761904001235962,1.67546387662605,1.0679930257601298,3.851192102811552
18.763134717941284,1.599458991229691,1.0630119109199085,3.9268439354831233
18.76918339729309,1.3203570797861852,1.0669693240182,4.262694558127974
18.770071268081665,1.3139056185571798,1.0734754812970766,4.3144202718447975
18.771673679351807,1.3071147445292097,1.0895804534375715,4.429312057358533
18.773261547088623,1.2930251216022568,1.11029304780677,4.546624746812412
18.774797677993774,1.2987851058165252,1.1219529605614134,4.650865278162054
18.78175163269043,0.9987604040562393,1.1479173277467087,5.137356098498998
18.783233165740967,0.983248478456422,1.1521131908709863,5.220477930048882
18.784836530685425,0.9736113614608116,1.160809230995831,5.310715896194552
18.78665590286255,0.9644895076347118,1.174905906246101,5.4178885332731435
18.78824806213379,0.8855414819042429,1.1759683983432527,5.524712217144373
18.794264316558838,0.5662783023625764,1.2050235311399222,5.891258483458079
18.795260190963745,0.5590809208523043,1.2118193964958357,5.9534428508256525
18.796457767486572,0.5333381130709954,1.223502856953557,6.039170995955628
18.798295736312866,0.52523092524095,1.2326356940163112,6.156764285436543
18.799941301345825,0.5296207259270104,1.245140174517926,6.259099234511356
18.806967735290527,-0.18099769684628594,1.2764940411925003,6.73052980420166
18.80817151069641,-0.18848782656161442,1.2890948876523542,6.800597450924288
18.809908390045166,-0.19813842493881645,1.3015860504834504,6.908598003621866
18.811817169189453,-0.21233493547558357,1.3079253249961336,7.031837248755406
18.813182830810547,-0.4520109937961512,1.3053733852822522,7.101678605640057
18.815972089767456,-0.6983100127859665,1.2979045639633715,7.246761015223301
18.816781520843506,-0.8638325710714916,1.2970911198658428,7.265019962472492
18.81921362876892,-1.293494686447391,1.312696666944954,7.308947201198108
18.820084810256958,-1.3007074923094897,1.317251562321101,7.349702273526662
18.82441759109497,-1.354104409301402,1.3304181665829515,7.542070049976954
18.82544255256653,-1.3973315587515729,1.3309770031989758,7.572610289005852
18.83124589920044,-2.417828413696883,1.3481648047730912,7.585177356119531
18.83209538459778,-2.591117673080673,1.355484111059199,7.572130285081834
18.83484721183777,-2.6149539431127278,1.3623140861130103,7.687897734095777
18.836832761764526,-2.635416868781383,1.3626357068583175,7.7782465187098815
18.83834934234619,-2.9769895688415415,1.363971599006424,7.718332517336188
18.83982801437378,-3.0464337180783354,1.369285851564706,7.758444148645338
18.844297409057617,-3.842960070167454,1.4002898666955013,7.5891036326134405
18.845337390899658,-3.8546723499214908,1.404011175123435,7.627229480990131
18.848113298416138,-3.8861802213304646,1.4091662807300631,7.7082952143615895
18.849766969680786,-3.9057395482804007,1.409150060876252,7.741360732378397
18.856980323791504,-4.979821808156895,1.4267564710628746,7.2109485359458985
18.858399391174316,-4.9936776115995025,1.423761296554321,7.225774303034655
18.859795808792114,-5.007007971741175,1.423296368651179,7.233220649960513
18.86176609992981,-5.028059399429532,1.4233280187490343,7.252254755550436
18.863220930099487,-5.2604992017999415,1.4317976599177262,7.107520790281163
18.869223594665527,-5.849475489517518,1.446116833093339,6.682723756278908
18.870090007781982,-5.850008851611965,1.4440921913356877,6.681301561869547
18.87161111831665,-5.847607465819946,1.4422586562981625,6.676874733194279
18.87334156036377,-5.8404135578855065,1.4394679223406344,6.666673632294126
18.87498140335083,-5.828559192109745,1.4314396584627198,6.64215904279475
18.877382040023804,-6.0752955627727925,1.4418255140375822,6.3820305617779365
18.878249645233154,-6.169993202572163,1.4457898592537868,6.283947646287511
18.881791591644287,-6.35738690582243,1.456090249224299,6.092172765467289
18.8832905292511,-6.378218623623621,1.4580665788804237,6.080168090586557
18.88496446609497,-6.380276974187619,1.45948400688901,6.087537606607854
18.886807203292847,-6.381491347542336,1.4592466405735767,6.092843644754744
18.888314723968506,-6.496670275452941,1.4711656845058823,5.965927435599999
18.892563581466675,-6.6488971174827105,1.4724143180232396,5.719766831843064
18.89341378211975,-6.691537315613468,1.4742266542766345,5.649104026722246
18.89494013786316,-6.684229050585745,1.4737015652162508,5.613173295126301
18.896487951278687,-6.661377016211222,1.4653905268633522,5.5822291461914775
18.89814043045044,-6.629851559235842,1.4555288129952684,5.54244120312317
18.899757623672485,-6.599238839304447,1.4498491318072977,5.507460499920752
18.906999588012695,-6.609459235267735,1.4331244328143593,5.059930883730264
18.908190727233887,-6.577020927514875,1.4284219528160755,5.025996917769737
18.909934520721436,-6.534250038896011,1.4216276585724283,4.98415566970021
18.911796808242798,-6.492418607198244,1.4120108180826627,4.941833727997659
18.913148403167725,-6.484147966917585,1.4096332855701816,4.889473150248676
18.91919469833374,-6.3772061662052915,1.3896344151115112,4.775948165317218
18.92005491256714,-6.359211993652861,1.385064364077296,4.760646931195041
18.921509504318237,-6.329609390662021,1.3778584291222948,4.734698990455974
18.923352479934692,-6.290627885208627,1.3674056015499012,4.710589831126586
18.924872398376465,-6.258494019434005,1.359298693477673,4.685560220801662
18.93177843093872,-5.999217144167646,1.3182244443358646,4.738272196042556
18.93310809135437,-5.9687095133065275,1.313043627633343,4.732629752074536
18.934911251068115,-5.936671475862893,1.3079132226820405,4.715544495341439
18.93685483932495,-5.896902643695386,1.2966546532670382,4.695884160966424
18.938440799713135,-5.79767892816493,1.2835985314300806,4.770407621258108
18.94424057006836,-5.473208295330408,1.2334769906296141,4.9751470003280405
18.94515895843506,-5.451768131474161,1.2279883257838138,4.972514679064354
18.94654083251953,-5.413682820857857,1.2203619185397618,4.959305932088637
18.948126316070557,-5.36306579969874,1.2073782448430699,4.942394027257732
18.949951648712158,-5.301043119342301,1.1992723190818546,4.924670648180881
18.953956604003906,-4.884997843652026,1.1559818215777842,5.143110035672429
18.954957962036133,-4.848353838013034,1.1503260008920375,5.128830308214225
18.95671057701111,-4.6443669993359284,1.1307618003502018,5.214375668423011
18.95830512046814,-4.5629582170649465,1.1162013732421505,5.193270388732473
18.95990800857544,-4.502653013643733,1.1033397524239554,5.153950336189276
18.961846828460693,-4.4212740084289495,1.0842499803315682,5.102810865654016
18.963209629058838,-4.234254149611373,1.0646938972861837,5.173428265027004
18.96924638748169,-3.57040975560931,0.9720724617182045,5.2496852661787194
18.970261573791504,-3.526144321462455,0.957567929817955,5.203829592323912
18.971588373184204,-3.4658233633430644,0.9389360612695614,5.138913458753853
18.97326111793518,-3.3899055732503482,0.9142745332188458,5.060366741588096
18.974928379058838,-3.3086576500340774,0.8892291142420681,4.970865935331375
18.98176598548889,-2.458925679593615,0.7927340767904643,4.889599016621915
18.98324418067932,-2.3660248752330295,0.7723208215894799,4.80826699458948
18.984906911849976,-2.288958324596004,0.7553517993239337,4.708008506582684
18.986851692199707,-2.202446189859896,0.7336021008749473,4.58920311580377
18.988186597824097,-2.01494495962863,0.7201524529988266,4.566063622225872
18.99424123764038,-1.3878575762683334,0.6619729953866667,4.326345239225
18.995163202285767,-1.3511861938629166,0.6531477580633334,4.27384223099375
18.996548175811768,-1.2952710949217554,0.6372097886070449,4.192157006155623
18.9981849193573,-1.2298982659492446,0.617864111305853,4.091313125299105
18.999765157699585,-1.1680570925841978,0.6007617800244422,4.002354297260623
19.006839275360107,-0.5287924197519767,0.5239428302190338,3.685206748685798
19.008227586746216,-0.48088543863893657,0.5104349732152659,3.6060186918266153
19.009880304336548,-0.435453817870774,0.4962099863507963,3.5165934452077394
19.011863708496094,-0.37913275013168724,0.48005858933744855,3.4040832143656674
19.013228178024292,-0.25396292709304646,0.4667794885430322,3.339177671116985
19.01549220085144,-0.16034042438273421,0.44733504152121395,3.224488884454626
19.01918649673462,0.11204144782672786,0.41660806395814215,3.0259849429390906
19.02004837989807,0.12988379485217633,0.4114251820036156,2.9788106648790156
19.02160930633545,0.1601290117850288,0.4009173476271962,2.9001097826267532
19.02329969406128,0.20007758852350338,0.3893476152551793,2.8140494678966994
19.024836540222168,0.23233923057885691,0.38213773733347656,2.7396241844847444
19.031564474105835,0.5436513682961058,0.3420881399206466,2.39868494331374
19.0331711769104,0.5823127339425667,0.33750228706731594,2.3238714551763104
19.034972190856934,0.6093712776745999,0.3343131239270703,2.2557399522102997
19.036829233169556,0.6353385280072091,0.3239533728352214,2.177220486977343
19.03834557533264,0.705876054560308,0.31719385718363274,2.1062348239312803
19.04420518875122,0.86982984345037,0.296281943274466,1.8500113138700265
19.045087337493896,0.8764738987903113,0.29448050868002235,1.8196189151962865
19.046614408493042,0.8878150652557696,0.2926223053821843,1.7641143959644274
19.04827117919922,0.8968555860248465,0.29515551722613065,1.7135861506275825
19.049806833267212,0.9104719664802277,0.2918726649725462,1.6601509478955903
19.056870698928833,1.0485835424790073,0.2956178759727312,1.363011529375559
19.058350563049316,1.0521022103727073,0.2971592034776229,1.3133475766419662
19.059963941574097,1.0490471671684556,0.30598603152826676,1.2640488970681265
19.06191611289978,1.0594783450812206,0.31337410796046417,1.2094448986549204
19.06323480606079,1.0747232839147962,0.3153412578964975,1.146398793003574
19.069230794906616,1.1142600530878737,0.33268170530427493,0.9237265182869516
19.070116758346558,1.1148477952298128,0.33121267986253144,0.8981526781908354
19.07173442840576,1.1061256011121958,0.3326807601891301,0.8574650704495118
19.073264122009277,1.1026780482913965,0.3344574653549503,0.8190815769368786
19.074978590011597,1.103456742873958,0.3392146209605336,0.7855956867601446
19.077366590499878,1.1278643211080617,0.33108334126415095,0.7088074535300172
19.07815909385681,1.1289933089656947,0.3310565924716981,0.682294242212693
19.081741333007812,1.1241326409625876,0.32922127605112095,0.6065735923839783
19.083104610443115,1.1175202338307075,0.3285229609352621,0.5830670183285591
19.08494758605957,1.1172918624515769,0.32040850638431484,0.5514380865420039
19.086814880371094,1.115107471477039,0.31920457850369405,0.5229337491760104
19.088399410247803,1.1126381264921876,0.31704763300520833,0.48566227167708337
19.092565298080444,1.1194770932674585,0.3038834470841443,0.4026084990260446
19.093335390090942,1.1209360331458214,0.3000886019896966,0.381818498639668
19.09494638442993,1.1183185002026783,0.2969556234897475,0.3606470049960943
19.09643244743347,1.1082812864987777,0.2912024437155185,0.3427090478766
19.098148107528687,1.1053844734126683,0.28186232342393214,0.323273117067876
19.09982657432556,1.102854299562126,0.27566953024906077,0.30706977963002646
19.10684037208557,1.1143309744609118,0.22976823599085322,0.1601650558180649
19.108278036117554,1.1110716486544234,0.21629261865399457,0.14534134313177077
19.109949350357056,1.1064408834716826,0.2032745797159911,0.13012547443586897
19.111870050430298,1.110511093154142,0.1945503366576923,0.12123751524319527
19.113226890563965,1.1141964230609946,0.17682155003919053,0.0834670402426963
19.119216203689575,1.1099154214220486,0.1353074443508844,-0.013253385000411353
19.120076417922974,1.1100249006980667,0.13170669547607294,-0.017510421802824624
19.12443780899048,1.0990086169820135,0.11923209733812047,-0.03227139844394869
19.125392198562622,1.0990306563671257,0.11561601926281864,-0.033462510433050104
19.131683588027954,1.0965424568174276,0.07988365480912862,-0.12818791956431536
19.133111000061035,1.0964409415184548,0.07245863580343348,-0.13365630600801146
19.134907007217407,1.0951595181666667,0.06639041655509066,-0.13211400138981869
19.136829614639282,1.1003180543556403,0.0543314826539197,-0.13591893726959847
19.13816237449646,1.1017504085267666,0.0426897248936474,-0.16042393869664526
19.144279956817627,1.0924933666748318,0.0035611018020340925,-0.23754203135324453
19.145172357559204,1.092164626614525,-0.002424968022346369,-0.2395588022178771
19.14924669265747,1.0996544032399669,-0.01287141629476889,-0.23562134535759754
19.15014338493347,1.102923462253944,-0.0162964027461943,-0.23180113953528922
19.151493549346924,1.1006425598784713,-0.022839451514481936,-0.25253688773156163
19.153525590896606,1.0959202279069569,-0.03915042269653593,-0.28667546690438017
19.156784772872925,1.085037544794791,-0.05065478855738408,-0.30121427209974244
19.15816378593445,1.0866082415989413,-0.05350982198225783,-0.3009020117078266
19.15978980064392,1.09199916777198,-0.058125722259899926,-0.2952799417778413
19.161881685256958,1.0933616439497422,-0.06082436695618557,-0.28945943997938145
19.16326642036438,1.0840363038711613,-0.06697097181245537,-0.305411693272104
19.168997526168823,1.0645841392570856,-0.09120854030618379,-0.34290313984640713
19.169827938079834,1.0630978455373605,-0.09410484825078728,-0.34266055582651017
19.171706199645996,1.0605876564117394,-0.09801575548088762,-0.33486658146800286
19.17316198348999,1.0630002922462218,-0.10153055980695751,-0.3314199296893356
19.17485284805298,1.0577425193487051,-0.10346970347195679,-0.3301876123351336
19.181764602661133,1.0330190002383293,-0.12600002875184277,-0.3700669102088452
19.18309450149536,1.0314347731927642,-0.12719265597826399,-0.37230943155827256
19.184964418411255,1.0303272858819927,-0.1328596405563596,-0.3691173963896465
19.186917304992676,1.0293741586557401,-0.13452230125062473,-0.3666010948851977
19.18825936317444,1.022357273415843,-0.14202211762584158,-0.37555161181650193
19.19423198699951,1.0030259514586315,-0.151398100429144,-0.38992760825823075
19.195130348205566,1.0020336821531635,-0.15103730660835957,-0.38625337622731176
19.1964910030365,1.0012070314404693,-0.1512509218557527,-0.3792931579590727
19.198185920715332,1.0013821641056397,-0.1519823510612654,-0.3753054295840252
19.199756145477295,0.9963859118368458,-0.15311500068346126,-0.37510773563949756
19.206804990768433,0.9789664559845758,-0.16701062033676092,-0.38941704420822626
19.208237648010254,0.9797565660788495,-0.16850030668474528,-0.3913319963730681
19.209855318069458,0.9814144444339414,-0.16929543362907684,-0.3903793363797678
19.211839199066162,0.9876506359871263,-0.17446197855519385,-0.3911699173786623
19.21317458152771,0.991938157296534,-0.17712351293852518,-0.39528224190885747
19.21547555923462,1.0044743384575041,-0.18023053096963534,-0.3920253498329217
19.219196796417236,1.021733678035178,-0.1845703153063063,-0.3923427192044902
19.220072507858276,1.0267405695053626,-0.18519862993693695,-0.39047233600271697
19.221705198287964,1.0339544396284897,-0.18484881091553326,-0.38851751769577664
19.22318434715271,1.044610905212629,-0.18239716202319586,-0.3842811186756873
19.22496771812439,1.0547111930337472,-0.1868702813108353,-0.38314417426774505
19.231632709503174,1.08659526979218,-0.1921912538109424,-0.36742534826195933
19.233242511749268,1.0950350009079683,-0.19325454964833874,-0.3618801034257571
19.23483657836914,1.0983906087782427,-0.19578532482008368,-0.35849861580125525
19.23677158355713,1.1048377144713488,-0.19577959466602998,-0.3580153180865413
19.2383131980896,1.1071095769107553,-0.19605055632751717,-0.3507258192438501
19.244242191314697,1.1430559089594252,-0.20112985677965625,-0.3204899882714849
19.245134592056274,1.1449574985029587,-0.20487624646745564,-0.32080028128402366
19.24648690223694,1.151692495696974,-0.20992241538367346,-0.31687601352878253
19.248246431350708,1.1605310728460765,-0.21357818848174762,-0.3141504950528888
19.2497980594635,1.169765033080165,-0.21664943805098733,-0.31355900697435896
19.256792306900024,1.2163031490129221,-0.20776978364684287,-0.26324845508428785
19.258170127868652,1.2195341672568807,-0.20734097235779816,-0.2627297757110092
19.259814023971558,1.2257618972764888,-0.20577201953061225,-0.2589078627984345
19.261876583099365,1.2249836099823563,-0.20666663324132045,-0.2551705486488332
19.263288497924805,1.2299070859454224,-0.19969898556514085,-0.24479228305105633
19.26923894882202,1.2469367853153128,-0.18792218740418906,-0.20221975506453438
19.270103216171265,1.2479700000938296,-0.18728713675672232,-0.203192015360317
19.27164578437805,1.2508927704150425,-0.18338028010264185,-0.20190562343583082
19.273329496383667,1.2511260085651676,-0.179613115157548,-0.20275698500143224
19.2749764919281,1.2538309575992264,-0.17862528123556384,-0.20399922180713567
19.278378009796143,1.2720384754358973,-0.16133085312820514,-0.1663478325128205
19.281731128692627,1.3035961199664756,-0.1421265047653295,-0.1418905582418338
19.283116102218628,1.3148381455020057,-0.13460171886704872,-0.1366480852005731
19.284944772720337,1.331407109210687,-0.12404976969174185,-0.13140691249340736
19.28685736656189,1.3502897919663768,-0.11232205413759032,-0.11932217999955759
19.28813600540161,1.3572567645175815,-0.09905344072941681,-0.09759476699228131
19.293419361114502,1.3677845449445398,-0.04822428496912521,-0.026033672928530587
19.294761180877686,1.368698936518353,-0.03915082985652477,-0.017983373899930218
19.29647445678711,1.3763509462881705,-0.027967560238941955,-0.010043932271858926
19.29810357093811,1.3852449716437043,-0.017458481478347863,0.0013891998119193935
19.299782752990723,1.3961842653099787,-0.0062339373715498934,0.02132298456985138
19.306792497634888,1.468852863698372,0.049735123032562126,0.2497750059228792
19.308162927627563,1.488107251563871,0.059089046896774196,0.281496796363871
19.30992317199707,1.514670040876116,0.07036980843415179,0.32439378178906253
19.311795711517334,1.541987009274073,0.0839782915500513,0.37111552345976845
19.3131422996521,1.5526692810390783,0.10123578475150301,0.4323985952204409
19.31920552253723,1.5916602811881444,0.16934167277806414,0.6719318978591066
19.32006549835205,1.5946757936146907,0.1796900323426403,0.6995038182542955
19.32160973548889,1.6059679882799085,0.19832886085575271,0.7470525378872352
19.323291301727295,1.6217329821786262,0.21967738446649016,0.7969466955925875
19.324809789657593,1.6320398382299313,0.2391545432234805,0.8418306830870126
19.331690073013306,1.573690683336848,0.32873880501795383,1.1758125312483614
19.333266735076904,1.5575674232756942,0.34190398901231034,1.2180013863736043
19.334973096847534,1.5398771254654668,0.35898816178945164,1.2512409082180829
19.33683681488037,1.5150602048058581,0.3765542569614366,1.2887314571732411
19.338141679763794,1.4826325208784807,0.38492577017064117,1.3379955387134086
19.34064292907715,1.4384659138,0.40251210604624277,1.3907577842369943
19.34153437614441,1.4066391719,0.4108195588901734,1.4213640063121387
19.344264030456543,1.3176392441134346,0.4300265198918648,1.501968572005729
19.34517478942871,1.297054315680321,0.4341330062138356,1.5170926610747637
19.346550464630127,1.2697140265262106,0.4397028088367376,1.5416827522741037
19.348135948181152,1.2405476148939827,0.4431549545100287,1.560881467487106
19.349974870681763,1.2107746619506226,0.4475792816104193,1.5746089606155718
19.356560707092285,0.9508999592542176,0.47589332599476436,1.7293028227207679
19.358354806900024,0.8913681080595903,0.47887249419553074,1.7574863814487895
19.35996699333191,0.864456174057031,0.4841392138266704,1.7895171784881185
19.361908435821533,0.810471630687899,0.5038144369085896,1.8511001596797736
19.363168001174927,0.7615194861224637,0.5136574372672327,1.9161311686336164
19.36921763420105,0.5764459548900344,0.585184794867268,2.241034015247423
19.37007999420166,0.562222638932417,0.5927126714561856,2.2793140810687285
19.371743202209473,0.5560292918831615,0.605779795588488,2.355392702370275
19.37334418296814,0.535436632613737,0.617810171372983,2.429688145755819
19.37498140335083,0.49364526266136655,0.6342830863940696,2.5095319613975073
19.38177514076233,0.2561358875549207,0.692632482758463,2.8827315348228826
19.38313913345337,0.21829576654154728,0.7018396994040115,2.9484338245888253
19.384950399398804,0.18935694753741972,0.7138081317994973,3.025866286169087
19.386770009994507,0.13609759232,0.7289786577107692,3.1108170977358243
19.388401746749878,0.04965092618619307,0.735281050407906,3.1775552756548264
19.3942232131958,-0.24942734368541578,0.7694745427760126,3.3794586518590237
19.39509916305542,-0.26497213180964646,0.7780178148135108,3.416214163952912
19.396477222442627,-0.2793650115020057,0.796612483708023,3.46841489944957
19.398170709609985,-0.3137286918673922,0.8160715954210225,3.5427473820170414
19.39976453781128,-0.3385413359939991,0.8384675229955708,3.622747486403915
19.401960372924805,-0.48890325395186934,0.8537896094159863,3.725471387351096
19.40683674812317,-0.8466629356058832,0.8834636934823648,3.867137080517921
19.408227920532227,-0.8749972760243274,0.8976249062936463,3.911371998638237
19.40988039970398,-0.911637708538748,0.9056939527246812,3.9543069462962324
19.411849975585938,-0.9418384141902718,0.9176411712410586,4.01190179202289
19.413209199905396,-1.0938233642466497,0.9141915032723125,4.016447429064158
19.418036460876465,-1.5039089589828474,0.9218610485437392,4.048966970922813
19.41889762878418,-1.577648043122192,0.9234387823598511,4.052616118962083
19.421591997146606,-1.5912689121147865,0.9386642537257562,4.1404757540655925
19.423222064971924,-1.647402831349516,0.9567637081882676,4.202961518329865
19.42476773262024,-1.6934436463153557,0.9588538082266312,4.2611728696340645
19.43182897567749,-2.425460683386557,0.9380374077029645,4.257038895787496
19.43329358100891,-2.4685113006807566,0.9384198428992693,4.318182693501647
19.43490958213806,-2.4916592363230254,0.9304299679934531,4.393879681691183
19.43699598312378,-2.5495824888731398,0.929232850686747,4.4819633219121195
19.438412189483643,-2.7752951133380583,0.9222580024939758,4.428516576826365
19.444316387176514,-3.305484599229229,0.8838542347727728,4.360512628297298
19.44527530670166,-3.320620492536375,0.8783022958217822,4.393687429587172
19.44931697845459,-3.3757556862887865,0.8540669990301634,4.5300591427149834
19.450266122817993,-3.395083893814132,0.849008488928362,4.557115724301913
19.451645135879517,-3.5750627611302503,0.8465906992395726,4.479764916836822
19.456858158111572,-4.017662360021057,0.8319519773545337,4.360632391962183
19.4582257270813,-4.038066224316254,0.8284459758425031,4.398984371322974
19.45987367630005,-4.056786514791923,0.8233018361140289,4.453058771284715
19.461865663528442,-4.079535394980467,0.8172084034570422,4.525304310887502
19.463234424591064,-4.217940394987705,0.814375602807005,4.454498126280915
19.469202041625977,-4.554034419896096,0.7939844879417337,4.317631811768657
19.470072984695435,-4.556965913601321,0.7917853803689725,4.336722212570896
19.4716579914093,-4.554341079611669,0.7837220273094897,4.362679606419581
19.473102807998657,-4.546813536093364,0.7778609714567652,4.381234262722062
19.474971771240234,-4.541224824470487,0.7664632096651309,4.396055561035128
19.479564905166626,-4.724505374341052,0.7431204374777015,4.203486457356489
19.48038911819458,-4.724846980937605,0.7396395627772194,4.1979740566608035
19.481719255447388,-4.777410589323004,0.7327777323143495,4.125564061467336
19.48491859436035,-4.763013703447221,0.7135340187433578,4.096497715887979
19.48696756362915,-4.742690080252747,0.7049668606051283,4.085261399796337
19.4884135723114,-4.787239704648352,0.7006675656102564,4.003284978535531
19.494266033172607,-4.931193000664825,0.6871832804336417,3.8894798850897665
19.495267629623413,-4.955326119452562,0.6881396899216958,3.9011150636876124
19.496437311172485,-4.988741642715936,0.685999035688799,3.916513807336894
19.498250007629395,-5.0427861444207736,0.6822347752440249,3.9369193272702865
19.49996519088745,-5.076154063221617,0.6793281691240051,3.9518206338349393
19.506811141967773,-5.251768200108661,0.6591009386346457,3.937208724998425
19.508195161819458,-5.26484075366355,0.6538508054405927,3.9481556363820483
19.50991940498352,-5.282590802420928,0.6522728515075937,3.960247175700014
19.51158881187439,-5.293624225716655,0.653751555817168,3.977999444140719
19.513248443603516,-5.305984610968254,0.6514653473650794,3.9921441654920633
19.519180297851562,-5.269604582487913,0.6434480507206408,4.067725362207266
19.520116090774536,-5.260432253300387,0.6432420671024174,4.062112490375625
19.521496057510376,-5.24740890575758,0.6409409433566385,4.049976445614842
19.523237228393555,-5.218488241033833,0.6414394113920463,4.028263449371568
19.524768590927124,-5.186281521992573,0.6406529686894729,4.00367168954278
19.531713008880615,-4.861051594013196,0.5963112234846041,4.086564992241936
19.533175706863403,-4.8228390264981025,0.5934704052562878,4.073241711499087
19.53479290008545,-4.790421926451251,0.5912209636393443,4.048051220571182
19.536980390548706,-4.747323846671264,0.5896792616390805,4.0215021334
19.5381441116333,-4.66677391620704,0.5759550544869253,4.0786701747625
19.541834354400635,-4.485277252291315,0.5499185481922704,4.169323998025211
19.544297695159912,-4.3270368921851095,0.5268869761823667,4.267557439759632
19.545268297195435,-4.308870078967091,0.5249046191157274,4.2592900018279165
19.54644274711609,-4.284547348079164,0.522103414507991,4.249560982372666
19.548301696777344,-4.2438546396816035,0.5174177372190408,4.240533052943307
19.549975633621216,-4.208712763078812,0.512905806066397,4.235206339982424
19.556883573532104,-3.684615805562375,0.4298875333268627,4.5140864549006565
19.55838680267334,-3.6319075571376622,0.42104872229387513,4.504082409736455
19.559900999069214,-3.589350236411699,0.4112384377218285,4.48474044267681
19.561877250671387,-3.5358453509883496,0.3992690783500959,4.454526445489604
19.56322979927063,-3.4044033361523196,0.37924300673576017,4.504373408415845
19.569195985794067,-2.966868593022132,0.30321317605378906,4.554766841182238
19.570072174072266,-2.940857966400756,0.29933909648031937,4.53274243336952
19.571645975112915,-2.888884437307847,0.2842612615286185,4.485270728671927
19.57314658164978,-2.8383508899653114,0.27074764753454644,4.438016346965454
19.57476496696472,-2.781520644435973,0.25538465017607415,4.3888747608298235
19.581685543060303,-2.1869887348959174,0.17508488771535366,4.284589287688902
19.583285331726074,-2.1091339063596215,0.16406236610410094,4.218900258211357
19.58496928215027,-2.0422534950251117,0.1527963048171038,4.137478931777902
19.5869197845459,-1.9642751272138779,0.1443524343510467,4.031518545586737
19.58829927444458,-1.8169730079623263,0.13295621247872796,4.006486716660364
19.59424638748169,-1.3398223592755563,0.10074750102999155,3.778681800815404
19.595145225524902,-1.3064647075957478,0.09444114620740636,3.7274056523290624
19.59650158882141,-1.254999428436685,0.09254787194117647,3.652051703882063
19.59813642501831,-1.1918090212840522,0.08649623721452895,3.5589581436488364
19.59981608390808,-1.1277535221872304,0.08343117019327007,3.4689171668889847
19.603602409362793,-0.7977685328890559,0.07964417054638612,3.31956976802432
19.6067852973938,-0.6130057224753804,0.07421916809489705,3.173014530760967
19.608110189437866,-0.5626809220864197,0.07446269690740741,3.1081382123209877
19.609774827957153,-0.5096976611727936,0.0724670397376627,3.026018425914032
19.61182403564453,-0.4428976496880734,0.06382791527537271,2.931686239868119
19.613170385360718,-0.34533819861748316,0.05696305544936438,2.8805242970554206
19.61925220489502,-0.017387080141902243,0.04134166472051247,2.6472413403083137
19.62015724182129,0.002402019734438099,0.04023778041414845,2.614225405381702
19.62148880958557,0.036673012630422296,0.03555142066762425,2.5617816823371156
19.62317728996277,0.07705581626333578,0.03279310978662748,2.5044899723365175
19.624762773513794,0.11191750205151689,0.032906391450486544,2.4515910014905553
19.631766319274902,0.42367926247456406,0.03419724637829659,2.203376397305808
19.63312315940857,0.45213117664143887,0.040367623064748205,2.1635357899772663
19.635028839111328,0.4861757325158328,0.04640403396422207,2.1098509616914325
19.63697075843811,0.5219338202590051,0.053654083290165806,2.052020883130646
19.63844919204712,0.5864729028953688,0.057759816267438535,2.005095933335191
19.64431095123291,0.7719624513741243,0.08255992534067191,1.8309968895030735
19.64530324935913,0.7873993919518211,0.08992579921020935,1.804983754535704
19.646480321884155,0.800990246452538,0.09923298148981932,1.7780953043253513
19.64830994606018,0.8304265252715431,0.11435271566318352,1.738086907446035
19.649779796600342,0.848156930883734,0.13337136224035775,1.7078183345444382
19.656896352767944,1.0181725657921774,0.20959988000817278,1.478059636231757
19.658246994018555,1.0402710176845196,0.22286675355764,1.4430527883057425
19.659853219985962,1.0669082880307368,0.24329940899705263,1.4095219500665264
19.661914587020874,1.0867076586523525,0.2655820189567639,1.3602996674181445
19.663254976272583,1.119338159881218,0.28248821724113776,1.3177687732354202
19.665966749191284,1.1624123526803047,0.3128654072054176,1.2510441244775679
19.666774034500122,1.1830277203670994,0.32035717297065464,1.2234488411996332
19.66927719116211,1.2310110414203912,0.3458855801118092,1.154663735939883
19.670157194137573,1.2387147666474367,0.3555520772054834,1.1364501662368984
19.671783685684204,1.2549681479089605,0.37118280501863804,1.111212594380932
19.673328399658203,1.2764991278656632,0.39223037515240144,1.0923563449098208
19.6748149394989,1.2895156784815742,0.4061606319510499,1.0740812842462801
19.68141007423401,1.4028916295351128,0.46086641263916645,0.9532085548302883
19.683282375335693,1.4291772595053096,0.4733794207823009,0.9279311276492626
19.684980392456055,1.4450703541993282,0.48286045101791714,0.9098511391041434
19.686992406845093,1.46437053085052,0.4909378881421144,0.8914484138812825
19.68842101097107,1.4998282869094455,0.498542026915078,0.8542496157599654
19.694366931915283,1.590294980483293,0.5067388288960615,0.7149691639671548
19.695350408554077,1.594802893933701,0.5084834509180328,0.7015660377160887
19.699347972869873,1.6262052718532494,0.5099686670935011,0.6542722470981132
19.7002911567688,1.6294527691167016,0.5093106186999301,0.6460572672591195
19.70142149925232,1.6520133376906854,0.5057852804920914,0.6029935825123023
19.706871509552002,1.7016185885273745,0.49588749317301334,0.4554028805801121
19.70828604698181,1.7076822074329367,0.4891282092091964,0.44237019497767005
19.70995259284973,1.7054718947803549,0.48358027217269806,0.4278160695340226
19.711899995803833,1.7085305752755386,0.47530511866217207,0.4136641106810787
19.713104009628296,1.7191829581678821,0.46886046023966826,0.3724628596264836
19.719330549240112,1.75044347728954,0.4348464420030847,0.2231142701957375
19.72024369239807,1.7488634889791081,0.4289293615852496,0.21858690731856423
19.723230600357056,1.7523501411296243,0.41080118379448033,0.20615162195566647
19.724887132644653,1.7520684418279555,0.404757400208484,0.19916464531668984
19.728432416915894,1.746513550669145,0.3771269345427509,0.08491855827881041
19.731733322143555,1.7476254993990499,0.3487689093750175,0.02030670404038005
19.733137607574463,1.7461508135201531,0.33981943206972637,0.00913969499087967
19.734941959381104,1.7419181514981181,0.3327515679912171,0.008656674506900879
19.73692560195923,1.7345433603782465,0.3196254157903573,0.0018521505923374945
19.73825168609619,1.7255914443207547,0.3012540970876115,-0.05260511905133831
19.743591785430908,1.6932162233684724,0.24950215372395979,-0.1853031766163083
19.745010137557983,1.6869171369287908,0.23801841826137948,-0.18870773399609048
19.746468782424927,1.6760527160761987,0.23058383463013699,-0.19171842173202056
19.74815535545349,1.6705409555036603,0.21996030428111274,-0.19265040281551976
19.74986457824707,1.659658263357574,0.21056624971672894,-0.19784059879649327
19.75687551498413,1.6087148493592316,0.14831806695326835,-0.3457676309684633
19.758235216140747,1.5989700665566051,0.1446004911416917,-0.3441057295991126
19.759902477264404,1.5895656316188786,0.13704119110858765,-0.34352300540525194
19.761918544769287,1.5763876968963733,0.1258631198462867,-0.3421345860656304
19.76327872276306,1.557058217416786,0.10886663773947293,-0.3806863696488112
19.76925230026245,1.4849887543853646,0.06288454076850307,-0.4634570080492488
19.77012324333191,1.477288766544936,0.05991647928491931,-0.46239348649707845
19.77162766456604,1.4659142592719032,0.05896276317623363,-0.46317119738267876
19.77318239212036,1.4535168371913645,0.05324958289704802,-0.46167709732457046
19.774976015090942,1.435534780526067,0.04699787441091378,-0.45786007091635633
19.78175377845764,1.3496194397341084,0.0066003325553266635,-0.5338096556827545
19.783138513565063,1.3364711473990531,0.0046547101569809155,-0.5324923723151098
19.784984827041626,1.3222199674395867,0.00527816722279648,-0.529230976018997
19.786903381347656,1.3034907193872736,0.0005823797268239162,-0.5283000419687329
19.78821039199829,1.2816765701942954,-0.0050269347955834995,-0.5401394942737311
19.794240713119507,1.2098639339334096,-0.021909922038296656,-0.5724754240777364
19.795146942138672,1.2032604910694484,-0.02149106139782795,-0.569393728837382
19.796537160873413,1.1920058050223559,-0.02060453719489825,-0.5670672753943824
19.79811954498291,1.1773457456827308,-0.02284953387550201,-0.5649860748875501
19.799846410751343,1.163976326313364,-0.02204097510808546,-0.5613858028701298
19.805567502975464,1.1057762873953723,-0.03517678976746179,-0.5802060641062705
19.80648159980774,1.0964256717921725,-0.036646196964719324,-0.5828481818834452
19.808179140090942,1.0840110436128525,-0.03589555097438099,-0.580461422763704
19.80983281135559,1.0757526552444223,-0.036066769512871855,-0.5774408463914474
19.811896800994873,1.0638606081581516,-0.03834170524512055,-0.5699121777629161
19.81323790550232,1.05710367992421,-0.04009748685885886,-0.5714660510570571
19.819210052490234,1.0289870029333332,-0.04225384377037037,-0.5655972070592593
19.82007598876953,1.0289032430742138,-0.042526416867784765,-0.5616423255587701
19.821786403656006,1.0250125852418435,-0.043905210251499634,-0.5592082351670812
19.823251247406006,1.0205969735986655,-0.04363215021507666,-0.5547359789094265
19.825021505355835,1.0141482412282206,-0.04497448337960583,-0.5468608555081406
19.831803560256958,0.9629092057732079,-0.04333476928202115,-0.5292214860987074
19.833187580108643,0.9526681102734103,-0.04288662513719215,-0.5223629968196744
19.83477282524109,0.9350738851711765,-0.044988978995294124,-0.5192582108258823
19.836560487747192,0.9112902357831637,-0.04730704429026244,-0.5141571115066685
19.838313579559326,0.8993969071519531,-0.046571961502503936,-0.5050299557936757
19.8443284034729,0.8311522858636948,-0.04472913353107587,-0.48744870367938276
19.845262050628662,0.8178240078275224,-0.04457636000498079,-0.4852604943937669
19.846646308898926,0.8001141272272663,-0.047293263948057496,-0.4826839730364309
19.848246097564697,0.7827898925919333,-0.0499242815396871,-0.4802076802349648
19.84975790977478,0.7663832357240314,-0.04937460796153846,-0.47737706600786073
19.851600885391235,0.7487240369365312,-0.04617077985785317,-0.47116301224890317
19.856931924819946,0.6833232541171282,-0.03574318031638418,-0.43982823786785175
19.858114004135132,0.6646818989949015,-0.03407832873446327,-0.4372659247481053
19.859858989715576,0.6403898705851605,-0.03082739006185567,-0.42975121742732686
19.861895322799683,0.6057254202451916,-0.03518288969842901,-0.41967269371134924
19.863246202468872,0.5866442827571734,-0.03136401686509636,-0.41380932036716633
19.867510318756104,0.5124469697238367,-0.022234168292483893,-0.38075582082848963
19.868340730667114,0.4978014005079456,-0.02331624289749463,-0.3748507984761632
19.869808435440063,0.4745149878161304,-0.021146667250313413,-0.3664134345879649
19.871610403060913,0.4367523423957597,-0.019347166267373383,-0.35775755496348643
19.873183965682983,0.40381051301704135,-0.018940180303880855,-0.34874626849677787
19.87497639656067,0.37093545193922034,-0.018044992009361466,-0.3357894119485818
19.881774187088013,0.2654587785484749,-0.01044591095990262,-0.2707839692299871
19.883293390274048,0.24392415855945906,-0.010065850865059532,-0.26268030587564306
19.884902477264404,0.2176053594455377,-0.011046671546840355,-0.2506639709826774
19.886903524398804,0.1946084302303138,-0.007927429491415039,-0.22539149369508585
19.888282775878906,0.18199077577946007,-0.005575860361948293,-0.21197761657991715
19.894319772720337,0.15359715654719333,0.006024653384615384,-0.15101382531600832
19.89530324935913,0.15234855878212059,0.0065005091538461535,-0.1430585412723493
19.896503686904907,0.14382537137539342,0.003777133288412017,-0.14313908755364807
19.898154973983765,0.13737798927394013,0.00573332170115624,-0.13420308675363177
19.899988889694214,0.14172850286618344,0.007457469841650404,-0.1264195758689713
19.90688920021057,0.15190700734724805,-0.018459864480771977,-0.1786387399978556
19.908349990844727,0.15682515947433323,-0.015268265924433611,-0.16895529550057356
19.90977430343628,0.16100346096986187,-0.01575210895981582,-0.165653807486396
19.91186499595642,0.16296310161628758,-0.01607045437094644,-0.1656217570396185
19.913275003433228,0.16876294446174744,-0.014805366831974833,-0.1671532459160589
19.91930317878723,0.19052982543536467,-0.023689364441082137,-0.18038897347524752
19.920217275619507,0.19231308614823595,-0.02603717590642867,-0.18362289553465347
19.92170238494873,0.19556034032521635,-0.023487739094323015,-0.18374764609490976
19.923311948776245,0.1973731910441324,-0.027813972055165496,-0.1866020751785356
19.924936294555664,0.19986437200085871,-0.029801741164448264,-0.18628497369643623
19.930323123931885,0.22990050345521618,-0.029555238761103733,-0.1582508488766416
19.931739568710327,0.24361151267197875,-0.023825313014608236,-0.142511403249668
19.93320322036743,0.25580957497095436,-0.019678784510373443,-0.11914745236929461
19.93477201461792,0.2761834806944638,-0.014216705896667133,-0.08607950694449867
19.936864376068115,0.3148574186006474,0.00794397521527369,-0.013047232667892879
19.93846321105957,0.36592185167289853,0.027163422103467963,0.06366849559098045
19.944326400756836,0.6612544442757121,0.17570262097628736,0.5539077422685561
19.945334434509277,0.7111452885460122,0.19798295299079754,0.6255152826411042
19.946613788604736,0.7675782768206252,0.21831745231682737,0.7189465313086474
19.94823408126831,0.8251696600712548,0.23744657589826873,0.8213915255906424
19.949912071228027,0.8772045227533619,0.24524606081316166,0.9129014675751073
19.956960916519165,0.94071889563476,0.20766062546688838,1.2217737105977442
19.958352088928223,0.9732136940484226,0.19232631460601612,1.256438116364637
19.959965705871582,1.0075944456005916,0.17251417903846153,1.2911511234418147
19.961930513381958,1.0479475633656237,0.15236139159879983,1.3453122501754537
19.96321749687195,1.0522874628152592,0.1391937144723532,1.409457439232176
19.96917700767517,1.1277278672358804,0.11360785537043189,1.7905211642026577
19.970060348510742,1.152619404042359,0.11093854801370431,1.8420924511420265
19.971734046936035,1.200379366982469,0.1049752015441874,1.9477174278042824
19.97315001487732,1.2450877779450755,0.10499232186225738,2.041096677616535
19.974806785583496,1.298817834189959,0.10943794758969465,2.1647051718975336
19.981797695159912,1.3110069218261504,0.1506233186990504,2.926624771845873
19.983174800872803,1.3596213530186514,0.15959999130329985,3.0832268279345767
19.984772205352783,1.4106231324101564,0.16953075270703125,3.2605137440703125
19.98686408996582,1.4761781445506672,0.18188271050256635,3.488260911506086
19.988218784332275,1.4151418745475883,0.19348648800114499,3.661799362299413
19.991739749908447,1.348550757045657,0.21096791715840757,4.030998058987472
19.994243621826172,1.2257650300167526,0.2258690202399771,4.291914603230813
19.99515390396118,1.2344127262152063,0.2293137243648339,4.366545729298396
19.999366998672485,1.2801621486128074,0.2424012422268872,4.689201871887899
20.00028085708618,1.2956230571863623,0.24086273002860445,4.753243731075123
20.006996393203735,0.7967947270165808,0.27758664790851917,5.43610787571012
20.008273363113403,0.8063129629645512,0.28003782329902804,5.555168650516294
20.00998044013977,0.820403061627166,0.28565021172610394,5.721057324770262
20.01142930984497,0.8311104326066755,0.29169401512351123,5.875448671843553
20.013094902038574,0.6440947803614562,0.3019591357291934,6.0796378685930055
20.01927399635315,-0.09554377086923396,0.3311143004709794,6.797865928662419
20.020263671875,-0.10629496782116638,0.3329037701780025,6.896278227094473
20.023210525512695,-0.12252554372231986,0.33406376266725246,7.191876563527241
20.024932861328125,-0.14427876892362568,0.3298285500408448,7.359491065035389
20.03172016143799,-1.3457732562141589,0.3515965372896919,7.903507733495557
20.03311538696289,-1.4272907733921456,0.35478902172180016,8.02488963138584
20.03493046760559,-1.4740681810739522,0.3582605218950079,8.186923980888714
20.03684687614441,-1.513470009571981,0.36134399270992695,8.353560704168888
20.0381863117218,-1.8657173101097821,0.3697033122142959,8.396341975833547
20.044232845306396,-2.9790247370198997,0.39653537538754474,8.566741700184108
20.045135736465454,-3.0120560467288473,0.3974373959567645,8.630113878117252
20.0464870929718,-3.0621994366139997,0.40042815234400003,8.72646362481
20.048124074935913,-3.124313981413398,0.404981038925136,8.837722815198111
20.04986882209778,-3.180176008758675,0.4269145279731861,8.938024072739747
20.053327560424805,-4.091220410941294,0.43887369763344786,8.828264356486255
20.056877374649048,-4.623310561146161,0.4525705111570083,8.80558849051156
20.058216094970703,-4.670543846899649,0.4530155686938947,8.848726728977963
20.059858798980713,-4.719966526131691,0.45328983590781563,8.909687025684512
20.06187677383423,-4.792874473647847,0.45495218429656575,8.988622169681896
20.063258409500122,-5.107399934634921,0.46909137173401977,8.881947619456028
20.068355798721313,-5.891345467847409,0.514979383018036,8.624462001980532
20.069820404052734,-5.969997940356216,0.5225699964552811,8.624401240699036
20.071573972702026,-6.009735561159317,0.5253091849253201,8.650096291981365
20.073195695877075,-6.045947596576264,0.5282698772389891,8.683245184634496
20.074816703796387,-6.08316041519261,0.5307667170667335,8.70681301602721
20.081762075424194,-6.909381911231796,0.568552527705641,8.26535712424
20.08313798904419,-6.973236979740152,0.5719624779700616,8.278105705341355
20.08479881286621,-7.030043714667276,0.5751333527404806,8.310801157243922
20.08683729171753,-7.108584326328685,0.5696684542709164,8.356920993615537
20.088193655014038,-7.300017864877963,0.569106908325139,8.256233422543312
20.094248056411743,-7.802716316332868,0.5656608012404356,8.005743033311925
20.095131397247314,-7.822427357084054,0.5636402596773248,8.015220320366518
20.0964937210083,-7.845161090532059,0.5618819357835294,8.030920052992647
20.098184823989868,-7.86938849902088,0.5557584841347438,8.04346979499833
20.09997057914734,-7.890094238493353,0.550755888849321,8.054019800707506
20.10689640045166,-8.26936221952383,0.5750709817219298,7.757943162432456
20.108314037322998,-8.273553576219934,0.5678357963030173,7.752285161339769
20.109964847564697,-8.272383203512517,0.5637812719937072,7.7487088291431965
20.111856698989868,-8.275925280411903,0.5605289181319618,7.744137059112858
20.113210439682007,-8.338799131389324,0.5618838947014414,7.69038199885857
20.11537194252014,-8.38707272311152,0.5605391992297201,7.68550658290098
20.11931872367859,-8.556691730462845,0.570200201296688,7.612706303589479
20.120293378829956,-8.568559026642083,0.5705176647044252,7.62412252429641
20.121671199798584,-8.572181859347442,0.5669145089961658,7.638853265540628
20.12315797805786,-8.567326499078993,0.5596582720314826,7.64497783760933
20.12477207183838,-8.557959000746793,0.5531713439793642,7.6446214806514226
20.130454778671265,-8.539563494910897,0.5299296638685641,7.481518100527603
20.13174843788147,-8.537314761692077,0.5265901370273169,7.434743853430063
20.133108854293823,-8.499485722891508,0.5140047945990566,7.403259458202831
20.134920358657837,-8.445760431119966,0.5035668417140867,7.367628418024663
20.13680338859558,-8.38232662368794,0.49111833059027676,7.327791848630288
20.13814377784729,-8.349523928059108,0.4828442352392197,7.282128106276034
20.144237279891968,-8.15631649080164,0.4361601665247951,7.118982500388943
20.145107984542847,-8.12431227529504,0.42821591446311985,7.1051633060097235
20.146471977233887,-8.074575939174132,0.41460146955928795,7.0840191230615845
20.14816641807556,-8.010220194543287,0.39700663285600707,7.0600785414096
20.149794816970825,-7.95290915616005,0.3845995417730882,7.0401228662331805
20.156892776489258,-7.739569298194872,0.32494113593333335,6.9202666501589745
20.158319234848022,-7.689491110544581,0.3102493568361525,6.9013549379105505
20.159772872924805,-7.6427372565842715,0.29499662613588995,6.881300028988607
20.16189956665039,-7.571671162840171,0.2737286534161747,6.853447236984947
20.16324520111084,-7.536867140397115,0.25892661767071257,6.82921437040297
20.16925549507141,-7.3492878116,0.185600506,6.7431475836
20.170151948928833,-7.322132235170509,0.1754958787702219,6.731339202131139
20.171470880508423,-7.285471600703063,0.16160403116971953,6.717836758929737
20.17315149307251,-7.234128591695409,0.14080760665222364,6.698689354975833
20.174806833267212,-7.183404170299671,0.1257759408209126,6.677685909478615
20.181753635406494,-6.953576141192792,0.04734872610530035,6.621057920808764
20.183212757110596,-6.904702008451442,0.03497155081989406,6.60536390075927
20.18480396270752,-6.853546735085778,0.016703311010338083,6.582497748640682
20.18682074546814,-6.7890224676214785,-0.003794287600058687,6.558550283905076
20.188142776489258,-6.726310908433976,-0.02343765650535332,6.557586097344468
20.191412448883057,-6.583355923968795,-0.058883468552247346,6.5425483966283995
20.19430112838745,-6.419901352781346,-0.09682012899832448,6.565701143274784
20.195205211639404,-6.386971132382574,-0.10524041377687796,6.553794511592014
20.196573495864868,-6.3259542668973525,-0.11667962812073529,6.531022756487794
20.1981999874115,-6.258211506764798,-0.12884677418959106,6.501409946980984
20.19984722137451,-6.187224040757333,-0.1407735235472886,6.467998419357991
20.206504583358765,-5.628100517680293,-0.21371543689435898,6.518260728468278
20.20831322669983,-5.503181807158166,-0.22277517075325046,6.488965542195171
20.20988917350769,-5.412237480034394,-0.22269837208125537,6.437632742138005
20.21195149421692,-5.285985858352346,-0.2237117192023385,6.369010866858691
20.213217973709106,-5.121636784474689,-0.23834964909938686,6.395644689494368
20.219284772872925,-4.430191003095361,-0.2715315574375716,6.379630642309994
20.22017002105713,-4.3750730205206185,-0.2700212170675831,6.3363448843845935
20.22162437438965,-4.278406979345916,-0.2664457801202817,6.27159683595493
20.223148107528687,-4.179711864409382,-0.2585901059371188,6.198021502281731
20.22481918334961,-4.072374729221076,-0.2558162058946163,6.125726018986255
20.231754302978516,-3.1236519489457146,-0.2772624539268571,6.094138320987143
20.233160495758057,-3.0242248491772585,-0.27090304937019094,6.02929026045312
20.23494243621826,-2.91615544322187,-0.25755927421870045,5.934178080014263
20.236877918243408,-2.802070847978208,-0.2385646896097422,5.83535329811252
20.238473176956177,-2.528168042210866,-0.24173964973351492,5.832274429823395
20.239797592163086,-2.439082665314286,-0.2310117698805195,5.772258179290909
20.24428963661194,-1.7729724497382213,-0.2164625455377345,5.682997213433052
20.24528455734253,-1.7243203779715797,-0.20990990116709513,5.623769635577549
20.246458292007446,-1.6621322270962582,-0.20192223875064266,5.564936554199657
20.248273611068726,-1.5677300185620522,-0.18487156787331616,5.46166608820321
20.249822854995728,-1.4831225581078529,-0.17371517320883995,5.377588085107424
20.2524631023407,-1.086432956241668,-0.1659188334103656,5.283455880531493
20.25324296951294,-0.9456909169418588,-0.16126164642739685,5.253605101444428
20.256853580474854,-0.5460177695426933,-0.1303717719217765,5.065074446702292
20.258156776428223,-0.4789509276392324,-0.11530142214029851,4.991232091243923
20.2597975730896,-0.41373138997980363,-0.09715507108541374,4.889621474464096
20.261882543563843,-0.327655794551866,-0.07475383523978843,4.76007957269997
20.263227224349976,-0.1398661528593482,-0.0633838224808462,4.685451209919954
20.26748037338257,0.2729764128309179,-0.012766424349436395,4.428286716950081
20.268295288085938,0.3861092661756697,-0.0010577023339189001,4.366595930458791
20.269968509674072,0.4613278485665998,0.026354748968490403,4.253135193540532
20.271503925323486,0.5105796065999427,0.051862505844215354,4.152243598754295
20.273319244384766,0.5658460304803319,0.07913190899628095,4.043719946441138
20.274810075759888,0.6157224919600341,0.1026026132043806,3.947653220386147
20.281717777252197,1.1544751938646831,0.20043879622514663,3.4112843768383634
20.283320426940918,1.192271354798177,0.22989216809001567,3.3086394503978065
20.284831523895264,1.2192834310446428,0.2532294059317801,3.220846698986886
20.286816596984863,1.246831546954089,0.28181201551362983,3.1040743021484936
20.28818678855896,1.349054048840059,0.29566242176494845,2.9922269467929308
20.29424500465393,1.603680845614697,0.3670367428185247,2.5769097361281084
20.29513430595398,1.6045835295850794,0.37796992778499583,2.5325148326760267
20.299129247665405,1.6244990754124808,0.414574913287953,2.341526129518959
20.29996657371521,1.6302152694127605,0.4245228029177277,2.310114853606828
20.301592588424683,1.6885860796035113,0.4373425899027067,2.200234898001463
20.30687689781189,1.8328266059248792,0.4602007176929272,1.874873770057402
20.30827498435974,1.8449482765503356,0.46488713022651007,1.8199445256856823
20.309902906417847,1.8475665507459544,0.47226362519089216,1.7556617961019618
20.311879634857178,1.846881277503226,0.4810222794903226,1.6879607375548387
20.313210010528564,1.8828016435595885,0.4808445062666476,1.6028852066930552
20.31929326057434,1.9486787404761088,0.4603398583127325,1.3071222315733906
20.32021999359131,1.950712615172389,0.45473205560872676,1.2788986778626608
20.32320737838745,1.9578036106549355,0.4385858423051502,1.1927550421412019
20.324910402297974,1.9550074110667597,0.42581471143715083,1.1556705689162012
20.329997301101685,1.9791094351831189,0.3925487019523605,0.9497879050271817
20.33181118965149,1.9835915641167716,0.37554333434702347,0.873884414340727
20.333183765411377,1.9718345599396367,0.3697705775745959,0.8502214349372049
20.33475399017334,1.959769189834973,0.3662150411310794,0.835152925739504
20.33683156967163,1.9372568767847242,0.35772638756384545,0.805447059970805
20.33812642097473,1.9398747373776504,0.3558092222038682,0.7630049722879656
20.34424114227295,1.9257455082556612,0.3458170241835337,0.6167622657824993
20.34515118598938,1.9074722343354766,0.3451863062834778,0.6115359327036622
20.34650683403015,1.885618595238507,0.3433956184280156,0.6065110958396023
20.34811806678772,1.8719064314908271,0.33992458904542805,0.6050198778139196
20.34985637664795,1.861537505767942,0.3339959514518291,0.599542540226473
20.356878519058228,1.8354950240614285,0.31225045116285716,0.40509218492285715
20.358245372772217,1.8252684241568993,0.30688030762544777,0.40001003933944695
20.35987949371338,1.809437516161142,0.30030448503481894,0.38646323077339834
20.36196994781494,1.7988050044373032,0.2911535561252505,0.379032909105783
20.36311650276184,1.7927767618571429,0.282669155,0.32619228414285717
20.36915636062622,1.7636555855191796,0.2415198507597302,0.13163973857552339
20.370023727416992,1.7568397764173107,0.23748635001391036,0.12534383632457496
20.371580600738525,1.7468208038750366,0.2304361056350365,0.11542829504087591
20.373212814331055,1.7319501014131522,0.22270369626518943,0.10546624222444603
20.374831199645996,1.7182251431743991,0.21487055507937394,0.09458468758859698
20.377034187316895,1.7017861462280148,0.19745096308765397,0.01073861315783443
20.381815195083618,1.657808530367742,0.16268121489749104,-0.12660463044229392
20.3832848072052,1.640411954988083,0.15334433047006032,-0.13966154625069885
20.384865760803223,1.6259909160490182,0.14851664852736388,-0.14847114589611476
20.386810779571533,1.610736831285388,0.1432425348390411,-0.15313143431449772
20.38816237449646,1.5941472252630184,0.13172962937996469,-0.19941098597572815
20.39196801185608,1.5461011893315233,0.11115915234195485,-0.27885764316719064
20.39426851272583,1.5175199786813187,0.09816806307692308,-0.32834084996703294
20.39526629447937,1.5089523458547782,0.09929135456669913,-0.32779926765586315
20.3964581489563,1.4967677067390348,0.09809179145357196,-0.32827393803241894
20.3981032371521,1.4788607133354386,0.09388350508726855,-0.3300986070229654
20.39981245994568,1.455982751492,0.09277185022399999,-0.3345332237
20.40689778327942,1.339896727384502,0.04227436755350553,-0.4823454598701107
20.40832757949829,1.3194088028760025,0.036663276926403206,-0.4877192005157503
20.409764528274536,1.3014646587157956,0.032107204746358184,-0.4932464683538989
20.41189956665039,1.2806074702522574,0.028109030872151355,-0.4977339528876308
20.41326093673706,1.2605726637438817,0.0183783635509391,-0.520920212419465
20.419176816940308,1.190138205596742,-0.022085274769076877,-0.5828269476461846
20.420064210891724,1.186006089383824,-0.02370746629208345,-0.5820134385415834
20.421647310256958,1.179760729892387,-0.027508696581568404,-0.5776924643022324
20.423384428024292,1.1701185293794387,-0.03381946816466208,-0.576770160257732
20.42482876777649,1.1641900186927865,-0.037239689561244696,-0.5750521414347949
20.43180251121521,1.0998442854582782,-0.07176611960927153,-0.621655410019426
20.43320083618164,1.0940176493955225,-0.07330534975774972,-0.62077142199469
20.434757232666016,1.084766806049505,-0.07583362788648725,-0.6173083352302329
20.436874389648438,1.0678348116654945,-0.08096253695560439,-0.6197306610268132
20.438426733016968,1.050164938296763,-0.08806712632053854,-0.6303609725932398
20.439785718917847,1.0392976014336537,-0.09070492949433367,-0.6329109171794577
20.44430160522461,0.987256412206367,-0.10641542361295728,-0.653199913312343
20.445200204849243,0.978831156347389,-0.10986945267187936,-0.6520673172348506
20.446553230285645,0.9645541552147213,-0.11177430669933343,-0.6523815505871507
20.44815421104431,0.9506780251992898,-0.11381032698727622,-0.6519119988245302
20.44984722137451,0.9315045089036094,-0.11708916790388921,-0.6525119799660044
20.452428340911865,0.8994158182807093,-0.12285760680895182,-0.661878064045474
20.45325803756714,0.8903836248358359,-0.12323573147647648,-0.6663305501201201
20.456887245178223,0.8430135112941683,-0.12514792092272334,-0.6516602396262569
20.458236694335938,0.8180436337990261,-0.12648220494466578,-0.6488836807600709
20.459901571273804,0.8022351352965865,-0.12926352835422497,-0.64647095730554
20.46186637878418,0.7831908332364983,-0.1325920919420732,-0.6557175935592334
20.463214874267578,0.7657241726910524,-0.13569921794808668,-0.6568109749455543
20.467859983444214,0.6969230849819303,-0.14275247504560448,-0.6627003760909221
20.468610048294067,0.6835140487138259,-0.14553694385894209,-0.6647766547586061
20.47160577774048,0.6403942982279749,-0.14448960605778033,-0.6689534330815218
20.473182916641235,0.6181786759345438,-0.14707390020339728,-0.6697780554955337
20.474817276000977,0.5853384500453784,-0.14972122588006143,-0.6720184902387601
20.481732845306396,0.4924174716600432,-0.15023002148538517,-0.668203719126422
20.483176708221436,0.47551268949727343,-0.1508291777238025,-0.6678841832110538
20.484920978546143,0.45360300110579344,-0.1495354666286034,-0.6648654982420935
20.486818313598633,0.4288126587826087,-0.15044477618714555,-0.66609912468431
20.488179683685303,0.41779847251399094,-0.14934880020562463,-0.6642698780513002
20.49428963661194,0.370484082981378,-0.13672981250350952,-0.6423014960239221
20.49516773223877,0.36223229747672253,-0.13589888264861766,-0.6399818459722103
20.49653935432434,0.3451127308978071,-0.13480089127791314,-0.6384058656226173
20.498109579086304,0.330266362374732,-0.13428287182020868,-0.636032503224096
20.499926567077637,0.3101939058530307,-0.13657482848187102,-0.6341113670088568
20.5069100856781,0.29058824480886586,-0.1337499534392631,-0.6089768715129533
20.50827670097351,0.28306678899645965,-0.1334399615630624,-0.6072531064289718
20.509899139404297,0.2732592914531964,-0.13555308853909817,-0.6045969941195776
20.511910438537598,0.2589790830308505,-0.13973569757115065,-0.6078874683796553
20.513296842575073,0.2626308781592253,-0.1360726497848906,-0.6033312522276759
20.514970779418945,0.2551388821282051,-0.13907836716666666,-0.6026693318589744
20.51927089691162,0.2690154928126966,-0.13496958931855876,-0.5881901871652845
20.52045249938965,0.26373435880260704,-0.13607500354003724,-0.587133882566108
20.521682024002075,0.25983561435353103,-0.1379791428687867,-0.5887986886348661
20.523239612579346,0.2525517457017066,-0.14165019951369567,-0.5873450394015489
20.524882555007935,0.2519847688116202,-0.14061496483356337,-0.5865514677586254
20.53001379966736,0.2777794535369118,-0.1364562928925049,-0.5661830751593407
20.531824588775635,0.285895971455095,-0.137539451917962,-0.5594814962227979
20.5331928730011,0.28857656100250106,-0.1363195577637193,-0.5576647546126232
20.534775495529175,0.28664515516138045,-0.13550804828866841,-0.5573962263532206
20.536826133728027,0.28346413623588235,-0.13952660300558825,-0.5533594758879412
20.538196563720703,0.2952942141999715,-0.13592274535615462,-0.5448927871326487
20.54431653022766,0.3184918417467337,-0.12968060421507538,-0.5188215436402009
20.545210123062134,0.3165478717257717,-0.12959713601292175,-0.5173321734630294
20.54935359954834,0.3025069105381605,-0.13211586539823875,-0.5098538940009785
20.55027961730957,0.3001461008920884,-0.1302992538830025,-0.5070824493507129
20.551637649536133,0.3092465664204303,-0.12998362355734436,-0.49929489080752243
20.556920766830444,0.3405836156027397,-0.11884379966267124,-0.45497786329965756
20.558298587799072,0.3490486586847079,-0.11769992423754295,-0.44722005105483964
20.559947967529297,0.35810066643877697,-0.12045579236019432,-0.4366161815149307
20.56189250946045,0.3742626960652844,-0.12024213495516951,-0.4169291316859064
20.563153982162476,0.3986210157487873,-0.11582592933191238,-0.3943314894574453
20.569282293319702,0.5307626751264076,-0.09776380273845721,-0.2525079434617117
20.570212841033936,0.551749554993384,-0.09668401614175114,-0.22866538232995495
20.573156356811523,0.640877160948514,-0.08438332244663038,-0.14333736043323567
20.574900150299072,0.7116084502109444,-0.0741753163799647,-0.07891107954810239
20.581850051879883,1.033479657852889,0.050116158345813684,0.4612736202063679
20.583216905593872,1.10262639374451,0.09107689960895271,0.5907033103631757
20.58478808403015,1.1774097555349758,0.14225899453398472,0.7464289900484282
20.586930990219116,1.2834830899538263,0.21702931987117002,0.9615690366813453
20.5883309841156,1.327178231084224,0.2662184956670942,1.1196277109022374
20.590909242630005,1.4238675666518337,0.35100452466545873,1.379347681402812
20.591721296310425,1.4438805260485579,0.37790329191926364,1.4685729892839543
20.59429168701172,1.507831800574813,0.44963701508728177,1.7193315815411472
20.595231771469116,1.5452512786408976,0.47400358824771405,1.799368824335827
20.59932589530945,1.6981680678639943,0.5692659860586973,2.1149038134903364
20.600242137908936,1.7292616966866143,0.5889456694047244,2.1848884438614173
20.60159683227539,1.730731790140083,0.6172187993909753,2.3036787861992
20.60628914833069,1.763277941446405,0.7068510320581887,2.6703811869317486
20.60720729827881,1.7643050800679834,0.7234105461784743,2.7399761289157003
20.60986351966858,1.812348257882776,0.7596841691172239,2.880939823173508
20.611899375915527,1.8458009513904128,0.78855146904737,2.981866762544542
20.613165140151978,1.8148274217538236,0.8069259019085294,3.076367637505882
20.61923837661743,1.715456821361422,0.8990838620828667,3.5208795541791713
20.620150566101074,1.721703304593505,0.9117153111097425,3.5827537418589026
20.6214861869812,1.7301298315750548,0.9257078874283006,3.681872677704741
20.623186826705933,1.7380117374325088,0.9431284484466431,3.8106822545265016
20.624854803085327,1.7423205194026368,0.9576074046146045,3.9403521775689656
20.631737232208252,1.3852872444381141,1.0098466920095428,4.561420958376584
20.633096933364868,1.3455657643493302,1.0167635810163405,4.662656362456941
20.634888410568237,1.231010639253617,1.0386548121918475,4.773883988668336
20.637266397476196,1.194697307992583,1.0138175960562827,4.964931412362129
20.63834500312805,1.095084943551047,1.013742715171466,5.050739274390052
20.6398868560791,1.0318067666543964,1.0455357412323933,5.1559183119361025
20.644261121749878,0.5492934193923087,1.0717364527165583,5.509339217042467
20.64514470100403,0.5191585656224927,1.0683006826094894,5.566354007685157
20.64652419090271,0.4787168564269777,1.0647430580856272,5.660593267909592
20.648164987564087,0.42867954713228573,1.0728227469688572,5.772748546499429
20.649821996688843,0.3809641716993156,1.085411810988024,5.882039878878386
20.652354955673218,0.05053005013093877,1.0841226720997426,6.048893351235404
20.653175354003906,-0.07900163370291925,1.0866150783148254,6.10050455717344
20.6568820476532,-0.4455550999189944,1.088990221450838,6.297835688225698
20.658186435699463,-0.4927275398461314,1.0926425439766423,6.3719546849449635
20.659823656082153,-0.5288888376888361,1.0935693221828977,6.460471712888361
20.661918878555298,-0.5755055766982758,1.098771182224138,6.571717078045259
20.663300037384033,-0.8079980879797535,1.0977411623829225,6.617051672496479
20.667011976242065,-1.1857088375663236,1.113672045002287,6.76659706132733
20.669257640838623,-1.4626164592387567,1.123421944829562,6.846809022314093
20.670328378677368,-1.4955730160269343,1.1331194205836677,6.905280700582234
20.671472787857056,-1.5148286932762178,1.1428293371452722,6.979105774736963
20.67332911491394,-1.5566012852122122,1.1500126062722722,7.0829663730820815
20.674975633621216,-1.5754005935428042,1.1636266018234958,7.175739864646848
20.681861400604248,-2.4156297221949687,1.1627765414067086,7.283033494750524
20.68322777748108,-2.4514546994683433,1.1642437035088462,7.335705318657844
20.684929370880127,-2.480247022965952,1.1641711789495586,7.411633449432535
20.687057971954346,-2.5509721621377834,1.1682082542152332,7.491540059904579
20.688454389572144,-2.7682167672861215,1.1638218131674511,7.476780122501641
20.689873695373535,-2.8190986137445804,1.1644188964991888,7.52785498621398
20.694257974624634,-3.3266862057316513,1.1515283439784976,7.516483296420298
20.695213794708252,-3.345268605755734,1.1486821694852352,7.546761065481938
20.696637630462646,-3.3724673035297066,1.1391473695161058,7.580932162198998
20.698318004608154,-3.4008582654315354,1.1343439020497925,7.6268612325311205
20.69988989830017,-3.4225890071804543,1.1267308654983568,7.654918172036719
20.707009315490723,-4.097677506797546,1.062459432220859,7.489922131141105
20.708316802978516,-4.1213581010700535,1.056531040439435,7.505806395913825
20.709908485412598,-4.142981325008705,1.0471306110871947,7.523703274344145
20.711588382720947,-4.17141933835488,1.0360901502153252,7.542626389314783
20.71321964263916,-4.324986546070645,1.0198012281965774,7.49060546276788
20.71941351890564,-4.751157422390794,0.9713610336343624,7.389810366118782
20.72072196006775,-4.773765564929307,0.9651576953567544,7.4142486022869205
20.722090482711792,-4.794394277858782,0.9564293074444444,7.438950632398567
20.723154306411743,-4.8121259824658065,0.9487538742,7.45644613695742
20.724958896636963,-4.835800488135726,0.934801892159182,7.4816019096998
20.72667169570923,-4.961203697233463,0.9126019145418287,7.434769814883269
20.72912049293518,-5.127552530108108,0.8742314062445302,7.364033823576005
20.73001003265381,-5.135719890783784,0.8632771134157013,7.367286494223652
20.73181414604187,-5.25443212562965,0.839874307601644,7.3116223616052665
20.73335838317871,-5.27765986961064,0.8233744572617655,7.315082652465069
20.734790086746216,-5.29260666741226,0.8110600324772057,7.326558920978679
20.736984491348267,-5.3170268597674415,0.7962349387798058,7.338818219613188
20.73825240135193,-5.409371765465116,0.7834649437315279,7.286043297950839
20.73991298675537,-5.440847360607955,0.7725086585132576,7.2790449337556815
20.744333267211914,-5.652313051434035,0.7404195423296089,7.143517058266007
20.745500802993774,-5.65880390167916,0.7343518321869547,7.145015683417966
20.74652123451233,-5.669394668928479,0.7320237331968246,7.166150732378058
20.748303174972534,-5.694950090993856,0.727490324075,7.185069236155857
20.74994421005249,-5.721216743877954,0.7187645044585304,7.226918641724968
20.75703239440918,-6.054136398781567,0.6878340071659296,7.193076093653731
20.758267641067505,-6.071203071820088,0.6770838956396061,7.215038129417606
20.759825229644775,-6.097516256117153,0.6652936977954036,7.24562462485426
20.76155996322632,-6.122102272660403,0.649288386516811,7.2738305441830855
20.763140201568604,-6.185960201953605,0.6395073879895788,7.258123223984868
20.769258975982666,-6.365563299228244,0.5907979349538351,7.201634568986954
20.77027654647827,-6.36683884062987,0.5825586916900056,7.204709611422784
20.771611213684082,-6.366791330331169,0.5693958433986448,7.204664790281903
20.7733793258667,-6.359674063093476,0.5553370239853149,7.201760445136403
20.77494764328003,-6.350637593020435,0.5387172076334901,7.19254012805322
20.776602506637573,-6.3750183420406685,0.520161861356546,7.142854706711421
20.78193235397339,-6.387833074232971,0.45644534554323046,6.976748805871977
20.783366441726685,-6.359549235008761,0.43982407074240654,6.957246856450351
20.784828186035156,-6.331508925151746,0.422415174421286,6.940482534726303
20.78700017929077,-6.289992452697914,0.3883893545935982,6.911048476595599
20.788376092910767,-6.302158683081023,0.3667279341321806,6.858364676184624
20.789823532104492,-6.278542714281504,0.3441307085493379,6.839083722477574
20.7944118976593,-6.243376113286328,0.2700770020113213,6.722096665506019
20.79558515548706,-6.214974529164281,0.25242147215397825,6.71716599830166
20.798174142837524,-6.1478309891985115,0.21433839521568626,6.706463856549735
20.80006980895996,-6.101047088477821,0.18923134009413778,6.706783626022537
20.801483631134033,-6.08721574646264,0.16497481498797595,6.680173084160034
20.807044744491577,-6.007097741,0.07204295130642795,6.635310094802759
20.808308839797974,-5.9785438200000005,0.05031461844203111,6.628546435956854
20.80988597869873,-5.9447330712829745,0.02392066686268242,6.6253215527173035
20.811559915542603,-5.912513188785047,-0.002335660981308413,6.622741959915888
20.813408374786377,-5.8619832715880005,-0.04209051115832978,6.626478937940003
20.819491147994995,-5.665247193514519,-0.17693907860949792,6.670149443126305
20.82091236114502,-5.631379097333285,-0.20107307272718156,6.666625739279983
20.822160482406616,-5.599626207970857,-0.22337394221542858,6.663252760038286
20.824970483779907,-5.526739084211951,-0.27052734768424747,6.650961434009679
20.82660484313965,-5.43502535049697,-0.3094181432626263,6.676984678884849
20.83185839653015,-5.0750562563207655,-0.43182848794787204,6.712238458893173
20.833139896392822,-5.015197879805476,-0.4469401983485453,6.684913893261267
20.834766387939453,-4.938578651640693,-0.4619817095983801,6.641570989621981
20.83691430091858,-4.828087514631501,-0.48458384645636204,6.579077202091097
20.838465213775635,-4.657583835348667,-0.5206711500243624,6.58812705151562
20.839839935302734,-4.566746054261319,-0.5356440946607949,6.541133529625273
20.844438791275024,-4.066882097773801,-0.6142297885726558,6.4951324454345025
20.84553360939026,-3.998012998730516,-0.617237519254298,6.4440083296558734
20.84813952445984,-3.8294219319881346,-0.6222960828660472,6.306766941842602
20.85005021095276,-3.703016475839485,-0.6228955025879829,6.208263231037768
20.854615688323975,-3.1423813988996847,-0.6568855118796216,6.0892332218423615
20.855557203292847,-3.054730367376309,-0.6554207524418342,6.043505359673648
20.859147787094116,-2.709885341281154,-0.6476097507191263,5.879811037056006
20.86017394065857,-2.644481778373285,-0.6372468100862504,5.816568896907029
20.86160445213318,-2.554787676544035,-0.6263375901237113,5.723733523218557
20.8630952835083,-2.3623742512779047,-0.6300988084700258,5.673417220960462
20.869231939315796,-1.6521009645700788,-0.626774222001718,5.367964280668432
20.87005925178528,-1.6033571751055118,-0.6178657295020759,5.308199633099355
20.871487617492676,-1.5165236643711177,-0.6038511644123372,5.207566603939316
20.873255252838135,-1.4156929989776759,-0.5828075264117059,5.0814240114987115
20.874881505966187,-1.3178542386900867,-0.5665516995391836,4.975661474197696
20.881815195083618,-0.5759597895333333,-0.5415673842000001,4.563496590933333
20.88333773612976,-0.49446223380128207,-0.523281307440171,4.463284547117521
20.8849515914917,-0.42492822269348607,-0.49763448190264853,4.359431229876736
20.886987686157227,-0.34317713412291223,-0.465514249745182,4.232040314099786
20.888408184051514,-0.18991171687408992,-0.46736603101713065,4.146468112556317
20.894356727600098,0.268075127694835,-0.40107412339870874,3.749697525094548
20.8953537940979,0.3029024628365068,-0.38064940932312097,3.6827861433425912
20.896517276763916,0.33737776113858264,-0.35819773238110236,3.5883211140283464
20.898120403289795,0.3901982594279788,-0.3311524271128594,3.488405601526248
20.899820566177368,0.44335448217610857,-0.3007708079366345,3.389154507979158
20.90695595741272,0.8591315517063068,-0.21411921676793189,2.929328028670804
20.908116579055786,0.8808430375547698,-0.19145926761625054,2.870417369193823
20.90985608100891,0.9101816835070281,-0.15965377446385542,2.7763393364859437
20.91187834739685,0.9387095435966796,-0.12236832730986118,2.6744939635627594
20.913228034973145,1.0020646364656303,-0.12102348698117513,2.577326047089846
20.91663122177124,1.1021994407170117,-0.06456188190797006,2.3830217541580803
20.91931390762329,1.188123741504493,-0.0390212906534018,2.212056663385109
20.920246124267578,1.1984472412791327,-0.033334662165311654,2.1510136112113822
20.921656847000122,1.2132381556855618,-0.017179799470647624,2.0787250792355403
20.92312479019165,1.2209112291203321,-0.001712901473029044,2.0133100078091286
20.924842596054077,1.2296901828723161,0.012148431116805037,1.9341588599928428
20.931750535964966,1.3502826577650988,0.057262780704286115,1.582163832267882
20.933191299438477,1.3614005794883246,0.06561616788645651,1.5260856302151196
20.934819221496582,1.359143784390749,0.07591808345715097,1.4694661364097616
20.936999797821045,1.3550296858303876,0.0895388573540479,1.397409734618301
20.938294887542725,1.3729140449033637,0.09057507329247436,1.344354130945553
20.93983030319214,1.3792196645648582,0.09687236210536808,1.3045418584032464
20.944401502609253,1.4098356646826442,0.10655507757089713,1.139814805961654
20.945410013198853,1.4055901377416367,0.10814831472325132,1.1170400823848492
20.94659113883972,1.4007451702550455,0.10827228662150953,1.0953987573215371
20.94824481010437,1.3857323990279877,0.11015541373478453,1.0627221689306976
20.949824333190918,1.3873044063391553,0.11190402897609163,1.0308916309587688
20.957015991210938,1.4162763650422618,0.08996772682535709,0.825648254968046
20.95814299583435,1.4071093658461198,0.09039896690767192,0.8044497154578119
20.95987319946289,1.3962298760515772,0.08672851772193806,0.7756849272269111
20.96192455291748,1.3772998903807814,0.07969174052212008,0.7313143747533755
20.96330189704895,1.3800824390323643,0.07678272692052127,0.691447095888873
20.969250440597534,1.3822875110376898,0.04848789427815993,0.5476159392572371
20.970162391662598,1.378774637725136,0.044623146180567494,0.5335992651278304
20.97149133682251,1.374207333001717,0.03689404973497424,0.5189588316565541
20.973141193389893,1.3681486118050932,0.0328860094393228,0.5034412831025751
20.974819898605347,1.358289839612421,0.027433609729154686,0.4860686422104658
20.979061365127563,1.3636154693601772,0.014434783350164498,0.39509373966599914
20.98184061050415,1.3479956468310685,0.008607123369045917,0.33996029695308255
20.98329448699951,1.3437256844604697,0.005306296960326554,0.3335475515332283
20.98489284515381,1.3322191944778556,0.00020734984305575445,0.32218252328249963
20.986996173858643,1.3193672947304322,-0.0023925154641677437,0.30659208205170185
20.988105297088623,1.3151129682412754,-0.005508548395950021,0.27265367160103404
20.994107723236084,1.2944278260748963,-0.02845303255262781,0.11354890745811255
20.994929790496826,1.2898800873883718,-0.029977298894314764,0.10770455930860662
20.996628522872925,1.2765813616501285,-0.03945354155004277,0.0973922420881095
20.998201370239258,1.2652817571649217,-0.046563451423920835,0.08110079753492042
20.99992799758911,1.254601562644495,-0.0496112273668993,0.07423767373095
21.006969690322876,1.2083617540077758,-0.09403702753776728,-0.1547535315388781
21.0083487033844,1.1969713306725354,-0.09821837295510565,-0.16570767354357394
21.009999990463257,1.1877753994709352,-0.10259016485122302,-0.1701515795007194
21.011910438537598,1.1762686803702018,-0.10474215520699459,-0.17739869656070514
21.013282775878906,1.1533373581274762,-0.12078751310508183,-0.24080001232730402
21.019275665283203,1.0857257675137615,-0.15764030759966638,-0.38199518808507094
21.020209312438965,1.0791602522110093,-0.15827644040700584,-0.3804391382135113
21.021499633789062,1.0696920017804517,-0.160518930918057,-0.38225219720744136
21.023178100585938,1.056768285362999,-0.16201608837158393,-0.3849141618426098
21.024821519851685,1.0482817066780086,-0.1601608885562683,-0.3817205134458235
21.031821966171265,0.9362072780257473,-0.20530372095179517,-0.5034290964942069
21.03314757347107,0.911563281269016,-0.19224194638260994,-0.5070237783864776
21.034976482391357,0.8815284712338721,-0.18683394848962953,-0.49935656033085396
21.03694200515747,0.8673844617466476,-0.19023166709101286,-0.5061197567261055
21.0383939743042,0.8372618674442226,-0.2006325721951498,-0.540724691804565
21.040555238723755,0.819274435147967,-0.20337089562456337,-0.554625224352522
21.04150915145874,0.7969844225118066,-0.21232935600167668,-0.5770444614063155
21.044337272644043,0.7369510313632851,-0.22374694610444987,-0.6094546218334526
21.045275688171387,0.7227070904934916,-0.22394712605092262,-0.6100844759628093
21.049341917037964,0.6755362786263956,-0.2237545864941311,-0.611198557556828
21.050238609313965,0.6649122132557973,-0.22421770793716003,-0.6125149786206698
21.051636934280396,0.6282311012456743,-0.23080424807793506,-0.6311893188940368
21.055736303329468,0.5440061500044311,-0.23972684779030876,-0.650719367422813
21.056780099868774,0.5173927016490851,-0.24310318879974271,-0.6606286850643224
21.058143615722656,0.497198608438326,-0.2431415933524229,-0.6642309976420705
21.059932470321655,0.4668023894376863,-0.24629880084242695,-0.6652839548257304
21.061931610107422,0.4378093002978541,-0.24384830718540773,-0.6634736696855508
21.063148975372314,0.4081474768866953,-0.25002021426952786,-0.6701441298237483
21.06923484802246,0.28770867480904666,-0.2674035425306327,-0.6811244924527626
21.070200204849243,0.2754809660561122,-0.2707842227975952,-0.6825977065551102
21.071619749069214,0.25636396038670867,-0.2722066149094815,-0.6780331775726153
21.073267936706543,0.23613343805734308,-0.2737610745923066,-0.6761289587052767
21.074825286865234,0.2171518808800973,-0.27815152263041926,-0.6747243208101302
21.08178448677063,0.10415409041269386,-0.29201692433371623,-0.6721288544635268
21.08314299583435,0.08761800612410842,-0.29569334302339517,-0.6718079854727532
21.08491539955139,0.07175797755094991,-0.300948045611399,-0.6685374750310881
21.086974382400513,0.054701166996986655,-0.3055641057494619,-0.6656426124455446
21.088154792785645,0.04212581028842015,-0.3086173730276941,-0.6636513790693069
21.0897855758667,0.024890775160360104,-0.3138654035680124,-0.6626648661008581
21.09433650970459,-0.019916856225311738,-0.31957908833037124,-0.6552322433459941
21.09534978866577,-0.029635224960893852,-0.3207295124972067,-0.6551595433240224
21.098145008087158,-0.04593959453292299,-0.32413293573389634,-0.6505127606080733
21.09985041618347,-0.05582499713733905,-0.32773982287410586,-0.6472081121072961
21.10266089439392,-0.07136884686963979,-0.3266189226123499,-0.6397365019056604
21.103502988815308,-0.0757838650445969,-0.32532268618524873,-0.636585335918239
21.10680079460144,-0.08127898956493784,-0.3183361234556365,-0.6213808373341907
21.108102083206177,-0.07291426564954766,-0.31042962644592903,-0.6043703123251218
21.109991788864136,0.0038877367443263394,-0.26044581608244755,-0.5270089408026429
21.111905574798584,0.05698448409019034,-0.22087566820819912,-0.45564094733001465
21.113266706466675,0.10065014073239839,-0.18354014922581569,-0.4070410687724671
21.117879390716553,0.12338482041848836,-0.13777826300814403,-0.3473698158605515
21.118623971939087,0.13128021579779464,-0.1265291970114564,-0.3327624240670199
21.121644735336304,0.1321612490193299,-0.11859792557474226,-0.3111404946198454
21.123185634613037,0.13002913112103004,-0.1131633650583691,-0.3065483870077253
21.124812602996826,0.1339813983880597,-0.10642916225373135,-0.295027508
21.131718158721924,0.15632806859768472,-0.08613734374417607,-0.25186678962069453
21.133100032806396,0.1570867547674585,-0.08179233477704637,-0.24250023680580995
21.134902477264404,0.15239668799324324,-0.07756318477294481,-0.23168934594876125
21.136956453323364,0.15366079382855916,-0.071984763301776,-0.22395968723460324
21.138379096984863,0.15965080805700374,-0.06860266308679462,-0.21743358565883703
21.144368410110474,0.16198970250478503,-0.061773713365947724,-0.20246669934052278
21.145344495773315,0.1600459714982089,-0.06316261892219516,-0.20255072103137986
21.14651083946228,0.15936657580942828,-0.0637401665215647,-0.20100719093881647
21.148107767105103,0.15957005026342858,-0.061890975467714285,-0.20061279944542856
21.149873971939087,0.15889452970404358,-0.06216354043733868,-0.19694829197734443
21.156856060028076,0.17023701267566796,-0.054487015603800544,-0.18916447610987283
21.158246517181396,0.172165771761009,-0.05161811156306114,-0.18606874070770985
21.159903287887573,0.1700501451049676,-0.05223624221943844,-0.19258221187559393
21.161924362182617,0.1691081342647815,-0.050375748897600686,-0.19524569967009425
21.16325283050537,0.17670452572280754,-0.047740824675825744,-0.19253809768123575
21.169288873672485,0.1871572995090546,-0.04703365007471838,-0.1907379472807643
21.170251607894897,0.1873049689329816,-0.049136376533580495,-0.19024853626835878
21.17152738571167,0.18701124888445528,-0.051313532808669446,-0.19333483463255347
21.17318820953369,0.18821266769540312,-0.05168706106057568,-0.19305740361764284
21.174793004989624,0.18832899577455167,-0.05451428285582124,-0.19538612520210646
21.179398775100708,0.20193519911308677,-0.05377555702076814,-0.18527894471692744
21.18021559715271,0.20382459425248933,-0.052729946694167855,-0.18581338122332858
21.18311858177185,0.2093784684464235,-0.052909064031490455,-0.18259727443644913
21.18494439125061,0.2083013538132885,-0.05459005601626016,-0.1854145014587889
21.187111616134644,0.21439634924481327,-0.05723158862240663,-0.18090747831950207
21.188140392303467,0.22383929549177278,-0.058679167090713975,-0.17522922664472743
21.194339513778687,0.2993927621275225,-0.0703856231872048,-0.11772195566852726
21.19546413421631,0.3201461355310936,-0.07431327239242315,-0.10551710050178699
21.196677207946777,0.3516121423359543,-0.0778738453365261,-0.0878386739319514
21.1981360912323,0.39797868660160274,-0.08610037051316544,-0.06889073028978249
21.19999670982361,0.46531528360941077,-0.09602010441776315,-0.03351984101659038
21.20143485069275,0.5208522555838456,-0.10365629749935669,0.004192741725518225
21.20693564414978,0.7411334261567706,-0.10770280327182115,0.23818940973173855
21.208372831344604,0.8077988806343442,-0.10852881351131995,0.31327030497992314
21.209792852401733,0.8799836799969089,-0.1056000765007728,0.3941370229675425
21.211888313293457,1.003822694980786,-0.0938132140573482,0.5414665691746846
21.213277339935303,1.0765541784868908,-0.08318973999729268,0.6709803714803363
21.219304084777832,1.368187844057106,-0.017254231075568914,1.2625598139433232
21.220282793045044,1.4235328060114565,-0.00583453348489188,1.348413747439639
21.221546411514282,1.487307606584276,0.008389442270514105,1.4535824694215953
21.22319269180298,1.5698345451071785,0.02375215927130013,1.5764879711367206
21.224848985671997,1.6497851979982898,0.03426065031893972,1.6880962911252673
21.231831312179565,1.7864362694352487,0.09408653149728416,2.2508242861575187
21.233253240585327,1.8393517299728037,0.10112465899644027,2.353175819310266
21.2348415851593,1.904835162202864,0.11295673693556085,2.4645816593078758
21.23698616027832,1.987573346511628,0.1325369863126615,2.6299829415788114
21.23839521408081,1.9802206880232558,0.14999177510680448,2.7797102047872526
21.241379737854004,2.023177737636478,0.17790966493228655,3.036232126749334
21.24219560623169,2.0111931591860066,0.18834812288582056,3.1191076035384175
21.24433398246765,2.0106716279082453,0.21271268682250213,3.3275311659421702
21.245296478271484,2.037798933744531,0.22121455461750175,3.406864381824982
21.249364852905273,2.130593832095667,0.24160285475075075,3.7140298720858
21.250297784805298,2.1471770242452375,0.24868002568313996,3.7895323054089673
21.257015228271484,1.9517710784335434,0.33873166398453164,4.4358041171985105
21.25814127922058,1.9536629930423948,0.34678328042366086,4.512069476063019
21.25987482070923,1.9537519553767915,0.3599994872809239,4.629851528614999
21.26194190979004,1.9502207994698275,0.38447287747126435,4.767298658795976
21.26330280303955,1.8620143299853449,0.40627486559080456,4.887156589424713
21.26930570602417,1.5989484684016713,0.5175088674077994,5.365200589220056
21.270302057266235,1.587767941640834,0.5335980830987779,5.434397403495614
21.271533250808716,1.5738021460629763,0.5530148931283969,5.512782612613659
21.273132801055908,1.5523387785409837,0.580229428460041,5.618055870273566
21.274908304214478,1.5311164081603208,0.6111606577277412,5.7310707517002575
21.281787633895874,0.9877219552671668,0.7929933052071553,6.212682870504328
21.283172130584717,0.9426695727635426,0.8193178160511608,6.284280728243193
21.284764051437378,0.9097790855441725,0.8451469505466611,6.353004991716714
21.286985158920288,0.8516027574425081,0.8763199858488787,6.441640230086559
21.288394927978516,0.6545734437356092,0.9207242737907442,6.500557496376946
21.29435658454895,0.018835330782681334,1.0716066254162606,6.678054677517889
21.295332431793213,-0.004323865245983788,1.0858493523752395,6.705220550645837
21.296509981155396,-0.034248917567870296,1.102798820401916,6.745691777966691
21.29809331893921,-0.07218193397853463,1.1295459135915855,6.805374141564825
21.299842596054077,-0.11241027353798883,1.1601832872385476,6.878515883456983
21.30361771583557,-0.7600624663214435,1.2899125684469834,6.980092095973944
21.306819915771484,-1.1275268669411764,1.371199671947059,7.056434845288235
21.308125257492065,-1.1829879423234435,1.4004209508902354,7.109595600740354
21.30998659133911,-1.247789840878479,1.4184031156175037,7.193597480878767
21.311940908432007,-1.3761252273955855,1.455578552290526,7.263483526362907
21.31326723098755,-1.6676992774200947,1.4739709338009173,7.276752058763652
21.318540573120117,-2.484050595351309,1.5883859979722539,7.2463274536928
21.319863319396973,-2.541268285484474,1.588496944255463,7.2771720586983895
21.321657180786133,-2.6171851593459445,1.591012332413299,7.326990257527085
21.323142766952515,-2.676433202643757,1.5881330977502863,7.382777514024055
21.324966430664062,-2.740172082627177,1.586056114269769,7.456815080211818
21.33181881904602,-3.909121380427567,1.6799225879127988,7.300252106617441
21.333280324935913,-4.000277820961751,1.6813869320909882,7.327373606797449
21.334995985031128,-4.060880389734513,1.6828390923666245,7.381145814657396
21.337022304534912,-4.17052377938881,1.6811550963782473,7.434437448984014
21.338194847106934,-4.4093760811156155,1.6901089345155582,7.352600583308021
21.339863777160645,-4.532850973194188,1.6910668998725964,7.377392867725818
21.344362497329712,-5.202103516506361,1.7474052202008579,7.179192178672766
21.345367670059204,-5.244342224746346,1.7429862663344797,7.2123131845124675
21.34934091567993,-5.395932031074169,1.728460859741688,7.298070523122336
21.350318431854248,-5.435570649012345,1.7264372943703703,7.313807180524691
21.351446390151978,-5.619718861023543,1.7312848171481483,7.223735553465691
21.356885194778442,-6.243002604585443,1.763474083950379,6.955769016179894
21.358279943466187,-6.288125327588854,1.7664403534014785,6.9774895900157805
21.359907150268555,-6.348174744409034,1.7706234163233274,7.016055813681863
21.36189293861389,-6.433931010148965,1.7843049723358309,7.064954318434553
21.363248586654663,-6.608870001226812,1.7944879745162212,6.9857013151183365
21.365882396697998,-6.825119213431264,1.8176402125912918,6.997091784992862
21.366742849349976,-6.927602272349465,1.8245946298816558,6.956407424952177
21.369332790374756,-7.164310451737317,1.837901635173402,6.919869702959587
21.370373964309692,-7.2058193605441,1.8426914676380297,6.95433918666323
21.371659994125366,-7.249264980586196,1.8476002864516037,6.998965463250859
21.373287200927734,-7.305935738312304,1.8394691695733907,7.06214739875236
21.374842166900635,-7.357400279904594,1.8392616762220495,7.129589772431095
21.381503105163574,-7.848679234969925,1.8127172315825675,7.122349390531886
21.383161544799805,-7.930665656058358,1.8053186366849496,7.163240680272049
21.384965896606445,-7.992715858190562,1.7986823515039325,7.227698778974886
21.386975526809692,-8.067005451574166,1.7981748768784152,7.309827810558575
21.388349294662476,-8.163184290723931,1.7879568736165068,7.316322906579459
21.39435839653015,-8.441287264346856,1.763254790133857,7.468059462899429
21.395326852798462,-8.469018291615384,1.7595885513556255,7.501133289720006
21.396552324295044,-8.503473688538461,1.7508144695588403,7.531013222845723
21.398226022720337,-8.53987541998669,1.7401421049340204,7.572009717452269
21.399852752685547,-8.556872110982424,1.72856279203501,7.6070372704571305
21.40696358680725,-8.498339084833912,1.6479902103374564,7.7357862645484365
21.408332586288452,-8.481963286771828,1.6358856360220102,7.725454785476155
21.409982204437256,-8.459607972021377,1.626535307216152,7.722689161707838
21.41189455986023,-8.434742337310254,1.6150408036623454,7.7150368654646435
21.41330599784851,-8.364384164595597,1.5919841613413415,7.765850489356357
21.419320106506348,-8.05728521291415,1.5047893952416653,7.956743879894549
21.420326948165894,-8.038598680889239,1.4969029297777618,7.950184610714449
21.421579360961914,-8.012353543490496,1.4843872319777047,7.941901252086466
21.4232234954834,-7.984616267917561,1.4720104901708888,7.933283798700301
21.424823760986328,-7.954622714832385,1.4558396950856574,7.927712976559191
21.427456378936768,-7.729824062183313,1.3962059174286132,8.089266055335488
21.428300380706787,-7.6329047233584015,1.3734654831248532,8.155190141075794
21.43183159828186,-7.370464455048893,1.308377977502577,8.285275686863491
21.433204889297485,-7.318647661831222,1.292729955443299,8.288144613342856
21.43478798866272,-7.275938066455825,1.2753319683011428,8.272862997854654
21.436952829360962,-7.214229051154914,1.2511121695235303,8.25686974082778
21.43829894065857,-6.913452791953655,1.207031182411243,8.466586011777284
21.44246220588684,-6.3915864286406405,1.1163765782498212,8.757453723216216
21.443275928497314,-6.22930393280981,1.093414629745031,8.85652840881081
21.44482159614563,-6.135457262321039,1.0684353332352612,8.887218909447052
21.44656276702881,-6.091301463705831,1.0459883645833454,8.878241176304597
21.448143005371094,-6.050624098853408,1.0207249534439204,8.871504033437063
21.449894428253174,-6.009076418431701,0.9963246201198453,8.86397089653995
21.456950426101685,-4.835310163069811,0.8244118676284371,9.438546849799259
21.458199501037598,-4.8044162428394355,0.8082749952545947,9.428532400161703
21.460009336471558,-4.7553529634846186,0.7865914520956595,9.409690699792247
21.461506605148315,-4.719423587881714,0.7665831804335191,9.399136227843558
21.46321415901184,-4.3944846812853084,0.7246188147155455,9.51259525386844
21.469314336776733,-3.355588167036236,0.6087156199109137,9.74184465211544
21.47038197517395,-3.3202807671575787,0.5977327595208244,9.707539880114211
21.47170400619507,-3.2743877694904824,0.5847829552514671,9.661729764602548
21.473099946975708,-3.2209542934432993,0.5698281167147766,9.609202706611683
21.474900007247925,-3.1487633871268117,0.5530303825367893,9.534576840719621
21.4817533493042,-1.8183034443065011,0.48582249776130026,9.417971002919504
21.4831440448761,-1.7105133217021216,0.4741542469671081,9.338421148630216
21.484961986541748,-1.626036529194514,0.462337251761982,9.204473726219879
21.486987113952637,-1.5175749240002856,0.45214412671469373,9.052732099413824
21.488105297088623,-1.2446475734148221,0.44804262159260316,8.994502451077397
21.494311571121216,-0.2600030708661417,0.4374186499055118,8.519082254763779
21.495288610458374,-0.2240282876813297,0.43363962676457946,8.429911567969192
21.496469974517822,-0.17279759768849406,0.43048497088408083,8.320247040087692
21.49829936027527,-0.09924989411915319,0.4284946439586611,8.141990013799457
21.4998140335083,-0.04232486133333334,0.4262955056909663,7.996099487356061
21.50409722328186,0.6408614241402352,0.44123345300731287,7.5553605769118155
21.504985570907593,0.6685702382681388,0.4422972762287066,7.46901879794795
21.506832361221313,0.9477865987773325,0.4489682181174871,7.251228602713652
21.50810670852661,1.000833762735151,0.44703219559883156,7.124295463307693
21.50996232032776,1.05262229321519,0.448385706,6.941871973684695
21.511937618255615,1.1153933034965715,0.442286194876,6.736040728800858
21.513267993927002,1.3198636939137143,0.452130285796,6.5690307859465715
21.51930856704712,1.8567655374180045,0.48274011902637615,5.84959546312844
21.52032971382141,1.871717369470706,0.4844627248222318,5.747379557106432
21.52158761024475,1.889348191745452,0.48485458780002866,5.617992817985962
21.52326488494873,1.9092666210568572,0.4942916871422857,5.451709162351571
21.524840831756592,1.9306681085003576,0.5043414553103448,5.294344861815711
21.53181791305542,2.341790409841759,0.5507886363551482,4.4308972590267794
21.533172607421875,2.3544436182765076,0.5548338004948025,4.303630481222453
21.53477191925049,2.3566384678662824,0.5607800356804035,4.156869036665274
21.537145137786865,2.3531917603540835,0.5706012026384922,3.9312703705542544
21.53832769393921,2.4123511760022844,0.5752742676299257,3.7916729197261563
21.53986620903015,2.4184376193014425,0.5819542270423904,3.6454917523553134
21.544350385665894,2.5413874466286246,0.5911342997343236,3.175951490585059
21.545364379882812,2.5343500200519142,0.5933767943629715,3.101292055607056
21.546544790267944,2.5222300508646205,0.5962078539816434,3.016596534759501
21.548192739486694,2.506555756296307,0.5938956627104208,2.898066524106928
21.54982590675354,2.4919940016167335,0.5920564640793899,2.788368845429162
21.556918382644653,2.623592218345813,0.5715566630188625,2.148074089525293
21.558337688446045,2.6020447220149467,0.5629323852455517,2.0620803664899645
21.55996799468994,2.579046344550316,0.5563695245254737,1.9717686710102456
21.561951637268066,2.552177872582738,0.5450099030264361,1.8643464874079738
21.56311798095703,2.5848558326517397,0.5280689954400235,1.7318062142710322
21.56930899620056,2.6468843477093587,0.45782303591041784,1.208301338423297
21.570400953292847,2.6368820614784845,0.4488203477661186,1.1653548346609008
21.573216199874878,2.60163536125315,0.43396896394415807,1.0635280180750286
21.574928998947144,2.578374855630721,0.42595250434816495,1.0089492772275754
21.580515384674072,2.5785327962945095,0.3696669827115918,0.6041321330732113
21.581454038619995,2.578663727747504,0.35408012567193564,0.5134206790332779
21.583210468292236,2.559504926314767,0.342578486011711,0.43324982299314485
21.584785223007202,2.5277915565630757,0.33813110124942397,0.3922122236627304
21.587010860443115,2.4797412319024774,0.3309322377621366,0.33612954908864384
21.58833885192871,2.4623268969074896,0.3133332217317772,0.22140210383445508
21.5943763256073,2.3449690225732494,0.2683822916892453,-0.08791021358398969
21.595394372940063,2.3244406090710705,0.2669765379220519,-0.10016723109772174
21.59822130203247,2.2665767258290455,0.2655214122001144,-0.13231186565666095
21.599881172180176,2.234971969538869,0.26494331860796877,-0.14519404390805238
21.60695457458496,2.06859224084035,0.21676559736056691,-0.44367001372766435
21.60832715034485,2.0434586974254647,0.21437593835679544,-0.4557400730786838
21.609957695007324,2.009458680930099,0.20955794819951198,-0.4707843175211712
21.611812353134155,1.973004233131138,0.2017128003850338,-0.4851848379070861
21.61324644088745,1.9263731584577624,0.1795606441518265,-0.54832382531621
21.61936926841736,1.778004672625215,0.13243163633409744,-0.7286049968681949
21.620401620864868,1.7594199439958436,0.12472416008814678,-0.7347208614689695
21.62315320968628,1.718174107602443,0.11053146470960579,-0.7551961599147695
21.624913215637207,1.6883137395616257,0.10067790845972611,-0.7637622010295979
21.63177728652954,1.5395019091929825,0.04320432251176722,-0.8993648921675939
21.633147954940796,1.5205052739917213,0.03829375041992578,-0.9068081608818156
21.634957790374756,1.5013800159134683,0.03266665252561061,-0.9115703610120027
21.636990785598755,1.4803923276888382,0.027400031828860978,-0.9145597372916071
21.63837718963623,1.4513373290976306,0.01637910535369683,-0.9378354533956608
21.641525983810425,1.4067999915015996,0.004578662470162748,-0.9567852225217693
21.644277572631836,1.366220444735976,-0.010557879154979966,-0.9803318239383229
21.645214796066284,1.3583203222489983,-0.01289863270749857,-0.9791802395134516
21.646617650985718,1.3466581902816257,-0.012655218397824842,-0.9759022741625644
21.648231983184814,1.3379563968898414,-0.017095603488212603,-0.9748027142061724
21.649893522262573,1.3277563388116689,-0.020380448911625913,-0.9728816466752467
21.65690779685974,1.255934395039358,-0.048398322606001395,-1.0048733770351708
21.65813159942627,1.249024113932613,-0.048936435810918395,-1.0006746699886266
21.65980076789856,1.243437827612931,-0.049242535375287354,-0.9986302570377873
21.661933660507202,1.2315548514315098,-0.04993510174046565,-0.9986002844303671
21.663202047348022,1.2188761439954292,-0.05722694784816455,-1.0030216854416512
21.669316291809082,1.1676196745429552,-0.0740093902646048,-1.0068376424501717
21.670239210128784,1.1590855489972796,-0.0783374187932417,-1.008020678026489
21.671629190444946,1.149048216171743,-0.08217797597869297,-1.0043620385434004
21.673333644866943,1.1420362234735788,-0.08571767301818702,-1.0001100427870544
21.674854040145874,1.1293944304932233,-0.0924181912034372,-0.999311218891435
21.681790113449097,1.0963654839071428,-0.11336094864914287,-0.9842777591611429
21.683134078979492,1.0910546207704281,-0.11679773724610895,-0.9801894977607004
21.684982776641846,1.0816051745150685,-0.12005336192314348,-0.9806146689157894
21.686572790145874,1.0775619342406513,-0.12330575030356357,-0.9819240616282445
21.68831205368042,1.0758780952946874,-0.11839217255647344,-0.9688799480168068
21.694385290145874,1.0567089549097939,-0.12311696234020618,-0.9302307403376289
21.695377111434937,1.0546783808270086,-0.12494406949062008,-0.9288685318282973
21.696547985076904,1.0482250145709582,-0.12758199946183588,-0.932207262835744
21.698169231414795,1.0393355066994137,-0.13019911991877592,-0.9378850661255541
21.699870586395264,1.026555271916273,-0.13611594301889224,-0.9393247393764134
21.70212483406067,1.0195373896229436,-0.1383458431568743,-0.9304600335069036
21.706949710845947,1.0088134060606146,-0.1449183480697641,-0.9107975623129377
21.708391904830933,1.0037267453187992,-0.14770574197069336,-0.9077346055468192
21.709813594818115,0.9954354390915341,-0.14940953776135224,-0.9072898055855895
21.711958408355713,0.987386887849843,-0.15159908527804739,-0.9022291694427633
21.713090419769287,0.9896117473822438,-0.15019045953554097,-0.8918720600725093
21.716958045959473,0.9943228227444253,-0.1452022681053459,-0.8632385336003431
21.71927523612976,0.9998314153940435,-0.14094584433333332,-0.8403360572634594
21.72036576271057,0.9953082883889128,-0.14236662198581865,-0.8371699061817791
21.721441745758057,0.990623632125197,-0.14209294063300387,-0.833047614583011
21.723143577575684,0.9854058223110349,-0.14179909831560894,-0.8289005299313894
21.725008487701416,0.9752140209748067,-0.1446033066318351,-0.8265430050804466
21.73181962966919,1.000882688292571,-0.13440229691138006,-0.7534954325212855
21.73333191871643,0.9991018067763762,-0.13068345333944953,-0.7480382533325688
21.734907388687134,0.9957070700590765,-0.13006809751161458,-0.7440596454361915
21.737018823623657,0.9950265310529924,-0.13154808469490073,-0.7389867872529639
21.73812198638916,1.0065321848301672,-0.12708891109370088,-0.7231536565477789
21.74433207511902,1.0525556674050522,-0.10768218843902438,-0.6500740135932055
21.745302200317383,1.056518798070173,-0.10544697898270687,-0.6468386145849649
21.746455192565918,1.0571708335242247,-0.10253111357753322,-0.6428547368607975
21.748268842697144,1.0607117488359599,-0.09862330876217765,-0.6365719482858166
21.749826192855835,1.0678087512145953,-0.09377969186019852,-0.6323277565158675
21.75690460205078,1.154905179461165,-0.05860823444231868,-0.5257604561936037
21.75828218460083,1.1705863677443051,-0.05196343787713553,-0.5168000673670273
21.759923696517944,1.1849331481021146,-0.04584817185308848,-0.5087648868077351
21.761888027191162,1.2117755897155047,-0.03813673916835406,-0.4920123403034423
21.763230085372925,1.2396433054108866,-0.027740630523851333,-0.4585355786233538
21.76941204071045,1.355839927180492,0.01566095007179634,-0.32327322595380437
21.77047085762024,1.3715816102543685,0.020639468922085364,-0.31229800337009456
21.771478176116943,1.3894567011631338,0.024458568778859928,-0.30113909155041535
21.77322006225586,1.425556184877306,0.03663632771728872,-0.2755429591441441
21.774861335754395,1.4587416524980104,0.04785763996191018,-0.25033000607674816
21.779513597488403,1.573684943488505,0.08647538963301442,-0.0946346677428245
21.78041958808899,1.5961399653194444,0.09439350944444444,-0.07105386756944446
21.78313159942627,1.6680750375841087,0.12113930492555476,0.033622659971367215
21.78481960296631,1.7149517765366658,0.13735733415325121,0.08176935167144084
21.786970376968384,1.780644509584345,0.16163458743336664,0.1528419440089987
21.78834843635559,1.8209922127953149,0.18125216584502213,0.23564663515597772
21.7943696975708,2.011835655524714,0.27640376551071427,0.5987436226604286
21.79537534713745,2.048481596195353,0.29305135588166953,0.6504047392999139
21.796574592590332,2.0950118824632815,0.315725476901463,0.7161062162061101
21.798189163208008,2.1556114436566522,0.34173862307081543,0.8027491053648068
21.799850702285767,2.215651071174585,0.3714974814939897,0.8937379253932456
21.80698299407959,2.4213293606814577,0.5174416517981193,1.4847574448868646
21.808120012283325,2.478656050813106,0.543024604047605,1.5736210429262416
21.809845685958862,2.568097166022881,0.5849119795207943,1.7218183623591883
21.81194758415222,2.6754079543627927,0.6329244530672472,1.9032818747480011
21.813305139541626,2.7064687918388066,0.6642927519099086,2.0635605353142488
21.81924557685852,2.8383497726312625,0.7751138583933581,2.6165019720435154
21.820188522338867,2.8718122231573147,0.7878933369354423,2.684507997198826
21.82150959968567,2.9232195364228843,0.8121298619547472,2.784737238083059
21.82315731048584,2.9854720539038624,0.8422371789404864,2.9135878701436337
21.824838399887085,3.0442652903465657,0.8731803185613308,3.0428866254629447
21.83176612854004,3.0127832413768316,0.9912810652484298,3.658960826319749
21.833179712295532,3.0208413432145047,1.0129233024773092,3.755178063793959
21.834972143173218,3.0368067867965456,1.0414212796777589,3.869366377927408
21.837003231048584,2.977429048588454,1.1115399436627609,4.0551698314505575
21.838178396224976,2.9960258542683627,1.1013638365115748,4.165410805134324
21.83977961540222,2.9864893019801606,1.1281574353338961,4.292633819491768
21.844329595565796,2.8312325986874822,1.2065795978003437,4.716993510901175
21.845334768295288,2.8580288363310897,1.218128961249606,4.793152627045969
21.846511363983154,2.814701757540455,1.2525811898927395,4.93437863088386
21.8481228351593,2.783873349324629,1.2901750254818778,5.126586255802226
21.849846363067627,2.7657716225292104,1.3182152721165574,5.326691427050727
21.856878757476807,2.368650699645503,1.4453137040582011,6.236057885148148
21.858161211013794,2.327241408463335,1.4518950265425032,6.353814083233519
21.859898328781128,2.277577066715751,1.4537497607611354,6.493068443871013
21.861911296844482,2.216525229292608,1.4468309803439425,6.64605846926694
21.863258600234985,2.0563135426937142,1.4473517805325713,6.786817194891428
21.869390726089478,1.4616900644238258,1.4102136915439576,7.374982778337199
21.87050199508667,1.4318340853328562,1.4017050480153186,7.465589252251825
21.871496438980103,1.4052690968031496,1.3943634616188976,7.554114237977952
21.87318253517151,1.3546902821106346,1.3890926176020584,7.693447239554031
21.874836444854736,1.320370281272431,1.365069567855138,7.8207365167671155
21.88183617591858,0.3854264772505194,1.327490149452569,8.542186495796566
21.883309364318848,0.31123503022034393,1.3091567135610762,8.699898286187565
21.884915590286255,0.2623440452092502,1.292251632888157,8.865448338193133
21.887393951416016,0.10020866435048881,1.252997049480161,9.078804092174382
21.888638973236084,-0.17618470227768454,1.2509994334060404,9.201547476332214
21.889869689941406,-0.19908883261605145,1.235486820813199,9.300181846392617
21.894392728805542,-1.0145313311101587,1.191052143836691,9.612484931129018
21.895402193069458,-1.0359619238102609,1.1757669966477502,9.688534919893952
21.89938759803772,-1.093440105825347,1.1609609323454442,9.97532168297368
21.900306701660156,-1.120853906245782,1.1585365903628824,10.032603029780812
21.901440382003784,-1.3868295692490706,1.1634055607918214,10.076082632163569
21.9071204662323,-2.2986317145652855,1.1949196497411363,10.323135022651432
21.908336877822876,-2.3257548720882815,1.1986722982366511,10.407729536764203
21.90987539291382,-2.3622306898995684,1.203669382250072,10.507843918852661
21.911468505859375,-2.3921652116681904,1.2068811564929296,10.601379795005712
21.91320276260376,-2.6934354656255906,1.2128100933752683,10.64263314859167
21.918431997299194,-3.4776473380903066,1.2084563354960225,10.714110643545668
21.919987201690674,-3.5351034940357446,1.1989712221867315,10.775783401197312
21.92154598236084,-3.5627744829997137,1.189954511959599,10.84637197041232
21.923202753067017,-3.583887075337151,1.1788053683622046,10.909509779604868
21.925037145614624,-3.618301266682494,1.1746798759485124,10.981732171981694
21.93184804916382,-4.461027135650658,1.1442397047154087,11.02653636843682
21.933228731155396,-4.495856836188666,1.142860354988609,11.082136844789549
21.934807777404785,-4.522123481636415,1.1368131059643158,11.13987403050014
21.937039375305176,-4.569418048439338,1.126980594956894,11.210348081208963
21.93822693824768,-4.710846106065516,1.1104177276865543,11.20553777679432
21.939820766448975,-4.752497859832548,1.1043711698110652,11.233591590837257
21.94434380531311,-4.989883577813351,1.0660103983029652,11.263305031618392
21.945369720458984,-4.994861580944875,1.063550882441562,11.290378234193854
21.949379205703735,-5.0087679721511185,1.054838067640507,11.35077600604159
21.95030164718628,-5.012555257607942,1.0511955086493288,11.362931905198547
21.95146894454956,-5.0368397044401565,1.0359208737902683,11.362201004003914
21.956955194473267,-4.968395111898774,0.9711837817607641,11.402045189244083
21.958346843719482,-4.961860136853721,0.9674160773190761,11.395355190003421
21.95975637435913,-4.951205205183731,0.9643765801269284,11.383058208020337
21.96195077896118,-4.929941144342282,0.9610006320269884,11.356232238341283
21.96331524848938,-4.825106923067114,0.9327576744258175,11.361959592495788
21.964948892593384,-4.787062209475689,0.9223093557024018,11.33301306778676
21.969406127929688,-4.384607708699785,0.8446042129845162,11.348045344036128
21.97045660018921,-4.369391056596167,0.842151258129272,11.3221851654127
21.973119974136353,-4.3348869765455715,0.8294706479141508,11.258624293777794
21.974907398223877,-4.310687447028764,0.8207205059011162,11.209961245030625
21.980456829071045,-3.7415333789510665,0.7360837351597658,11.234948516897534
21.981802940368652,-3.5151929629435386,0.7140081199535759,11.27242366518946
21.9831805229187,-3.4649941709956162,0.7014765604953968,11.235023107740464
21.984750032424927,-3.439994001905779,0.6913757045964545,11.191522590817002
21.98702597618103,-3.3908160756875914,0.6761966809228512,11.136276841453212
21.988128900527954,-3.1808620395860956,0.6562980959419185,11.160648360656792
21.994332790374756,-2.3996069824500146,0.5913351720011524,11.151958984026217
21.99528980255127,-2.3857494969937063,0.5865125077043342,11.12083418375168
21.996450185775757,-2.3707384604238304,0.5826209788422257,11.088592180085682
21.9983332157135,-2.3455421885137415,0.5750801079046665,11.040709866835527
21.99986219406128,-2.328440007606589,0.5712051004404579,10.999359653285355
22.006840467453003,-1.3497118943444382,0.5146370102123248,10.960710606462825
22.00820279121399,-1.3191655917675675,0.506840317908108,10.925591244027027
22.00983691215515,-1.2981078597203315,0.4965220743743711,10.87717739556644
22.0116183757782,-1.276023846472405,0.47857835715584784,10.825316238141836
22.013338565826416,-0.9972439794384385,0.4635915738918919,10.80021902015015
22.019484996795654,-0.28075883672984536,0.39562791845541134,10.631282466272777
22.02063798904419,-0.26965865555076557,0.3836151048632377,10.589774206610524
22.023191928863525,-0.23553478965384064,0.35219922680288945,10.486455485181377
22.024914741516113,-0.21458818401943414,0.3324907264308374,10.415951036374107
22.027488470077515,0.20100244053294186,0.29738054207462045,10.296507788547407
22.028300046920776,0.34643767114136353,0.28527523795717563,10.254044537405614
22.031906604766846,0.6924446480777602,0.2329550680297866,10.050478729946585
22.03325843811035,0.7151188332172702,0.21451371928133706,9.967774379991644
22.03482961654663,0.7331071345035035,0.195465932025311,9.86940203051337
22.037028789520264,0.7702925113359542,0.1669208738413152,9.722864845521801
22.038118839263916,0.9451600339492494,0.1532321823090779,9.631893226823303
22.04352879524231,1.5074364356459555,0.08539974953486042,9.133453112564354
22.044902801513672,1.5239836465007641,0.069313680610949,9.013999759083507
22.046560525894165,1.5368922935678466,0.05267427216224189,8.861595267513275
22.048218488693237,1.5470880795919566,0.03411203647058823,8.705762234223416
22.049901247024536,1.5580539342840596,0.020401253611693326,8.547703549707116
22.056926488876343,2.109433379620793,-0.040378265760704565,7.715106646133897
22.058331727981567,2.1099994188535014,-0.049455982913217816,7.571464018556638
22.05983257293701,2.1083507914072848,-0.05867033589569537,7.421529493154388
22.06197166442871,2.108506541068052,-0.06716079484984633,7.196581106958583
22.06309962272644,2.2021070212998684,-0.0736441335706132,7.042517820127177
22.06933331489563,2.4503151516289376,-0.09727558641148593,6.289589322735712
22.070388793945312,2.440899332871648,-0.09729497851326546,6.18423644566528
22.07160520553589,2.429367438046178,-0.0998497547103112,6.057792228985229
22.07327890396118,2.412565383225598,-0.10282599558711288,5.882910866874211
22.074933528900146,2.401226833810932,-0.10300696018675028,5.716856937681024
22.081798791885376,2.570114466529075,-0.10211277301890576,4.943217173875394
22.083171367645264,2.553166192574925,-0.09638608587720052,4.813770184490482
22.08496069908142,2.530750186135799,-0.08489236852588974,4.661954959421772
22.08702778816223,2.519109895144731,-0.07984375183288178,4.469290367634678
22.088107109069824,2.5463181999060316,-0.0710759746838728,4.352681477078568
22.08977484703064,2.5407647001249822,-0.059440397490544576,4.189458149733115
22.094303369522095,2.5737468142124844,-0.021212686016023406,3.733541500925735
22.09519910812378,2.5603296872463424,-0.009444020405461894,3.664635967338164
22.096552848815918,2.5436305873002207,0.004427465942604859,3.5544953928388523
22.098159313201904,2.5163070741713427,0.017896152410535358,3.4159882877828514
22.099934339523315,2.4905277695372816,0.03607145400213038,3.273393466973157
22.104567527770996,2.496980224670573,0.06998046866928684,2.851018750463484
22.10553789138794,2.489291866441473,0.07542793646555587,2.7714148669378322
22.108278512954712,2.472041199,0.0966675954084507,2.5505566366400623
22.109818696975708,2.4393711862537244,0.11234889736834341,2.440545357445198
22.111903190612793,2.395620544293377,0.12963300814032327,2.290755653498355
22.113287210464478,2.3974329663363805,0.1426753346523354,2.1683921178228824
22.11940860748291,2.341982478904689,0.1847144331562936,1.7047774549338544
22.120668172836304,2.316926277012057,0.1901721427640053,1.6353103924961037
22.121697902679443,2.300828067232466,0.19516732441332157,1.5722757966382885
22.123117208480835,2.271589992969099,0.20378393837224607,1.4998472315207438
22.12490749359131,2.2234521613831775,0.2181298381895662,1.4189049866063606
22.131964921951294,2.191333509591887,0.2283216183608607,0.95043276817287
22.133235931396484,2.160483438110788,0.23338089857749345,0.8984154969188718
22.134860038757324,2.1283887688558294,0.2388086071232762,0.83900797592687
22.13698697090149,2.0833874867190723,0.23905749609793814,0.754375929833047
22.13835859298706,2.0804351375657215,0.23252628422938143,0.6629849538999141
22.144290924072266,2.0021736977340976,0.21674730218300015,0.36188484077939326
22.14518404006958,1.9860318051016357,0.21541675786117714,0.3326345414912624
22.146544933319092,1.9599081602949378,0.21482764078723404,0.2947065964611885
22.148120403289795,1.9313296793340486,0.2094230350443491,0.24992553875965665
22.14991283416748,1.9047513084473464,0.20188212968645253,0.20383963519120113
22.15694284439087,1.799642367967489,0.1595978457584486,-0.09179740452103237
22.158334016799927,1.778597187851989,0.15106608647925282,-0.11789447821417368
22.159974336624146,1.7558152626585537,0.14589225951615611,-0.14614194840425235
22.16197156906128,1.7362341692918155,0.14450234497328954,-0.17836897284402228
22.163111209869385,1.7189793715829167,0.13180053447478932,-0.21887920383673762
22.16663432121277,1.6582747799266986,0.11428539104968855,-0.3054818815131103
22.169313192367554,1.6122580284317143,0.09459777206714286,-0.3775227124082857
22.17037320137024,1.5978583595328122,0.09064012952555152,-0.3870058992423904
22.173112392425537,1.5593703691439504,0.08626996673623785,-0.4119786181922284
22.174962520599365,1.538046236651782,0.08249184651137827,-0.42114215172778013
22.181421279907227,1.434391150206358,0.05714974430284439,-0.5322123780041829
22.18315839767456,1.4143502717022511,0.05096963118660626,-0.545127855937562
22.184963703155518,1.4030819990983632,0.04914600275025351,-0.5455871987165001
22.186962604522705,1.3901607929153417,0.04702184352771809,-0.5493044051972497
22.188314199447632,1.373101053950498,0.040160711153778554,-0.562924315298184
22.19432044029236,1.321823389017301,0.016010248385813147,-0.6045422395726644
22.195241928100586,1.3158708566009227,0.013357943958910035,-0.6052116128822088
22.199397802352905,1.2881648694553534,0.0024344834903253544,-0.605776142327648
22.200319528579712,1.2807792617202678,-0.00039245005398091444,-0.6068846701961259
22.20147442817688,1.2650752469166786,-0.008580782564449508,-0.6191522819927361
22.206955194473267,1.200027323057057,-0.03807984325782926,-0.6559489485864436
22.208349227905273,1.186891701018018,-0.042414048855855854,-0.6616222158468469
22.209970951080322,1.1760559631738507,-0.044288507668767005,-0.6633407884815982
22.211941242218018,1.1627786153500141,-0.05065522351208416,-0.665146587938584
22.213175773620605,1.1517502276838214,-0.05742028124822292,-0.6709683618913848
22.21941637992859,1.107371215101773,-0.0778529946548932,-0.6885490796312997
22.220601797103882,1.1016112608446402,-0.07891934172540382,-0.6888105991809104
22.223178386688232,1.085500504808774,-0.08255849270908323,-0.6883235223804837
22.224940299987793,1.0778782133241558,-0.08325582216664251,-0.6872716290160846
22.227485179901123,1.054234649102351,-0.09303085514922592,-0.6956263193547878
22.22830843925476,1.0477906907952983,-0.09552860220154817,-0.6966371667904243
22.23198890686035,1.0251177728799163,-0.09720806456066945,-0.6991110837934449
22.233165502548218,1.013518299032636,-0.10005657133891213,-0.700875679423152
22.234752893447876,1.0013047508751836,-0.1023966723527166,-0.7007751687436123
22.2370445728302,0.9840156180034418,-0.10476328672665998,-0.7076833973892156
22.238149642944336,0.9820192039227018,-0.10603740455542808,-0.7064026271755343
22.24353528022766,0.9618784546775808,-0.12030364853674579,-0.7028918603843294
22.244880437850952,0.957715841413112,-0.12460854368222157,-0.7014850896049242
22.246480703353882,0.9497697892900087,-0.12612769869267104,-0.7014602309969941
22.24817967414856,0.9451638391922802,-0.1267940235925661,-0.7014134953981416
22.249906301498413,0.9441869657177212,-0.12713925948267965,-0.6964064343581449
22.25691843032837,0.9942277235392172,-0.12324493679014735,-0.644006821049561
22.2583065032959,1.0019228738181818,-0.12056562445454545,-0.6381517941818182
22.25998282432556,1.0123486590078363,-0.12201825141053547,-0.6332284006660862
22.261992931365967,1.0266509013076923,-0.1227207412051282,-0.6248306323418803
22.263094902038574,1.0400821607282051,-0.12195962421880341,-0.6115016369757834
22.269282341003418,1.104976330761707,-0.11696278591493627,-0.5540685722904195
22.270358085632324,1.1153855515007063,-0.11699690496298389,-0.5504238595987566
22.271591186523438,1.1238811234204578,-0.11326017076801356,-0.5451137091799944
22.273207664489746,1.1348660744141326,-0.11346376187604981,-0.5392037602311034
22.274973392486572,1.149841559101069,-0.11230433789451176,-0.5317260278751247
22.28182291984558,1.2425954178168048,-0.09221115519262647,-0.4354504493598171
22.283195734024048,1.2564487053527054,-0.09098272449498998,-0.42701027343486975
22.28476619720459,1.2746486076713752,-0.08548610003448276,-0.4154305562380557
22.286964178085327,1.3004848328187806,-0.08191699546335528,-0.4007853705592614
22.28830122947693,1.3281026867254508,-0.07209267613326653,-0.37203431131963927
22.29433798789978,1.4445626165942211,-0.04447801741554997,-0.2427472914329983
22.295252084732056,1.461770239566583,-0.04090703227735902,-0.23008565414154103
22.296662092208862,1.4837871643370488,-0.035778609054268114,-0.21333134716881785
22.298261642456055,1.5118803765778477,-0.030156288639954204,-0.1915433918262736
22.299882411956787,1.5426735481574538,-0.022781878108877725,-0.17012398228475714
22.30548882484436,1.6645777069243353,0.016120345172071282,-0.014697858494887526
22.306539297103882,1.69124026002045,0.026625585903301198,0.030088649458077706
22.30820393562317,1.7342667430150538,0.034278177211469536,0.07273731449032257
22.309942483901978,1.7845885054202608,0.04567285717051153,0.11263081767903711
22.31196165084839,1.8568367785740238,0.06400286482477471,0.17476440972950938
22.31323003768921,1.904530189714061,0.0777373781647833,0.2452491125588614
22.31927752494812,2.1225780992682894,0.14219004368718682,0.5733234384040086
22.320298194885254,2.16011559407689,0.15081724155841925,0.6107282441920103
22.321599006652832,2.2131126461616555,0.164180582360252,0.6680307396215636
22.32323670387268,2.2727182615832024,0.18205854083145265,0.7372469027968861
22.32486391067505,2.338310724052368,0.19644186416325654,0.8061909307546143
22.331822156906128,2.558915382377283,0.2860045860610731,1.3427502803019407
22.333171367645264,2.6128705158305183,0.302993269506012,1.4247898097547953
22.334952116012573,2.690137887835793,0.3208500926695802,1.53042146583522
22.337342023849487,2.77805900525,0.347446395,1.6913181962500001
22.338460445404053,2.801550834976504,0.36614666460630374,1.8095329587965616
22.33998990058899,2.8590065770624475,0.37909438149971997,1.9057325833314198
22.344284772872925,2.90449358291001,0.4331245964448939,2.279086850327604
22.34515118598938,2.927581189082767,0.43959038320236893,2.3221060788126535
22.346500396728516,2.9600812868408015,0.45100582295705083,2.391598229081317
22.348215579986572,3.0048506038659215,0.46668153862569833,2.4853795247374304
22.349913597106934,3.0534077718179478,0.482413688209532,2.5776329110880205
22.357017755508423,2.996642880210417,0.5900658515837374,3.188824640640532
22.358386993408203,3.0120661303352265,0.6030465773170799,3.2602845668894584
22.359797954559326,3.02779385716213,0.6130736799115385,3.335659400987278
22.361960411071777,3.039015505127179,0.6321638204255502,3.444696182850243
22.363300561904907,2.98939304563561,0.653619330039154,3.5780644032380677
22.366984844207764,2.9327827144750356,0.7116500292068474,3.920872093184023
22.369263410568237,2.869561744924588,0.750177448764301,4.1556527065351965
22.370324850082397,2.872498111417859,0.7623498137997997,4.23935584288838
22.371562480926514,2.873308902829994,0.776095362660561,4.332518987312536
22.37325882911682,2.8726863948346693,0.7943698498967936,4.4613053951953905
22.374880075454712,2.830603159472451,0.8264104486773608,4.60386461439629
22.38186550140381,2.451484293548632,0.91694510012004,5.403667972416702
22.38328790664673,2.4060834977718217,0.9368316550865701,5.541466900133582
22.38488531112671,2.3723494675434598,0.9349328283630663,5.67466734229923
22.38697052001953,2.3295810747792394,0.9227121050594795,5.830161794345153
22.38835644721985,2.124590147861596,0.942481232063197,5.996041199967687
22.39428734779358,1.4064232893867736,0.9684700771543086,6.657189115350701
22.39516019821167,1.3885989594018038,0.9540458749789579,6.746128669043086
22.39651608467102,1.3580843436599885,0.9295384240011448,6.869458911599313
22.398345232009888,1.315923464867125,0.8898249613258877,7.035300672455326
22.399914741516113,1.2774810095104374,0.8652995532030312,7.17267657435073
22.406938076019287,-0.04023857265417452,0.9122746564313413,7.890735935139198
22.4083034992218,-0.1040410873471158,0.8961832881374874,8.012702212560214
22.409931898117065,-0.17436642391825613,0.8745982670608059,8.15045896471691
22.411957502365112,-0.27303940642484975,0.8526161914580589,8.31121506671171
22.413310050964355,-0.6881059066232467,0.8766773203916405,8.386853403898511
22.41929030418396,-1.9345274971623712,0.9278383387706186,8.67145863456701
22.42038655281067,-1.9837016585359497,0.9150052821263248,8.751175703643941
22.42162537574768,-2.044335427960756,0.9096236401051275,8.846856105340876
22.4232919216156,-2.1156159213713646,0.9002015207281879,8.96632700206264
22.424891710281372,-2.1891608624314585,0.8905042228620387,9.080856485283832
22.428525924682617,-3.2589543166574693,0.9683680895453896,9.0309757969797
22.431841611862183,-3.829044827315368,0.9999313848398858,9.050561855644602
22.433271169662476,-3.91443689124481,1.0088461405948461,9.131736262516823
22.43487310409546,-3.9957471597983627,1.01364401807466,9.234849307629474
22.4369375705719,-4.096322432120827,1.0266308378131233,9.388315196675531
22.4382905960083,-4.52982238856007,1.079103011837338,9.309189961137323
22.444395303726196,-5.676268124558706,1.2211845682766325,9.206492009839062
22.445233583450317,-5.7113884039281215,1.2290710076271478,9.248333129753151
22.446501970291138,-5.758338603922681,1.2427077832233677,9.308490313234536
22.448162317276,-5.8215896990484355,1.258191008794542,9.37821714451836
22.449854850769043,-5.8832801304431115,1.27397726837005,9.442537668799218
22.456992387771606,-7.041178481350229,1.3870440084315578,9.02807316644874
22.458359956741333,-7.076982239367411,1.3881806275483963,9.063972793854237
22.459811687469482,-7.1093655410597325,1.3937337730455306,9.100700586343358
22.461976051330566,-7.169185355177043,1.3988407879052527,9.143508897522972
22.463092803955078,-7.356070594536997,1.414940135009303,9.037862023664662
22.46927237510681,-7.923876952533016,1.432846712008394,8.78548611137563
22.470289945602417,-7.94788497974613,1.4356719531036486,8.809737934160585
22.47150492668152,-7.976698415183389,1.4376214688913764,8.837271978514373
22.47313165664673,-8.016031549698203,1.4389511875360166,8.877603164719144
22.47485637664795,-8.05485027342434,1.4406767716339248,8.919134269035212
22.481839656829834,-8.44947505628745,1.4397292832596937,8.729466520573329
22.483293771743774,-8.45104500433477,1.4360254809673294,8.734262917490339
22.484875917434692,-8.445712645896938,1.433916278905994,8.740528990434239
22.486965656280518,-8.434285831954364,1.4338422875407872,8.748502424275527
22.488293647766113,-8.428027027420708,1.4271227648896179,8.69914735886623
22.49217128753662,-8.416925847406201,1.389475558124297,8.648577033940159
22.49320125579834,-8.382433220718385,1.3728592378243691,8.650419141741168
22.494759798049927,-8.333940226666472,1.3562157367435637,8.648823404045963
22.496575117111206,-8.288902227770716,1.3420341006826964,8.632702060336625
22.498161792755127,-8.248125585565763,1.3289380571840228,8.613416059229102
22.49986481666565,-8.20627833153639,1.3196333322448424,8.596868110167621
22.506952047348022,-7.833078488168,1.167898642657,8.698883314623
22.508389949798584,-7.800108134657143,1.1565051540214284,8.67879743012143
22.509782075881958,-7.771758016890766,1.1412636424740157,8.667182737610595
22.511945962905884,-7.726053373932465,1.119024074397625,8.648008299482902
22.51329803466797,-7.603310761125769,1.0799906714650165,8.742581857636715
22.519243240356445,-7.203843628465555,0.9659829254071962,9.096149279983472
22.520284175872803,-7.204088211741524,0.9577617846422544,9.109699840509082
22.52150273323059,-7.204910392599342,0.9491905762312973,9.12571041026062
22.523204803466797,-7.198100582088408,0.9365733632428714,9.142584988209341
22.52493691444397,-7.189294689908156,0.9229055295386372,9.161170489418655
22.531795978546143,-6.405970721569877,0.7717853716693341,9.757355669637468
22.53312397003174,-6.375584781695988,0.757592384797087,9.787730535696417
22.53481650352478,-6.3686277753169405,0.7388811574590164,9.806023014453553
22.53697180747986,-6.3570578621629785,0.7135641401944892,9.833131069483805
22.53835654258728,-6.0940883907093655,0.6741621889472372,10.01922955071728
22.53989601135254,-6.05021362690041,0.6547158411200937,10.0763616781529
22.54430603981018,-5.367873856798261,0.5508704987773914,10.545911643894348
22.5452721118927,-5.366579958972373,0.5401643570685657,10.566615972942314
22.546465396881104,-5.366328094849127,0.5241694008511308,10.585237452286002
22.548116445541382,-5.363967708489757,0.5040534464358974,10.608928790428592
22.549894094467163,-5.359072166311173,0.48380444419664803,10.633523186965084
22.55362033843994,-4.6025965454798,0.3931036564862464,11.01722033154427
22.556960344314575,-4.203695177887775,0.3372407725611222,11.19173062592986
22.55832529067993,-4.191869888813198,0.3234716107911537,11.200975903517177
22.559778451919556,-4.177429665914221,0.30711406979853273,11.216073850030474
22.561933994293213,-4.15690095131591,0.2837532251573822,11.231302541614635
22.563198804855347,-3.8640116035126737,0.24635424082113705,11.336325027969353
22.569023370742798,-2.987305358909597,0.12258144168650904,11.6062733746726
22.56995916366577,-2.975598167515299,0.11033523806689846,11.608528703146174
22.571479320526123,-2.9553278332427895,0.09593304872578562,11.612213083569523
22.57315230369568,-2.9272906871211144,0.07768296346041055,11.60951438196481
22.574853897094727,-2.9002290948190224,0.05783115852192184,11.607785137531028
22.58176279067993,-1.80547768152036,-0.08752402430518647,11.72691187422589
22.583083152770996,-1.7479708350489902,-0.10090656755737,11.706691843496777
22.584800958633423,-1.7099339385044248,-0.11582280069911505,11.66425696959292
22.587019205093384,-1.6382445510717663,-0.132980376372153,11.598095938339492
22.588379621505737,-1.3599700069694887,-0.16284820818908466,11.56952320586764
22.594311237335205,-0.5909792623985393,-0.23874856159473007,11.322778328972506
22.59519934654236,-0.5660696566273807,-0.24234331675368753,11.269335623280108
22.596566200256348,-0.5239116555330666,-0.2468431126091987,11.177325583822311
22.598158359527588,-0.4739846499777714,-0.2482054358033845,11.06840810640327
22.59992289543152,-0.4216623118044599,-0.2481457090744251,10.944878142227875
22.606960773468018,0.5039243565737842,-0.2996290776328955,10.364706507415315
22.60839056968689,0.5423308524952488,-0.29741648381246505,10.235704272772498
22.60978603363037,0.5825635694641443,-0.292060161663587,10.103377460002054
22.611995935440063,0.6449356864544236,-0.28777899203127794,9.888271520824397
22.613234758377075,0.8384599054624665,-0.28889907596693476,9.75223432741421
22.61492419242859,0.934045430400307,-0.27968961118152647,9.575790621715642
22.619237184524536,1.418049280186748,-0.2656386437533626,9.047757418931191
22.620285987854004,1.444352880967947,-0.25524573801414957,8.930823100516605
22.621492385864258,1.4732039650049091,-0.24599605947531042,8.788740728965925
22.623144388198853,1.5172500412206325,-0.22614915201488053,8.596551274087423
22.62488579750061,1.5541560483925232,-0.2052861671495327,8.393384315373831
22.63103723526001,2.030310868985849,-0.14116416757606132,7.561969356434552
22.631964206695557,2.118765043935332,-0.12843899331534617,7.425875627375588
22.633235692977905,2.1406891599593147,-0.11639321336616702,7.260799352282655
22.634973764419556,2.166295342711776,-0.10228404858029097,7.053585133402141
22.637038946151733,2.2086034234772662,-0.07720077344552474,6.780180577063197
22.638317346572876,2.305737454159851,-0.05935645987360595,6.596995132605948
22.644291639328003,2.56581331608071,0.012864447164281626,5.801770259021751
22.645181894302368,2.573490265655123,0.02212988832283915,5.702007681495706
22.646571159362793,2.5820337674049836,0.04073285680695976,5.538464068271087
22.648165941238403,2.5919263904404697,0.057777574210074414,5.357503868854751
22.649891138076782,2.5954603264155955,0.08001843261182519,5.168285897505141
22.657045364379883,2.77627773841258,0.1446068764752009,4.302625141868939
22.658132314682007,2.7755587061712386,0.15015545864921032,4.194221620101413
22.65982699394226,2.7730001276703344,0.16124867922585784,4.033284589367019
22.66195321083069,2.7502701298738916,0.17631986124706892,3.8378962570752075
22.66320252418518,2.7791819422559336,0.1839473165802116,3.70774596121018
22.669230699539185,2.8188085630808843,0.21357024754310103,3.1692659170104953
22.670264959335327,2.807077617960109,0.21494615796226144,3.0935987083222845
22.67146372795105,2.8008812078714307,0.22040603928124552,3.0127594470962835
22.673133611679077,2.7835184921877505,0.2236749364659416,2.90168894814482
22.67486572265625,2.7656198585497442,0.2274986835770029,2.7933006908751903
22.6774640083313,2.789767007077703,0.22021521226410515,2.584170321862448
22.67827320098877,2.7994249814282246,0.21929704000328526,2.514557578451507
22.681875228881836,2.810706643995066,0.20757202736641758,2.2717450834274637
22.683257579803467,2.7962384370403828,0.19764313968186295,2.1982756200294076
22.68481993675232,2.779571512562932,0.18560505892929147,2.1220658930218894
22.687124013900757,2.7572283648747855,0.17340201753287593,2.007520872829331
22.688310384750366,2.7699211507958834,0.16154176563121783,1.9144939020231562
22.68979001045227,2.7567663852843194,0.15081170528489374,1.837651582956347
22.69343638420105,2.778356917250179,0.1151474641502509,1.5711766448536202
22.694794416427612,2.7627349808195873,0.09977223681185567,1.5161622480515464
22.696577548980713,2.7388818177009737,0.08389389361165188,1.4518058930629831
22.698129177093506,2.7149492022368498,0.073585283971984,1.4033194958344768
22.699867248535156,2.682270764139016,0.05975123274713959,1.3430547255358982
22.70696997642517,2.6209609016573108,-0.003984397685665187,0.9700515396043248
22.708431720733643,2.5947085373743377,-0.013843624280681656,0.9387881649432909
22.7098708152771,2.5634863161006733,-0.023900610961477876,0.9025795906405557
22.711904048919678,2.5259119977840276,-0.03309332036839846,0.867767768960498
22.713252782821655,2.5071926441570245,-0.043973606280991735,0.7951126960165289
22.719262838363647,2.4177596506298604,-0.09062598923522901,0.571772553725474
22.720407247543335,2.398360775049719,-0.09404921176383546,0.5572735340303344
22.721710443496704,2.3721977053882806,-0.10368947415566736,0.5378057279749926
22.723096132278442,2.3439008379749247,-0.10817362332998998,0.5228462433129388
22.724966049194336,2.306644651116925,-0.11660936209766987,0.506626520258267
22.73181176185608,2.2081227781723034,-0.1413998588160836,0.34519102410756275
22.733203172683716,2.1935701407003543,-0.14880060777659573,0.3302352873927305
22.734769582748413,2.1723296946848283,-0.1584104987376362,0.3274878777502096
22.73706364631653,2.1370813418480217,-0.1689224445676332,0.3248540229322954
22.738184452056885,2.1257973524655047,-0.1799481522406799,0.29912819693858017
22.739773988723755,2.108485611073469,-0.18246334380408163,0.2863193134
22.74432921409607,2.045954048533732,-0.21010145391972673,0.2132921451648164
22.745303630828857,2.035186174314972,-0.21292946840874444,0.21130196228088596
22.74946689605713,1.9771897578465403,-0.23367000228320314,0.19569651234709823
22.750366926193237,1.966899863,-0.23646393626086956,0.1939795804782609
22.75540852546692,1.907749626011362,-0.256616328429246,0.14425052545742953
22.756442308425903,1.9036288335214697,-0.2575165049344843,0.13873386407215582
22.758328914642334,1.8890198235012177,-0.2612167571812061,0.13729259486362985
22.759791374206543,1.883252742139648,-0.261358151982544,0.14217275560165976
22.762012004852295,1.8762855610550877,-0.26227014805779936,0.15159826386370773
22.76326560974121,1.8735771807882118,-0.26460402845654346,0.1495920055654346
22.76925015449524,1.855178065710798,-0.27715390586188615,0.16662987063825335
22.77034831047058,1.8558240091078948,-0.28092689656578945,0.17053655325657893
22.771706104278564,1.8548137410859649,-0.2844232019385965,0.17401463712719298
22.773130416870117,1.8574595159867855,-0.2887848194932491,0.17785752788738868
22.77502965927124,1.8601595213267412,-0.29801739444883923,0.18448179577844656
22.781784772872925,1.889589380084864,-0.32336646798661545,0.2476053516834686
22.783119201660156,1.8946777389136458,-0.3273721747910404,0.2575877988936045
22.784814834594727,1.9030348657680736,-0.32864025973715005,0.26732061249937317
22.787043571472168,1.911625645518953,-0.3294066679576598,0.2786568373973681
22.788153171539307,1.9118836805608639,-0.3298803454338435,0.2977180982458876
22.789771556854248,1.916331229614634,-0.33181915798229966,0.3122144276627178
22.794291973114014,1.9183063185335216,-0.3334465379321101,0.38571643235158787
22.795167207717896,1.920012141818631,-0.3348389852788991,0.3871529348071983
22.79651641845703,1.9185331881694865,-0.33745927572532003,0.39357485719184937
22.798116445541382,1.9190561242722588,-0.3411575067360435,0.39903441893329517
22.79997444152832,1.918723415844343,-0.34217260230517904,0.40661062221229843
22.802110195159912,1.9158141485468974,-0.345153001577495,0.44648679581827283
22.807114124298096,1.9075507316199234,-0.3599084617875221,0.5245296513378458
22.808214902877808,1.9118365827978223,-0.3598322907987051,0.5327488298463802
22.809937238693237,1.919353654079863,-0.36160194788163147,0.5424489452906447
22.81197690963745,1.9309441461505146,-0.3680977034481132,0.5578240859566895
22.813090801239014,1.9285832909235276,-0.3664747343915094,0.5867523600058605
22.81698775291443,1.9379126180094461,-0.36924743207256333,0.6622579181477029
22.81925678253174,1.9363747360916712,-0.3691095667434321,0.7099642709782001
22.820206880569458,1.9405718293078535,-0.37021032442649526,0.7139547517453886
22.821553707122803,1.949627276426516,-0.3721019770318602,0.7261833389825283
22.82326579093933,1.9574298120512452,-0.3718924553461208,0.7352680522822789
22.824878692626953,1.9630076795430114,-0.3687520045240338,0.7417601195308214
22.831775188446045,1.9517390327571367,-0.3526280297359059,0.8998270664068283
22.833133697509766,1.956194229534295,-0.3488130422334413,0.911755475932882
22.834946155548096,1.9627397878522044,-0.3435626037102869,0.9190984463746676
22.837064504623413,1.9644137444257694,-0.336913224992126,0.9316984479325698
22.8382568359375,1.9592311855729418,-0.33076187685826774,0.9665169442408017
22.839755296707153,1.9608743796834733,-0.3256880827812325,0.9764704691445378
22.84435725212097,1.9529475027638372,-0.29875415226280194,1.0987585751516908
22.84531879425049,1.9610281497055286,-0.295704512053996,1.108284814604268
22.84648084640503,1.9664496795915212,-0.28693665307003724,1.120695172531796
22.848302602767944,1.983553159478581,-0.2771083026549389,1.1471481629417046
22.849887371063232,1.9992530537637685,-0.2688860981353089,1.1654115379150125
22.857020378112793,1.9986382222450332,-0.22575451665562912,1.3826500138278146
22.85820484161377,2.013859141895364,-0.21945678521192052,1.4035592401059602
22.859951734542847,2.0379703945254213,-0.21171934466569162,1.4296749979498538
22.861928701400757,2.063444623268258,-0.20530685105845364,1.468631116800629
22.863296031951904,2.0596689417168785,-0.1974141640661712,1.5297289011875088
22.86929678916931,2.089966198877154,-0.16111521685269595,1.7928092003827125
22.870485305786133,2.1125541359614535,-0.15750002648678185,1.835570692294196
22.871516704559326,2.1376302731789987,-0.15331901616866045,1.8775160655533896
22.873207092285156,2.17943940362661,-0.14336149233476395,1.9501480684806867
22.87485909461975,2.2185643774991415,-0.13537628052590897,2.0262325053000287
22.879929780960083,2.254434372294126,-0.09695199835558097,2.3616246932250964
22.88187885284424,2.254413721375483,-0.07870651466485482,2.5100324328490915
22.88314700126648,2.2801985421984527,-0.06974501120031523,2.5782190827781917
22.884762048721313,2.307646715944856,-0.0585192738356653,2.6663960898010974
22.88718557357788,2.3368212388130893,-0.03706247346156044,2.804283515935696
22.8883113861084,2.31934301829637,-0.021164125642755074,2.8926326919414116
22.8897922039032,2.330464389704112,-0.006363757830491475,2.9790626556048143
22.894357204437256,2.2778022570292333,0.059318716573634855,3.316146097508549
22.895437002182007,2.285810020997745,0.07143728327375225,3.378197346423331
22.89649248123169,2.295357692366206,0.0859645017426338,3.442092221450992
22.89817523956299,2.3080654288453077,0.10918609983016712,3.544450446527496
22.899881601333618,2.3185675649015587,0.13179144676756904,3.6415093510751984
22.907033920288086,2.096906697233878,0.2790827390429923,4.181946083101462
22.908190488815308,2.0847829519273433,0.29765232602708513,4.240278840883921
22.909931182861328,2.0660924986441658,0.32485377517068464,4.3207091991465765
22.911576986312866,2.0407051766721738,0.3521300215878261,4.3903551136373915
22.913159370422363,1.9363652239871212,0.39408526703527,4.487131508559198
22.919425010681152,1.4868452803999441,0.5428861655885969,4.766591128813863
22.92072081565857,1.4515732158918186,0.5592462743688711,4.788371951696408
22.921754121780396,1.4240514269770526,0.5725449952297605,4.806251267026511
22.923226594924927,1.3808908468439067,0.5936836834536736,4.835294748687962
22.924789905548096,1.3346477864093291,0.615541831672923,4.866632115022357
22.92729091644287,1.0395127630412253,0.6855526881262526,4.955258846202405
22.928130388259888,0.917539714944031,0.7120005596723448,4.983285282950902
22.931894540786743,0.5390947994354386,0.8070165492672682,5.091560122788345
22.933276414871216,0.531125398059059,0.8233562191991992,5.111962217181182
22.93491840362549,0.43836243095132743,0.8817556689654314,5.173571879591261
22.937066793441772,0.28140225706497507,0.8954279014125844,5.296687314534614
22.938223600387573,0.1195452850268407,0.9323710671298036,5.3749470962975945
22.939838409423828,0.027219963608399393,0.9819576809009873,5.490787632999444
22.94233274459839,-0.3878824532169433,1.0614753284041214,5.653741410871779
22.943172693252563,-0.5431773191621351,1.0798629957083572,5.705457452212221
22.944833517074585,-0.6614406795922693,1.0937786318216958,5.806712750864089
22.94648289680481,-0.7129654355088574,1.1080484313587244,5.918640354246679
22.948176383972168,-0.7867615223049171,1.1313096305247248,6.023736713272044
22.949908018112183,-0.8758981278646176,1.166395199175554,6.147708315910936
22.956939935684204,-1.9917041107963658,1.3535319694359678,6.423991154233632
22.958412408828735,-2.0768475200976755,1.3666402500169166,6.493443673752721
22.959826469421387,-2.1485948382646933,1.3788854764172744,6.560903789300157
22.961954832077026,-2.248754656948148,1.395038015705413,6.65409903028775
22.96330976486206,-2.5198411658962963,1.425876535103134,6.62917547686396
22.96936798095703,-3.3249920967306883,1.5082316691871769,6.638088014393491
22.9704749584198,-3.3809926218225255,1.5143396943390217,6.670972504792947
22.9714515209198,-3.4266976158976106,1.5199719279135382,6.70400452321388
22.97313380241394,-3.503093834483633,1.5262293390067827,6.752485356647891
22.974990844726562,-3.578267756890685,1.5329633679,6.79904603437274
22.981788873672485,-4.438627320897733,1.5721683315857937,6.642437697150336
22.983136415481567,-4.520241306222767,1.5827021712190201,6.667533635578675
22.98496389389038,-4.614904531587698,1.5911525416396572,6.715499791456256
22.98713231086731,-4.741215973245885,1.5983409438872191,6.751945616025476
22.988271236419678,-4.897675613693574,1.5945013359577787,6.698633162453699
22.98980450630188,-5.000604842709678,1.5954682908387097,6.697307258883154
22.994436502456665,-5.433023250952447,1.574111578334263,6.537607248741738
22.995328187942505,-5.462992452640936,1.5698636191396356,6.54579446132307
22.996463298797607,-5.512773238780572,1.571157201696444,6.549691203558543
22.998310089111328,-5.594194227144971,1.570722320451023,6.550782065046582
22.999911308288574,-5.647797282612802,1.566417356004715,6.551286869714102
23.003564834594727,-5.972974162008725,1.524859150334716,6.370565771883136
23.006818056106567,-6.129151915518236,1.494175279733558,6.287155106456716
23.00834608078003,-6.172498362018052,1.4841847629280802,6.277291487624355
23.00997757911682,-6.216296978036395,1.4816691564827196,6.264583810749189
23.011962413787842,-6.271223456679353,1.483903271214623,6.24709836101903
23.013096570968628,-6.332446443493061,1.4639062269577907,6.211319180739591
23.01859760284424,-6.501188804612588,1.399835182871541,6.162366194542187
23.020105123519897,-6.5323619596852955,1.390248561961476,6.192317934195334
23.021485567092896,-6.5559896709324885,1.373299001258097,6.227732028409242
23.023250579833984,-6.588942898897443,1.348446466922138,6.266109497980535
23.02496838569641,-6.632371323639386,1.3261585464458936,6.306236932210836
23.031836986541748,-6.760060685877255,1.2109039593344226,6.518643941877397
23.03316378593445,-6.798481899214982,1.2028014356023937,6.558165676440899
23.034780502319336,-6.850198578414907,1.1959512571360649,6.595156498007691
23.03709602355957,-6.91073677700707,1.1801685251886875,6.646824623498453
23.03816056251526,-6.901764966875976,1.1564780493984386,6.702728685922963
23.044270515441895,-6.853088259176984,1.0503929955911924,6.935139008400083
23.045156002044678,-6.861648080232239,1.046198489576236,6.927884528475696
23.046504020690918,-6.8789994968833685,1.0455947037131808,6.929985679846772
23.04814338684082,-6.879582846965073,1.0352996882161465,6.951586402497853
23.049882888793945,-6.878405049920789,1.0287210552562196,6.967637156747212
23.05695939064026,-6.542038255971035,0.9337641808729567,7.230316718339833
23.05832290649414,-6.52106965727746,0.9266884977813307,7.219598050289217
23.059955596923828,-6.492915029149426,0.9211332623416424,7.207797289840465
23.0620059967041,-6.449880484282757,0.9050343275386812,7.187813213396946
23.063101768493652,-6.359294585788324,0.8894669722968884,7.242835185170282
23.069361209869385,-5.955681230423795,0.8223141746330455,7.38275799397966
23.070470333099365,-5.9244973389568845,0.8187141783029607,7.36352248460046
23.07170557975769,-5.887985187112245,0.8122886198979592,7.337682375173469
23.073103189468384,-5.844714632951934,0.8036288376270516,7.308858789303634
23.074788808822632,-5.797036039442236,0.7951028547146125,7.272357151579068
23.079501152038574,-5.400299696899181,0.7677193830126195,7.3898022508464845
23.080276012420654,-5.3781760486534465,0.7643188644298987,7.3757574274516715
23.081865787506104,-5.2013647188654835,0.7517379543438752,7.4350582137159416
23.084845304489136,-5.095453501649459,0.7372373152364696,7.399506522899251
23.087080001831055,-5.010824984380314,0.7263598710201342,7.378569070770917
23.088181734085083,-4.8777624589097694,0.7164408686756152,7.42936346528337
23.089783191680908,-4.790280189271922,0.7039908295781205,7.429034568364182
23.09443163871765,-4.356193575041396,0.676385403326646,7.533966928648206
23.095571994781494,-4.322839979696022,0.6725265564798181,7.5122903986205785
23.096626043319702,-4.292043660328196,0.6704477896910319,7.494594844191399
23.098294019699097,-4.2432788746916685,0.6638891847117091,7.46216730949184
23.099891901016235,-4.192147602166547,0.6555250412703899,7.423897222855164
23.101611375808716,-4.021954358666296,0.6494569749735707,7.454711523066212
23.10703444480896,-3.50638984759767,0.6172675456169449,7.4772981732983315
23.10813331604004,-3.4634956262321634,0.6097068185710587,7.439700535573648
23.109920024871826,-3.393539751390588,0.6019536767811764,7.382327725945882
23.11197805404663,-3.3070979014247777,0.590393515583686,7.3056299155099955
23.113320350646973,-3.1282482389455715,0.5805079067802422,7.301615530805487
23.119341611862183,-2.5468241245243055,0.5510080780173612,7.092307431442361
23.120457410812378,-2.4947846145112424,0.5485782028934851,7.02178861888844
23.121734380722046,-2.4297209092422887,0.5499087504801096,6.938550541172672
23.123109579086304,-2.356756687893383,0.5503110412133772,6.843039556807775
23.124783992767334,-2.2660889638182855,0.5485166185029906,6.718902502615636
23.131874322891235,-1.5329719411569636,0.55845174593379,6.248850501330336
23.133315324783325,-1.4490454935058859,0.5639267344009712,6.122510375108887
23.134913682937622,-1.3694164595027731,0.573368327510538,5.987097174186772
23.137123584747314,-1.2457652705693214,0.5823634859268437,5.792551505334513
23.138232946395874,-1.120281104288348,0.5896055619914454,5.708024199381859
23.13976550102234,-1.0215551088546169,0.5958723404694077,5.567235146890542
23.14212203025818,-0.8000682575488566,0.6119214352260173,5.3746228327567565
23.144338369369507,-0.6095987382943144,0.6218115722190636,5.169829968510033
23.14522886276245,-0.571698628382107,0.6261265137261706,5.089688387362458
23.1465847492218,-0.5112492183029954,0.6371933284490208,4.960424067744816
23.14819097518921,-0.4367980123231672,0.6494694167438416,4.806151928545308
23.149953603744507,-0.3634010806044662,0.6615707151376135,4.646044099086671
23.156955003738403,0.13498916747521905,0.6949192423404683,3.996181375112915
23.158195734024048,0.17837596341419773,0.7013849440398944,3.877290105067175
23.1599063873291,0.23316163027352207,0.7057937732102415,3.717521145034138
23.16195297241211,0.29570955261979465,0.7107702408391329,3.524642421701939
23.163204193115234,0.3772894544110097,0.7170676252909298,3.4143511430071305
23.169381141662598,0.6479365092265078,0.7123437803821879,2.905219200126648
23.1704523563385,0.6748846079867168,0.7111311012434306,2.832015637075368
23.171676874160767,0.6986122754195784,0.7111782306803349,2.7458714252497836
23.173304319381714,0.7315580521740149,0.7088452336669109,2.6363603147988868
23.17501997947693,0.7693522688053769,0.7103741341389962,2.5323502486023166
23.181864023208618,0.9921156928283659,0.6899543353350462,2.125730733838643
23.183221101760864,1.014415834607189,0.6844360396123442,2.0647363515550623
23.184783697128296,1.0336783680264734,0.678829510858994,1.999734381018392
23.18709135055542,1.061382115956426,0.6679337967096538,1.9000871735027876
23.18819522857666,1.0922194137777288,0.6610998888590083,1.8443762753088322
23.189821243286133,1.1164869994730817,0.648845533458245,1.7792557748359474
23.194376707077026,1.2110941619369848,0.6137588652297052,1.5754379422962135
23.195247650146484,1.217845939005589,0.6104191085760794,1.546485466820735
23.196585178375244,1.2272469269453583,0.5964654317761457,1.4919799787103407
23.19820237159729,1.2370272978445906,0.5822798270715512,1.4370513469892672
23.19992446899414,1.2516690777062855,0.5612747659274286,1.3813354121637142
23.20323157310486,1.3223061168131884,0.5187520926118373,1.2320173337330005
23.20690608024597,1.3809201887745672,0.4685248476425638,1.091463716926958
23.20824122428894,1.3960290055927835,0.4535138077113402,1.062226917617268
23.209885120391846,1.409021124476058,0.4296177456027283,1.02667002888892
23.212016105651855,1.4210047339634546,0.40259148943640255,0.9775479088746609
23.213138580322266,1.4432399499046396,0.389719960591863,0.9380916213291934
23.21926522254944,1.5085193155932157,0.333749147363965,0.7370127082738774
23.22026038169861,1.5098712180795217,0.32665069545516473,0.7218893725930766
23.221556901931763,1.5107191942632434,0.3137619141263096,0.7035986164788255
23.223223209381104,1.5090364136915366,0.3028032564415008,0.6779519913408277
23.22495174407959,1.5000223668376216,0.2921981571086335,0.6490325827781589
23.231953620910645,1.556749236092813,0.24739907286759433,0.41927423688394777
23.233288764953613,1.5416865688587662,0.23504162361201297,0.40250607045779224
23.234906435012817,1.5470982619365568,0.2226382208353829,0.3903988212001118
23.23712420463562,1.5660115974890698,0.21013467596013716,0.36427459238276894
23.23816442489624,1.576525186973282,0.2043992229025575,0.31931816682454633
23.24429678916931,1.6048606313320322,0.17016171073710623,0.14027155295790356
23.245182037353516,1.6065200933840256,0.16503904963632562,0.1324864866045442
23.24655532836914,1.609396010431975,0.15825170864316931,0.12158556904765262
23.248140335083008,1.6122665884324971,0.15230677928076464,0.108145481781362
23.249953508377075,1.6159104668608442,0.14527144876542694,0.09889306503301296
23.256993293762207,1.6301009178055557,0.09920566345238095,-0.10846698299074074
23.258381605148315,1.6350899887222223,0.09668148538095238,-0.10714464079629629
23.259776830673218,1.6365449169008561,0.09529665667329466,-0.11227610656614194
23.261971712112427,1.6499485991371543,0.08675988280738522,-0.11465566511876248
23.263320207595825,1.6516877360792699,0.0836193408273453,-0.1530137708992016
23.26608681678772,1.656260838392489,0.07948048133333332,-0.1806617317543414
23.266961336135864,1.6554761079563538,0.07623119931783057,-0.20506296974155697
23.26930069923401,1.6604855591680963,0.07313652714596015,-0.24424374495337578
23.270384073257446,1.664212968388485,0.0733713771937973,-0.23913934994420538
23.2716064453125,1.6722482950860662,0.07545253901543256,-0.23458714454073304
23.27323079109192,1.6740541179525308,0.07746639414040606,-0.22879948560509009
23.274813175201416,1.6776671950054347,0.07999323979891304,-0.22198848843750002
23.281603574752808,1.6635432278301523,0.07279956353824531,-0.32265120179775114
23.283169507980347,1.6595084913512468,0.0728403299524219,-0.32673849982330183
23.28486442565918,1.65281192709435,0.07618249863876225,-0.3227976043366487
23.287135362625122,1.651666926085167,0.07551342815890254,-0.3236704631809088
23.288196802139282,1.6455153779479852,0.07254563767476421,-0.3434101330505859
23.294320821762085,1.6265137855772784,0.056404033528057354,-0.3992259679411278
23.295212745666504,1.6264157742656833,0.05574460607059148,-0.39889446108038057
23.299442768096924,1.6419148697929553,0.0527323219432811,-0.38125799808237415
23.30037212371826,1.6462498737299207,0.05356052154045307,-0.3776739745759047
23.301525592803955,1.646955363443954,0.05061961250485437,-0.38608574283274494
23.3069851398468,1.6585929911890576,0.0479976770635921,-0.3954574801120023
23.308303117752075,1.6596847751478088,0.04850889275880836,-0.38771767521483813
23.309964418411255,1.664328577828015,0.05207564725942809,-0.38377216750062165
23.31194758415222,1.66301909959854,0.05222086148905109,-0.3797628390656934
23.31328058242798,1.6668160791714612,0.04656405701144983,-0.38678091800973236
23.319363594055176,1.6676728755108876,0.038729595064489114,-0.3977197064145729
23.320459365844727,1.6660335758299611,0.03833176468058545,-0.39842776296599225
23.321420431137085,1.6679706249001292,0.04176116873138183,-0.39565218144669245
23.32328152656555,1.6723297625281524,0.0460613999686217,-0.39107597589794724
23.32502770423889,1.6826968986954103,0.05247158307788595,-0.37970938923226705
23.331865310668945,1.7132824994571796,0.06355123202639507,-0.3345711668632908
23.333231210708618,1.7158816140182935,0.06335050856781478,-0.334722328579677
23.334836721420288,1.717922353516935,0.06942431556413103,-0.33089534438978346
23.337128400802612,1.7261876623345236,0.07596817210941294,-0.3235660201854021
23.33817434310913,1.7292292738928725,0.08046100715283531,-0.3130482613138123
23.34199619293213,1.7389744556774793,0.09587609810931695,-0.28384310287396397
23.344472408294678,1.7443360308466496,0.10222763122680412,-0.26103720157474225
23.34534764289856,1.7463506489287146,0.10580533203177783,-0.26030793021013454
23.349473237991333,1.752783342495834,0.12515052861516734,-0.25970072318570825
23.350370168685913,1.752723197263933,0.1303001303401675,-0.25794989868322266
23.35149884223938,1.75634852125758,0.13421981535604965,-0.24122371429916256
23.356959581375122,1.7728586758755875,0.1587717783219519,-0.17838851606262096
23.35814118385315,1.776729699641139,0.1640517838442079,-0.17826440436729335
23.35985279083252,1.7789898004576927,0.1716130030374946,-0.17827512207412727
23.361971139907837,1.7808384975896996,0.18068070404434908,-0.17946354757224606
23.363110303878784,1.78480779955794,0.18121981487553648,-0.1562364967811159
23.36938238143921,1.8031320206433157,0.2047948174986446,-0.07287326970994436
23.370447158813477,1.8058795758910202,0.20979096985738116,-0.06998474706839032
23.37168550491333,1.8103275315062552,0.2128460598640534,-0.06887972898331943
23.373303174972534,1.8167496057285568,0.21819045219688366,-0.06693086526328819
23.37500309944153,1.8234048108378924,0.22032097888813704,-0.06733730125957386
23.381893396377563,1.8881826243069424,0.24575748007282128,0.08341135047518464
23.383266925811768,1.9074371814576738,0.2500829816115623,0.09730915417811424
23.38489055633545,1.9337073597019325,0.25711842960386544,0.1128991986309234
23.387089252471924,1.9722475486395894,0.2665491726127566,0.1397467930123167
23.388392210006714,1.999618148535484,0.2742067169903226,0.1972729151354839
23.394354820251465,2.107232345937179,0.3135363339084732,0.38409966173526555
23.3952579498291,2.124573952295798,0.31735063085480514,0.3969734242663986
23.39661431312561,2.1547495835555557,0.32863076546080966,0.42588508012230836
23.398179292678833,2.190077582595168,0.33836083417972895,0.4573394067486741
23.399980306625366,2.2273683208935013,0.3486982715616948,0.49255596288605785
23.403790712356567,2.286577746800391,0.38220092172407044,0.6852983470528375
23.40506935119629,2.3206597549836454,0.3928949303870562,0.7249820417207157
23.406969785690308,2.3492545933032387,0.41355998587460585,0.8363340632602465
23.408268928527832,2.379049291132416,0.42092916021840066,0.8769991553215821
23.40993070602417,2.4180775520602373,0.43613776552257166,0.9340448730832984
23.411958932876587,2.4679063616868313,0.4552342435649879,1.0066110993389927
23.413294076919556,2.4853900099105437,0.47055350417277786,1.1009596157036667
23.418707609176636,2.544140258617042,0.5241235306668085,1.4276147283710479
23.42005443572998,2.5701476931610663,0.5286715098909684,1.4797276319975896
23.42159390449524,2.5975026157565706,0.5389597428651444,1.5417429026699698
23.423274755477905,2.632126599056487,0.5504946000247131,1.6148078829240953
23.42483925819397,2.6618520398247423,0.5628025482479955,1.6783165163831615
23.43187117576599,2.635306854185408,0.6321695639951557,2.1395550790596003
23.433231592178345,2.6476293546372367,0.6458226590534614,2.1945018064873154
23.435079097747803,2.6613216318937627,0.6564040870374228,2.264263589575737
23.437092304229736,2.668275123456311,0.6683426763889292,2.3504697264342846
23.438170433044434,2.635017657378641,0.6832806279924649,2.4273904601018694
23.444350957870483,2.5390646577392753,0.7476467715114535,2.746445762628488
23.445242881774902,2.5423309672715537,0.7508706207197001,2.777077552601
23.446588039398193,2.5528352252082973,0.7569098634236531,2.8278281793555173
23.44818377494812,2.5698556565144703,0.7652320877282209,2.9003070047822828
23.450021266937256,2.5935576381480083,0.7783051694730958,2.9947874821480083
23.457011699676514,2.526742696441901,0.895251449109155,3.6039192059762324
23.45810842514038,2.539754748026408,0.912850306738263,3.690330577836561
23.459824800491333,2.5586250363737473,0.9386409334654788,3.813550591396437
23.461942434310913,2.57648218914459,0.9701400811731373,3.969886612116329
23.463286876678467,2.535339439068798,0.9909947877901798,4.08774780426463
23.46591019630432,2.510428737803749,1.0273001706957001,4.273393888940463
23.46678924560547,2.480817288362183,1.0401264510110255,4.342405857681505
23.46938681602478,2.417632981607854,1.0849089184479879,4.554383382497285
23.470467805862427,2.417484339683446,1.09712689404344,4.621485864132815
23.471439361572266,2.4171254950877605,1.1118176218831817,4.694595237595538
23.47332191467285,2.416329802205099,1.1410583546084216,4.826616694295331
23.47478437423706,2.4075062562589866,1.1617688110367799,4.918691579910201
23.481520891189575,2.128712763908842,1.2778366419435485,5.403166187106711
23.483120441436768,2.1055987444030686,1.3025210510932428,5.520375468401004
23.48482918739319,2.075433148705874,1.3342909050409666,5.636118975991946
23.487204551696777,2.006274740506918,1.3753084964059463,5.808985010093318
23.48836350440979,1.9040847092929054,1.4151079997304976,5.908209087919193
23.48983335494995,1.8472081288402837,1.450068093980993,5.9986713848788655
23.494309186935425,1.4373438890957198,1.5487143275036708,6.282403902112343
23.495178937911987,1.4057556777024518,1.5608513301289653,6.3201366396638035
23.49649930000305,1.3540346051170213,1.5828721406170212,6.383133402441489
23.49810004234314,1.2876479689711042,1.6101747346037152,6.457624938906089
23.499890565872192,1.2113636593822676,1.6381404600302445,6.539175894833587
23.501437187194824,1.0248431658966126,1.6791167399531666,6.62504932171517
23.506948709487915,0.30415514935658916,1.8254948743927648,6.8932186551808785
23.508308172225952,0.2385926889707149,1.844419773921045,6.948559110862762
23.509924173355103,0.15894039280145694,1.8719844542219684,7.012672226195257
23.511988162994385,0.05344958374796748,1.9034725994415918,7.091567809298674
23.513137578964233,-0.16793349297560972,1.9392948594377408,7.121352499468549
23.51939558982849,-1.075515929276146,2.080453309821438,7.272271961395141
23.52050018310547,-1.1312037191336726,2.090084277656,7.3094603129256726
23.521451711654663,-1.1804367340277817,2.100163180984,7.3498191637157815
23.523311376571655,-1.284404080084057,2.1172211411857798,7.422669636471368
23.525005102157593,-1.3706214518615232,2.1327290259453795,7.4822096215714495
23.527561902999878,-1.890284471853594,2.1844307970149934,7.465594957788917
23.528398036956787,-2.0893105531080405,2.2031822068985742,7.442036807722035
23.5318603515625,-2.571640787602487,2.227166436510292,7.4047036247405655
23.533257007598877,-2.649512597173261,2.22336118268527,7.412973127262668
23.53483247756958,-2.7295318475094903,2.216632505914942,7.431602329897102
23.537108182907104,-2.874264729607357,2.201732214455375,7.427942545344454
23.538158178329468,-3.0995257619529513,2.2124337944365555,7.362267555029654
23.543054580688477,-3.8364057333614254,2.2181516566759196,7.109772111723709
23.543998956680298,-3.9639865808278563,2.222048565039855,7.066835332199273
23.54651689529419,-4.069873025221799,2.21614051094228,7.083173803652798
23.548307180404663,-4.147075948243015,2.2113025062362803,7.098678845370397
23.54991841316223,-4.211023310131557,2.203047237524563,7.105116430779351
23.55703568458557,-5.196246740749248,2.1722705043440325,6.5445925161775325
23.558130741119385,-5.230782142174237,2.161767059648947,6.533895951594355
23.559889554977417,-5.292215143942162,2.1471009068751905,6.524150834159817
23.562007904052734,-5.372858167850487,2.1305788732808906,6.5082967934259806
23.563129901885986,-5.551504145155116,2.1217828312263345,6.383233182933795
23.569393634796143,-6.171537454673058,2.075844843052661,5.972364146869946
23.570479154586792,-6.198311540640383,2.0663965520574794,5.966534495135593
23.573184967041016,-6.266322790062742,2.05050686840954,5.960282877964045
23.57502317428589,-6.315730523855431,2.04557062402795,5.952812555217541
23.58183789253235,-6.859235150572689,1.9897213696011862,5.472253539070013
23.58319640159607,-6.8903954508389145,1.9863115714798643,5.458016844749894
23.58477759361267,-6.9083886862317785,1.9810381665609755,5.453970189938668
23.58710217475891,-6.941054562484663,1.9731529185153374,5.442989972920246
23.588165283203125,-7.018375451508061,1.9606137295617063,5.357276038423313
23.594331741333008,-7.210266774167343,1.87764931837645,5.0681128494248835
23.595227241516113,-7.195880223903423,1.8700618835609049,5.058959962720127
23.596583604812622,-7.1770580318635915,1.861573942419401,5.047558990935234
23.5981605052948,-7.147816673319125,1.8500972112174223,5.029886617050637
23.599973678588867,-7.10674910206301,1.8380817291609195,4.9983507116522645
23.605072021484375,-7.1064657085299885,1.7701553415722775,4.722812184547402
23.606885194778442,-7.095563915253542,1.736986990115062,4.6259221084634286
23.60817551612854,-7.053344576661184,1.724314995803789,4.600951363300484
23.609826803207397,-7.000257607698247,1.709377752616305,4.578925029258208
23.612027168273926,-6.930033315524381,1.6891695919867011,4.539101274810525
23.613149166107178,-6.923769103943658,1.6688023106670957,4.484559327687116
23.619537115097046,-6.786211289863833,1.5756531845632056,4.283801002514843
23.620611667633057,-6.745447664233505,1.5650857650257068,4.270986056183234
23.623151779174805,-6.671254598769061,1.5480205242467187,4.219790370065182
23.624780893325806,-6.618762862108193,1.536496704759967,4.20217009227234
23.63182520866394,-6.40727124658262,1.4320872335702055,4.085022012486729
23.63317084312439,-6.36256369494083,1.41845996140786,4.0675776986234915
23.634754419326782,-6.315098844142107,1.4060188609254476,4.051401901963532
23.63711977005005,-6.232202783986258,1.386253552147724,4.025056858441025
23.638240337371826,-6.188568997184083,1.3668116852711136,4.027633869248354
23.639829635620117,-6.129153862100794,1.3496643940947692,4.015515722111666
23.64438533782959,-5.933651952614934,1.2792975059369154,4.017870308817167
23.64537525177002,-5.900242242034932,1.2718383160658553,4.003094568996278
23.646536827087402,-5.856409821275018,1.2630995244037222,3.9839270998641374
23.648180723190308,-5.794486611999118,1.2494236870168896,3.9594382809030693
23.64990258216858,-5.724755630449583,1.2322215538195833,3.92829343036375
23.65696358680725,-5.292126320160791,1.1164797537813127,3.978612688772141
23.658373594284058,-5.224816391044712,1.1039152311031815,3.950684243294927
23.659776210784912,-5.15385713533036,1.090183594959855,3.919676342466964
23.661975622177124,-5.030607208722627,1.0677894694966452,3.8729617166002854
23.66314673423767,-4.929334976778587,1.0413925336599572,3.8956651348672375
23.667017221450806,-4.633364555785592,0.9784670831560891,3.8875320890737566
23.6693377494812,-4.429114575064574,0.9382015295941648,3.887216991257467
23.670555591583252,-4.353734303842168,0.928904265023311,3.8467296816623606
23.671582460403442,-4.286659907294877,0.9189067057024498,3.811227285940312
23.673305988311768,-4.174452042720538,0.9037340310666475,3.743410551337529
23.674932718276978,-4.067425953730951,0.8891362398633204,3.681783732027253
23.681851148605347,-3.3743347710394698,0.7796088568929703,3.6200480155985306
23.68322491645813,-3.2715330317383957,0.7633953363272621,3.564378709892626
23.6848247051239,-3.1613892366389043,0.7456206914357534,3.4936783391994517
23.687079668045044,-2.9973237169648823,0.7249395176192719,3.4045627139940042
23.68816590309143,-2.8698558143336186,0.7060992387835832,3.402454522390293
23.69428777694702,-2.2692461649120594,0.6343053556785567,3.261322839982851
23.695181608200073,-2.2132766912188226,0.6304316624675539,3.21810390147949
23.69653630256653,-2.125140805491269,0.6267320598643772,3.1483921779965076
23.698177576065063,-2.020955847666857,0.6209783928756417,3.068081501652025
23.69994044303894,-1.9063001248921303,0.6114958397485414,2.9841542035957023
23.70706820487976,-1.2158620536233766,0.5412810505124875,2.7797348583826174
23.708189725875854,-1.156807575077922,0.5408587156313687,2.719528671865135
23.709908485412598,-1.0763238328191103,0.5413748303897594,2.6364754833717123
23.712019681930542,-0.9705850639479306,0.5412805053631509,2.5347045007823765
23.71315884590149,-0.8576587244285714,0.5316385134126984,2.500008747936508
23.719432830810547,-0.41635491197905616,0.5178913614323406,2.2601545546661224
23.720563650131226,-0.3760853699361325,0.5201985142785335,2.2115126434529864
23.72156310081482,-0.3372954602306328,0.5212493031608516,2.1704362332531044
23.723235607147217,-0.2771690810769558,0.5244815368445265,2.101929317980264
23.72495460510254,-0.2186478591761658,0.5278424190155441,2.0374475512694303
23.72869873046875,0.024892974024424877,0.5118501287855722,1.9101340552306163
23.73206114768982,0.17265092875852472,0.5073492229839944,1.8037134944544189
23.73326539993286,0.19739893349116217,0.5088707409512874,1.7684777915656227
23.734884023666382,0.2340942822054147,0.5061367767531872,1.7234406762127201
23.73709487915039,0.2787442882225417,0.5070831178305061,1.6650717524324326
23.7381649017334,0.3308284727929845,0.5001280075820874,1.6313331517837837
23.74352526664734,0.5284343472739552,0.47490981646827074,1.5015166406724356
23.7449471950531,0.5553657180664244,0.47293205485319767,1.4746551764534883
23.746605157852173,0.5802127280506021,0.4722711099855218,1.4477811354144208
23.74822759628296,0.6122185956305933,0.4664365333661187,1.4228941366604717
23.749936819076538,0.636303713461131,0.461969700643665,1.3999445772854688
23.75698685646057,0.8250462767703641,0.4251592579360578,1.2842150809210453
23.75835609436035,0.8411046371896025,0.4190117612186544,1.2766147704525994
23.759857177734375,0.8591612235105407,0.4131857162219992,1.2723571229224149
23.76202130317688,0.8792622141267112,0.4037384347298282,1.2617289360234487
23.763136386871338,0.9109256975825808,0.39670846436702595,1.2406694138549375
23.769885301589966,1.0450436176160467,0.36153045993448085,1.1736288023314825
23.771606922149658,1.0628811047370823,0.3533896960385691,1.16711109936464
23.7732195854187,1.0836534257150838,0.34685590433519553,1.1563021989497206
23.775014877319336,1.0964592763560648,0.34368436432643934,1.1481920082041643
23.78189444541931,1.2127288167290589,0.3082672027755946,1.062693937810755
23.783239364624023,1.2240519859908507,0.3022998548463188,1.0570345828181558
23.78483819961548,1.2344976286435148,0.29597174132259413,1.0514554783447698
23.787184476852417,1.2502768572266074,0.28444776856141907,1.0423862639994086
23.788250207901,1.2686292024239467,0.2769646238252772,1.0292478939728011
23.78977084159851,1.2772547659534357,0.2692468241504827,1.0191586591720614
23.794417142868042,1.3284729799985664,0.24515634916759857,0.9617847483341936
23.79530429840088,1.331942678184399,0.24206183444608545,0.9599823957420418
23.79643750190735,1.3347605447358761,0.23989469339604244,0.9559011792007456
23.79827380180359,1.339025815081058,0.23882574456883487,0.9467686098052895
23.799877166748047,1.3442763553154362,0.2372844184807047,0.9417448030788591
23.805139303207397,1.3837163082293666,0.22248376141554704,0.8735843818550864
23.806923627853394,1.4077815414827177,0.21427129546298768,0.8341402047392078
23.80825638771057,1.4116853146386266,0.21149700411759656,0.8266570355030043
23.8099148273468,1.4167873418212242,0.20901615723120903,0.821424872379724
23.81202244758606,1.4259121657166907,0.20563177374417266,0.8195708729755397
23.81314730644226,1.4407461259132375,0.19629501738330934,0.7903294624978418
23.819358348846436,1.5008978998287825,0.16332996515853998,0.6685193700472276
23.82052230834961,1.5031663753586229,0.16154597838911583,0.6611323835805368
23.821536779403687,1.505171166969361,0.1593812642112635,0.6586149228255034
23.82323122024536,1.5089287336032609,0.15932032159782608,0.6604447933016304
23.824939250946045,1.5045214617282734,0.15734548340251572,0.6568083323564894
23.831838846206665,1.5424788165498609,0.1328024665460536,0.47371857119695415
23.83318853378296,1.5340194876288866,0.13098282900071645,0.46984619260796673
23.834784507751465,1.5256301894790945,0.12955340442478122,0.4615515596095291
23.837172031402588,1.5156112209957362,0.12427853405073906,0.4441194385028425
23.838366508483887,1.5231223915784535,0.11843384711640136,0.40132740644769754
23.839850902557373,1.5166573653850326,0.11675673243343998,0.3819655907416887
23.84449076652527,1.5055590985349272,0.09251937470358634,0.24058060587354171
23.845494747161865,1.50101567049039,0.09119002430880666,0.23679287988052208
23.848180294036865,1.4850414351497563,0.08242612246087704,0.2253409932396102
23.8499493598938,1.475205624236229,0.0734586075568649,0.21905530765332967
23.851936101913452,1.477644262290486,0.0590636430524903,0.15911711773963613
23.857025384902954,1.4641912290281953,0.035752921368970944,0.05399105516774009
23.85820722579956,1.4586453797120367,0.03421012659710892,0.05567956530714183
23.859958171844482,1.4525723286563286,0.033838290245878734,0.05708621813397597
23.861464500427246,1.4414039450379132,0.03358896117369581,0.05674377168714181
23.86317753791809,1.4329937526182812,0.027326573264731244,0.02083179836030468
23.86692523956299,1.4122203922429188,0.018136118617273614,-0.02873257093428213
23.869388818740845,1.3947880633996101,0.011140474614035088,-0.06671154217348928
23.87059760093689,1.387918149509759,0.01112873490815155,-0.06529329890958668
23.871651649475098,1.3819749575884042,0.010933302344431687,-0.06590934127654995
23.873106002807617,1.3753464908470225,0.011526874546787913,-0.06752064052713407
23.874968767166138,1.36387880137176,0.008719549740083059,-0.06899620916454247
23.881583213806152,1.3420046646823698,-0.01139571278872234,-0.15638811383369022
23.883278608322144,1.3449602756622763,-0.01629390093657838,-0.15757797335504653
23.884965658187866,1.3433109069208362,-0.02381128543470383,-0.16005988101059235
23.887129545211792,1.3519395526911109,-0.024863937739951016,-0.15299021671906066
23.888210773468018,1.3501632857727992,-0.030287904238294194,-0.16732579339317102
23.889836311340332,1.3549942290667139,-0.03172203335982967,-0.16949804612775018
23.89444613456726,1.355924636751225,-0.04127982899237888,-0.19854996006859008
23.89532780647278,1.356891941728184,-0.04157691018514151,-0.1967268440212264
23.899502754211426,1.3505904400883044,-0.04171625603764706,-0.19159827385453287
23.90043807029724,1.34715754011448,-0.04280082723783464,-0.19291985663259872
23.901572942733765,1.344330561259281,-0.04643646961618104,-0.202858252958586
23.906989574432373,1.3422809375415414,-0.06032817722222222,-0.21872469206506506
23.908355951309204,1.3439470661873303,-0.06760099815873016,-0.21344647220735022
23.909780502319336,1.351326595672457,-0.07110410127487493,-0.20761284815008338
23.911858081817627,1.3657952029105294,-0.07620117772256729,-0.19564903093907127
23.913247108459473,1.3728372128000852,-0.07619752103497796,-0.18792743110223234
23.91932201385498,1.4102078596629053,-0.0707196563063848,-0.15354955922268246
23.92045569419861,1.4140716698440208,-0.07263111936221836,-0.1475274032166378
23.92142939567566,1.4191666291259388,-0.07180231332235702,-0.14272493241767764
23.923149585723877,1.4217562231131806,-0.07402509129656161,-0.13748567948710602
23.924900770187378,1.4293632770774618,-0.07563303734157496,-0.12909886822166644
23.927831649780273,1.4351983671069681,-0.075204789540167,-0.10715291251108551
23.928585290908813,1.4378297193944718,-0.07279679289375181,-0.1006504488093867
23.93187403678894,1.4488624652952744,-0.07523644622644556,-0.08154039416231287
23.933249950408936,1.4508685083001145,-0.0757051964467354,-0.07680665160252005
23.934831619262695,1.456590877588936,-0.07792465323305492,-0.06911603522511298
23.937129974365234,1.459433712043472,-0.0800639879019019,-0.05920072167610468
23.938267707824707,1.463704634983555,-0.07784784053053054,-0.0460765772968683
23.93975281715393,1.4681529647893492,-0.07697840699471635,-0.038495464721357064
23.943291902542114,1.478135362242524,-0.07048304667148377,0.009949641026327087
23.94480323791504,1.4857604602887555,-0.0727477236486641,0.020146838647092442
23.946457147598267,1.4896564255426479,-0.0785027975264216,0.024945713022831707
23.9482479095459,1.493921011408338,-0.08033814866304968,0.027404806672758426
23.949958562850952,1.4970569278244885,-0.08232167920011443,0.03367891720998427
23.956936836242676,1.492505414326171,-0.07007452127089508,0.11756544307172495
23.958388805389404,1.4935127539547732,-0.06722623197954355,0.12028079101600334
23.959890127182007,1.4955104435582398,-0.06506641313229795,0.12233140123842393
23.962007522583008,1.497321125500141,-0.06643745159277041,0.12713074159361762
23.96317458152771,1.495063314698814,-0.06167127262072861,0.15012415531361198
23.969413995742798,1.482276936160359,-0.0434743803195963,0.23973623991084944
23.970508337020874,1.4808756901608382,-0.04369461088549506,0.242021090910875
23.97145915031433,1.4799311261525747,-0.04353689392990999,0.24285594519802273
23.973090887069702,1.4817659288193927,-0.04056035981738757,0.2447137307450587
23.974900007247925,1.4814261660364965,-0.04529235997080292,0.24990250262773725
23.981881141662598,1.475452560099438,-0.038343405029831384,0.37734750047989624
23.983123779296875,1.4779640279440378,-0.039511135145645,0.381236543708997
23.984967708587646,1.4831556191208577,-0.042227545116959066,0.3883585906140351
23.987165927886963,1.481371040365918,-0.046931469257595775,0.3945624394372523
23.9881591796875,1.4791002505628943,-0.04147664167062968,0.42393065613151326
23.99448299407959,1.467578791662285,-0.025273521489302196,0.5380040417624108
23.99537682533264,1.4697470486795192,-0.024272970963348486,0.5442864996535698
23.996493101119995,1.4768083832838292,-0.025778567901627327,0.5520372517221815
23.99832558631897,1.4893811604822502,-0.025482558257371887,0.566573867321357
23.999884843826294,1.4995382321501607,-0.02639738498966336,0.5755092637703589
24.005295753479004,1.5119541457856247,-0.017255009959106768,0.7044840996643406
24.00692367553711,1.5096455657198968,-0.009147196004730504,0.7580423825412843
24.008286476135254,1.5228688839705624,-0.01117397255887522,0.770588876561072
24.009952783584595,1.5352496603860013,-0.01115173584005544,0.7843675363489951
24.01201033592224,1.5524881505456407,-0.010904733636922176,0.8043664339287595
24.01315712928772,1.5461560501097134,-0.004953152329139848,0.8408942093047104
24.01939558982849,1.5469366397821864,0.028473237367230855,1.0058993422787181
24.02047085762024,1.5510995646181016,0.032072839625607065,1.021375194199117
24.021469354629517,1.5557095048476821,0.031188649589403976,1.0364901663245032
24.02315330505371,1.5710165277094188,0.031081935524048095,1.063223357766533
24.025007247924805,1.5893447226561976,0.035302973163316584,1.0926180499751534
24.031931161880493,1.5844302431416286,0.07939015006307339,1.359062434305046
24.033270120620728,1.60211325040539,0.08514555985665137,1.3938381714885322
24.034860610961914,1.6213287322806693,0.09179915641163855,1.4369981939263654
24.037097930908203,1.6430385837681987,0.10008751568898087,1.4990329385843564
24.038246870040894,1.63480074882672,0.11306425934570369,1.5603712726203254
24.039779901504517,1.6436697206524726,0.12235520576703297,1.6161686315035715
24.044349670410156,1.605210374570358,0.16533150256702747,1.8548586831078269
24.045263528823853,1.6095027760566194,0.17204760367721342,1.892223230408271
24.04662561416626,1.6106060291227131,0.18215168048728245,1.9485941892735386
24.048192024230957,1.6099509401104752,0.193246325428735,2.0119308367939324
24.049930334091187,1.6052907282823792,0.2052918792525014,2.0744465656874653
24.052599668502808,1.5299757539359269,0.23702325954905606,2.2099152054696796
24.05353856086731,1.5003339232951944,0.24847658053961671,2.260076226166476
24.05687403678894,1.4380415249658314,0.2849864216326879,2.3955645884447607
24.058189630508423,1.4250700519473996,0.29811448148872843,2.441768154354354
24.05984854698181,1.408415765638532,0.3129111613641496,2.497853603392237
24.062010765075684,1.387391194528635,0.3378090107946031,2.5835221639028276
24.063125610351562,1.3507223132775943,0.3536259710765035,2.644361998574279
24.068031549453735,1.226156471867324,0.4488615896956338,3.002422827141549
24.068886041641235,1.201949936019834,0.46943059865944575,3.0783831764494303
24.071613550186157,1.192797661747409,0.5236144076014214,3.2993120339967428
24.073322772979736,1.1720816352575518,0.5589976346047244,3.4363494629985682
24.074957609176636,1.1530087285684578,0.5838497678801117,3.5441278476750875
24.08177924156189,0.8494507543589893,0.6980456324125762,3.9525212881068836
24.08311176300049,0.8049549464378314,0.7176304547678255,4.0053581224071895
24.08484649658203,0.7639524672325582,0.7360377124119601,4.079601420651163
24.087075233459473,0.6783422911491003,0.7642494967827763,4.180015217142674
24.088378429412842,0.5765151966726649,0.7873676549481576,4.262017839215511
24.094335556030273,0.06196852607715092,0.9203984199385049,4.779519663943441
24.095210790634155,0.022984819998025388,0.9385178328662905,4.86231227215684
24.096554040908813,-0.049686515480258334,0.9678496795134303,4.997863261166006
24.0981228351593,-0.11784011694476328,0.9868903948063128,5.144796759732424
24.099891185760498,-0.1997725418378688,1.0125462001409338,5.317224173364366
24.106975555419922,-1.1573531311735585,1.1218292050841323,5.873172275501359
24.108340740203857,-1.2341039214803262,1.1224435215625985,6.00055770365875
24.109755516052246,-1.3073531143176158,1.1292792721991045,6.14222897789688
24.112014055252075,-1.4533501317381632,1.1489437031015401,6.392162533674273
24.11313557624817,-1.6955668467638334,1.170760809483742,6.485838664549344
24.11535406112671,-1.929089249255016,1.192349692063245,6.7385812602246284
24.119356393814087,-2.795915748585818,1.2725474315167642,6.986708088900128
24.120404958724976,-2.8795238876871876,1.2779794279604342,7.093282751879589
24.121640920639038,-2.9676657373566635,1.2797860686209113,7.209198885990716
24.123231649398804,-3.0805276494561658,1.2774435410816327,7.345166056050014
24.124783277511597,-3.1810303466162773,1.2721362463473276,7.462517219883937
24.130457639694214,-4.155410915417338,1.3100587237762096,7.467166165222783
24.13185167312622,-4.482009477099078,1.3258713138640552,7.389778866130184
24.13324522972107,-4.575618589635401,1.3259265516173184,7.440907129763452
24.134834051132202,-4.65116714490406,1.3251235611813126,7.51548098648401
24.137171745300293,-4.807196268608187,1.326077281994152,7.580405462777778
24.138178825378418,-5.031347055018114,1.3415841288302668,7.498263418159891
24.144434928894043,-5.957304835269058,1.4011903806490857,7.206477370534599
24.145321369171143,-6.000289995215442,1.3998491681360836,7.22320824228864
24.149543285369873,-6.171591864378235,1.3872106984627484,7.296004480026169
24.150511741638184,-6.247362209576095,1.3865777707133076,7.276714825127086
24.151646375656128,-6.459942152310084,1.398834050847668,7.140414261043645
24.156972408294678,-7.1224072885508285,1.4265138405762066,6.7297629607802545
24.158329010009766,-7.175125856373918,1.4223152123629164,6.740097782817808
24.159987211227417,-7.225291208362418,1.4206668271591512,6.746983482474661
24.162044525146484,-7.30459491435,1.4148580729975073,6.738213994116422
24.163143157958984,-7.45209215595,1.4248669672332843,6.597631277457185
24.169429540634155,-7.931972745518868,1.4389650927469477,6.123956599508879
24.170631170272827,-7.9496004856672435,1.4334426834837732,6.106419112447858
24.17158579826355,-7.96274755989312,1.4301896965476706,6.090236759617627
24.173269987106323,-7.984121933194441,1.4242316246579372,6.056931219281346
24.17494010925293,-8.004000517777701,1.4193412405333519,6.027931241185319
24.177467346191406,-8.173353203580756,1.422463410886598,5.78226894966323
24.178295135498047,-8.22700537479496,1.4238757274226805,5.702936136911799
24.181907653808594,-8.336108647036491,1.4317486099193644,5.49830813700412
24.183184385299683,-8.346170624661838,1.4311612194419905,5.483504607759931
24.184802293777466,-8.358109845600946,1.4319570108529658,5.450871048869953
24.187106370925903,-8.379014356274507,1.436780463565084,5.414391701808766
24.188130140304565,-8.406067959587583,1.4412172878391527,5.357012559398539
24.19301438331604,-8.452409871762136,1.4558759293786407,5.220127796223301
24.193777799606323,-8.453131905415809,1.4576394778755914,5.2062289452958534
24.19660520553589,-8.45397699770183,1.4685690340513426,5.147518708828415
24.198210954666138,-8.438795612296593,1.4701278998496994,5.115298960965932
24.199931621551514,-8.422946230256773,1.4763771242225927,5.089292882689038
24.206969499588013,-8.225353201667048,1.45600476056523,5.161430971977803
24.208312034606934,-8.198868978152657,1.45011847620063,5.1374799678768435
24.209949731826782,-8.164044379593584,1.4417424834467298,5.109909155366927
24.211453199386597,-8.127327198038753,1.4328275664867622,5.083693082444165
24.21329092979431,-8.02579003520075,1.410155201150274,5.143227539477935
24.219359397888184,-7.612266998124163,1.325011386844797,5.296447395068645
24.22047257423401,-7.563187614059673,1.3157619100658613,5.2728025302494475
24.221577644348145,-7.518038984615883,1.3053188125316044,5.243584769364668
24.2232563495636,-7.449548141546717,1.2873814391851481,5.194267481200172
24.225398302078247,-7.352510756315466,1.2625502137192695,5.146191996194191
24.226624488830566,-7.215293548130409,1.2447647910685733,5.231967913496032
24.231940984725952,-6.728085620194338,1.1769440273166023,5.451704133640068
24.23313879966736,-6.680677944916774,1.1664893613500644,5.432909648508079
24.234753131866455,-6.617221191159197,1.1504115123617984,5.40476759096423
24.237072467803955,-6.522171935482927,1.12972665628204,5.3751873477308205
24.238335609436035,-6.373358816965854,1.1090072754731706,5.476677079370732
24.244369745254517,-5.8459158407261045,1.0234069502135432,5.696383856071036
24.245300769805908,-5.810702242947523,1.0127516197081647,5.681451352230426
24.246440172195435,-5.769096683149756,1.0000853661120725,5.663636103318493
24.24831509590149,-5.70096754583546,0.9778790790906291,5.63102809100264
24.249932765960693,-5.642244628957234,0.9589469080224938,5.605467672271313
24.255396842956543,-5.147948634589646,0.8815398108180754,5.783224068253875
24.25688123703003,-4.95521972163615,0.8572421602114654,5.8666733642322315
24.258187532424927,-4.901682982433314,0.8429999428139668,5.836449588311391
24.2598295211792,-4.8381173432531455,0.8247218458618955,5.797948231372519
24.261935710906982,-4.7463810215351625,0.7970065504562607,5.743152340592624
24.26328206062317,-4.573236841888222,0.7735355746878216,5.805849579528731
24.26939082145691,-3.9875032677957716,0.6749269704064432,5.8687891694930245
24.270496606826782,-3.9353188942168553,0.6601002288199799,5.8295032743213415
24.271451234817505,-3.891393160566289,0.6459406093600402,5.794025807357317
24.273303985595703,-3.802061757633234,0.6208942864374558,5.725347692829863
24.274860858917236,-3.7197302909077146,0.601901100741168,5.66061484387455
24.282047986984253,-2.902768349849235,0.491775374707338,5.565509352537978
24.28317356109619,-2.839639307348734,0.4792128450298956,5.503592129488056
24.284969091415405,-2.739630266367574,0.45817638228234314,5.404803456840367
24.287096977233887,-2.5964020976017133,0.4366301566002855,5.284824155547467
24.288186073303223,-2.4489280813276233,0.42069533255460384,5.262363579952892
24.294334173202515,-1.816659454290865,0.36235932992902953,5.000046382426821
24.295308351516724,-1.7641593789693952,0.3567887385507435,4.9377617081989325
24.296448469161987,-1.6982024037697414,0.3504313156577162,4.85922661499668
24.298254013061523,-1.6013909755753228,0.3411513366707317,4.7353439088149205
24.299973249435425,-1.5073822246112276,0.3347373657324396,4.6231337114333195
24.30699396133423,-0.8324278516341254,0.29897958694302895,4.243963205485256
24.308135986328125,-0.782799910901231,0.29759995038133413,4.168719002983109
24.309850931167603,-0.7065178140485048,0.2972218862747174,4.06280020641594
24.312012434005737,-0.6056074451299929,0.2997822148118826,3.9168107008465283
24.313112497329712,-0.5015091125020759,0.3032338679540444,3.8550944287068005
24.317567110061646,-0.19426256808616263,0.3202905866119829,3.5850797932159773
24.320109128952026,-0.056438360824232314,0.3350022100590524,3.4274711162178684
24.32147455215454,-0.009986814660207101,0.34637359099896453,3.34219607204142
24.323171615600586,0.04686249297478149,0.3609959795636911,3.2395110814537897
24.324881553649902,0.10536472886878395,0.3719428909055579,3.1439465071441703
24.33188772201538,0.4918203743555784,0.419218991220932,2.754081419852124
24.33330750465393,0.530306452593133,0.4330532012944206,2.6904218952472103
24.334895610809326,0.5713872841564356,0.4422027878537482,2.6186089775364922
24.33711314201355,0.6198226399533177,0.4654086848743394,2.524395988254551
24.338112592697144,0.6735610737994715,0.47133570025895477,2.4813826867160893
24.34444808959961,0.8966970116920115,0.5133875822611027,2.246502606067235
24.345333099365234,0.9116078120446928,0.5207378627877095,2.223309946463687
24.346434354782104,0.9388222320870332,0.5222243842444869,2.1871974941924437
24.348273277282715,0.9709752418588598,0.5342256671486864,2.1426418210894353
24.349980115890503,0.990106790929506,0.54356716117729,2.103200013181933
24.357001304626465,1.2038625302712156,0.5536661311066513,1.9155873739836582
24.358108043670654,1.2153399218509175,0.5555540596559633,1.9028015685607798
24.35980772972107,1.2418483075973303,0.5576438809339545,1.8762674086514182
24.36207604408264,1.2746318780144348,0.5577971091550665,1.8288057193597256
24.36318564414978,1.3012251812186653,0.5572294568440761,1.7923724460631698
24.36947512626648,1.4461798661315608,0.5313687098655612,1.6176892843245168
24.37052035331726,1.4527416468900343,0.5295115556698168,1.600232227272623
24.37147092819214,1.4579499362353951,0.530148530869559,1.5827728779684995
24.37312602996826,1.4626034456300485,0.5253105774097517,1.552411052205757
24.374898433685303,1.4706426734118994,0.5177118918283753,1.529010532839817
24.379642963409424,1.5774342960167833,0.49235048802545456,1.3655669898883915
24.380486488342285,1.5834720632453367,0.48741183635141677,1.3491584498611704
24.383182525634766,1.6320570066758864,0.4665736763407386,1.2601349155955568
24.38486957550049,1.631635038936117,0.46033297491356995,1.2415702519302714
24.387065649032593,1.6484478555466229,0.43860219378809084,1.2220013917612451
24.388314723968506,1.6905285254620877,0.4280050852764529,1.1614313609475937
24.394317626953125,1.8001789293288062,0.3688486715596855,0.9723337431758399
24.39526891708374,1.8048736525258633,0.3616426870363949,0.9648773420078808
24.396438360214233,1.8066252533977647,0.3548139817397908,0.9573726997389311
24.398296356201172,1.8105399675969773,0.34705225502518894,0.9496287083753149
24.399953603744507,1.812478590443472,0.33757679476011476,0.9406346110381636
24.40700674057007,1.9125074425146826,0.2797999492091391,0.7039737703300387
24.40836000442505,1.9120606199242227,0.27493059328649194,0.7007679060137516
24.410003900527954,1.9084774598842282,0.26932507494630875,0.6954627740889262
24.412055253982544,1.906397084203259,0.2670172127602916,0.6834017715694682
24.41315197944641,1.922588307016295,0.251326034801458,0.6283560911806746
24.419357776641846,1.9298491055425666,0.19034792198856418,0.4265750860232952
24.4204421043396,1.9207651670098413,0.18153767067714452,0.41615114949647475
24.421677589416504,1.918661835987221,0.1719377492699765,0.4097693155493537
24.423267602920532,1.908889770399628,0.16421110485648877,0.4000881161310631
24.4248263835907,1.9012322434628857,0.1564126373498749,0.3941837879195163
24.431984424591064,1.8719888155782392,0.09899656977852542,0.2169833498531138
24.433133602142334,1.8591580231916964,0.09525057618654259,0.21330818024395132
24.434959650039673,1.833577373564538,0.08692633130706522,0.2062088655129076
24.437108039855957,1.8118547481282674,0.07691636728781603,0.1934946006574775
24.4383647441864,1.8013954646566204,0.0626993645012141,0.15766819338465934
24.44127869606018,1.7620383732547442,0.0407088289838988,0.11653437047786083
24.442144870758057,1.750720938589631,0.030759650559753958,0.09382582263137082
24.444445610046387,1.7148005514489597,0.013151961560675884,0.05793623378187404
24.445380210876465,1.6978527238085703,0.008180278262111618,0.05533964153939037
24.44814109802246,1.669182701359422,-0.0052087097800829875,0.04448784996794964
24.449803113937378,1.6489937852971293,-0.016306334586904257,0.03738227455734691
24.457143306732178,1.584011160388275,-0.05791322553658878,-0.02888284661746187
24.458259105682373,1.5730349573884148,-0.0594846538953407,-0.027439560679306002
24.459961652755737,1.555840187578646,-0.06267847735236867,-0.027495157446686704
24.461438417434692,1.5373876672796236,-0.06775658403498971,-0.029050542439576596
24.463144779205322,1.5176848429742857,-0.07568113325328571,-0.040869591644999995
24.469783782958984,1.4612824072636401,-0.10045529984364868,-0.07241156320499083
24.471452713012695,1.4550774164439508,-0.10686588057396713,-0.06910220656049164
24.47315239906311,1.4481161670137477,-0.10808431173421165,-0.06452514417356438
24.474929332733154,1.44573592434426,-0.11461032207543659,-0.0598565487386201
24.481794834136963,1.442861819616958,-0.14349406788319005,-0.03738274499881411
24.48313045501709,1.441012403135654,-0.14740651860421142,-0.02841485268285346
24.48482060432434,1.4401102333752396,-0.15253662759326211,-0.023591879459874007
24.48705244064331,1.4384567996794555,-0.15680131842912987,-0.015605287653105544
24.48835253715515,1.435552858096279,-0.1631131710608079,-0.004806573671492688
24.494349241256714,1.416158803769983,-0.1778023544702381,0.03128369596258503
24.49522638320923,1.412415586553855,-0.1800610925793651,0.033794630147392285
24.496585607528687,1.4045763204217472,-0.1807901830481997,0.03772980471209296
24.498181343078613,1.3972982573139134,-0.18256947228270826,0.04311719618594331
24.499975204467773,1.3874947434129319,-0.18595760092271402,0.04984130399236853
24.50383162498474,1.3585154264143222,-0.18928785697527706,0.08375868568627451
24.50496482849121,1.3506729115822678,-0.19249484816552997,0.0854980817614379
24.50686526298523,1.3390114557199313,-0.1910927160486827,0.10729669753722795
24.508183240890503,1.328996590406116,-0.1943460049785653,0.11106639016461847
24.50985884666443,1.3160711455070813,-0.1953388831696751,0.11404367467703416
24.512028455734253,1.3000938343962372,-0.1954685426085021,0.11822035342165733
24.51313281059265,1.288813092995117,-0.19402316036981188,0.1293135510433721
24.519073009490967,1.2280685548847992,-0.1925104406801913,0.1685837043208231
24.51997399330139,1.2195486474253006,-0.19411862504231273,0.16738040906086077
24.52154231071472,1.2038591501307152,-0.19699819815511924,0.1642565680805049
24.52312684059143,1.190153768085781,-0.19888467155005113,0.16620018786102586
24.524843215942383,1.175592495600724,-0.20427099049825978,0.1648752251084505
24.531869649887085,1.1129290064812802,-0.20535272545784508,0.22339703651643328
24.533230304718018,1.107700758526934,-0.2117976115902579,0.22676427735286533
24.53495979309082,1.1026256832683712,-0.21665092351704385,0.22511478136672256
24.537100076675415,1.0948751964154075,-0.21884921068533333,0.22582522505333336
24.538334846496582,1.0881792266506667,-0.219044472796,0.24431750056
24.54443120956421,1.0730753428584987,-0.21648902291113029,0.3031024486013805
24.545300006866455,1.0731031083549314,-0.2178475764059633,0.3052961274713303
24.546446800231934,1.0753884637419724,-0.21790133036238532,0.3078754099885321
24.54824924468994,1.080764107532341,-0.2179726669124213,0.3127515357550086
24.549996852874756,1.0926730841192533,-0.2134786139426024,0.3230123519094455
24.551629543304443,1.0970686102942555,-0.2099217623423212,0.35302661443376315
24.55689764022827,1.1303360647990868,-0.19374495159589042,0.4668471549908676
24.558277130126953,1.1414282007167382,-0.19303237096566525,0.48181442393991414
24.55995750427246,1.158375708306859,-0.19182816599638988,0.5005880221444043
24.561991214752197,1.1775259156462468,-0.1885045254918033,0.5153450975533506
24.56310200691223,1.1794117132286452,-0.18305479390163934,0.5431946874472247
24.56551170349121,1.1926831150304493,-0.172449865544869,0.5754992233850095
24.569373607635498,1.2094692989565217,-0.14715013017391304,0.6764728700434782
24.570491552352905,1.227435945021627,-0.14208541048066456,0.6938751618202521
24.57145595550537,1.2433032767181325,-0.1365536093778287,0.7117958066605558
24.573105335235596,1.2648190865868194,-0.12990234455845273,0.7407575845212034
24.574870347976685,1.2875905000515464,-0.12086062364948454,0.7715148778247423
24.580629348754883,1.3241305798589726,-0.07172022987676106,0.9653917443769745
24.581459283828735,1.3226894478404725,-0.06577625023395475,0.9994755518986765
24.583279132843018,1.3349305789172652,-0.05532158380407929,1.054025329386096
24.58478355407715,1.3484288173150856,-0.04555316418010865,1.096724074813623
24.587064743041992,1.3681757296270651,-0.03617210692371786,1.161567175736963
24.588305234909058,1.3564456666591007,-0.02465238986208878,1.224766793908634
24.594348430633545,1.2978622216227884,0.017638176782731777,1.4259958449278132
24.595230102539062,1.2938990276527955,0.021354776178627036,1.4401353324352442
24.596715688705444,1.287753042394953,0.028202029887764084,1.46899610492723
24.59826159477234,1.2879041129314737,0.037620667711158795,1.4951159138659513
24.59995460510254,1.280051447922472,0.044513389338943304,1.5200031834923438
24.606982707977295,1.13744960225,0.11269516755434782,1.687291417826087
24.60835337638855,1.1257174439671054,0.12204962429090388,1.7053702928638443
24.609976768493652,1.117523734585518,0.13997424344791232,1.7368737561427383
24.61197280883789,1.1067833808383372,0.16281539405254042,1.7722554187593822
24.61325693130493,1.0724036472744145,0.178954356369863,1.8086389934523495
24.619380474090576,0.9432218303828729,0.25092731380428174,1.9383541654140883
24.620454788208008,0.9364762617331939,0.26008174847991633,1.9493395961069735
24.621445655822754,0.9261285514966527,0.2694393372179916,1.955084242467364
24.62313413619995,0.9047144874284243,0.2911099794122407,1.9711476029980874
24.62497329711914,0.8851668460583438,0.3150225865700829,1.994040299812456
24.627568006515503,0.8121712544967518,0.35494346772498914,2.0486720906634908
24.62843680381775,0.7894455881650064,0.36851461697055,2.064190322694673
24.63201594352722,0.6854227708849507,0.42617326024153207,2.11143615402987
24.633148193359375,0.6714781512599686,0.4377511369511219,2.1111846898306417
24.63497018814087,0.6400066377081327,0.4570942568006055,2.1133414213642494
24.63707160949707,0.5720629773562693,0.48020826360763225,2.0992530643601
24.63831329345703,0.5200202152852512,0.5012950489124798,2.0892179266969206
24.642649173736572,0.34729100821820236,0.5514902279344263,2.038949388374788
24.6434645652771,0.3099295347953646,0.5611319367868852,2.0282006439853024
24.64489459991455,0.2687021302068267,0.574938986791727,2.0074992161206247
24.646595239639282,0.21992237849606522,0.5939500176607526,1.9895681518746602
24.64820098876953,0.18525486124174562,0.6119445762510767,1.9847570751510193
24.64979648590088,0.14965642758004447,0.6305599598891051,1.988442239968038
24.657135725021362,-0.17291664011735278,0.752223475705546,2.089170714408805
24.658202409744263,-0.19656708983633506,0.7655736256700971,2.1051083404968556
24.659970998764038,-0.24679427485249789,0.7795289999814401,2.1187238678063074
24.66144037246704,-0.28775497176626047,0.7876681474470709,2.1312084901736896
24.663177251815796,-0.3775572071227312,0.8049576389870354,2.1419196769334485
24.669384002685547,-0.7158065473589371,0.8698217831498476,2.2285651324849716
24.670426845550537,-0.7489687530648952,0.8805441945065735,2.264234437686154
24.671684980392456,-0.7994235663674126,0.8983992096288113,2.314972516658462
24.67331314086914,-0.8604112309354081,0.9195033746858485,2.390362645654727
24.674921989440918,-0.9026225628284763,0.9338268701515404,2.4673410924396335
24.6818585395813,-1.4739881182637458,1.040520430445017,2.732068264487113
24.68320655822754,-1.5413743980382857,1.0573415220582856,2.8192897251005715
24.684780836105347,-1.620589062190263,1.0800855110468663,2.9197579664338273
24.687106609344482,-1.73465332663147,1.108821367679089,3.0633470343871636
24.688165187835693,-1.8627204331798284,1.123691701166223,3.0824949966409347
24.689881801605225,-1.9694484502564211,1.1430060178644814,3.1650054427083862
24.694472074508667,-2.4375769440844715,1.198017913548648,3.2110616923615836
24.69535803794861,-2.476566490221554,1.2043931746749679,3.254633962669386
24.699530839920044,-2.6853842512955874,1.23614889849693,3.458703186739112
24.700453281402588,-2.75799609794256,1.244012639526796,3.4873371891727483
24.70162796974182,-2.9091334332063856,1.2707911541915622,3.4568350844264537
24.705526113510132,-3.2909338063330487,1.3310824605686191,3.4441431784271055
24.706494092941284,-3.4004738236965943,1.3445365402949978,3.4190253858205786
24.708096981048584,-3.496267537617765,1.3627518634757878,3.455282646860315
24.709808588027954,-3.5631873534155085,1.3780191316217343,3.5178846103296277
24.712097644805908,-3.6746801723655174,1.3999705339172415,3.579377314618391
24.71332812309265,-3.8168550355362068,1.4152305675943966,3.518524403341523
24.71939253807068,-4.289509600197526,1.480629694630546,3.4097060144232083
24.72051763534546,-4.337027122465283,1.491609542973801,3.439110024725841
24.72156834602356,-4.38172858215748,1.501881865015748,3.477362456645669
24.723248958587646,-4.447149494992409,1.5168514853092239,3.540803159588943
24.724844694137573,-4.506345966039521,1.5283724936906835,3.6030789194755317
24.732002019882202,-5.040447525002288,1.6048624626742924,3.5469354476108093
24.733134031295776,-5.075466753371176,1.6061194899039177,3.604502230103803
24.734939575195312,-5.13922920419557,1.6080399100539073,3.6967970565708317
24.737172842025757,-5.241065880619902,1.6164674723723436,3.799223676194572
24.738232135772705,-5.331385959261918,1.6255234707139574,3.786236434383113
24.739818572998047,-5.413252019483389,1.6347224782944534,3.8487025120708327
24.744358777999878,-5.723753944281077,1.6669179044875138,3.875759003549112
24.745245695114136,-5.7555346417783015,1.6691216292877358,3.916486791334906
24.746619701385498,-5.803605470051433,1.6705840452567335,3.9721453914385387
24.74822163581848,-5.856659902773196,1.676810937443299,4.043260072
24.749971628189087,-5.911635730604583,1.680099791523264,4.11461538797988
24.752523183822632,-6.05451844464607,1.6951835281471477,4.107156799447334
24.75351047515869,-6.109137784783159,1.700337202288691,4.105696553362983
24.75704050064087,-6.252201167516711,1.7139673554511257,4.182269458187946
24.75836420059204,-6.291715501514194,1.7173559007555586,4.233199513188925
24.75980043411255,-6.3430020643666385,1.7266296012385425,4.293406995238827
24.76203989982605,-6.426970187213693,1.7380456303253287,4.394055011839765
24.763184070587158,-6.493759639313322,1.744982641074328,4.418882921642653
24.76745319366455,-6.673106159098491,1.7601567133228784,4.5522554467212375
24.768272161483765,-6.706629818320973,1.7634440405433094,4.57866465003796
24.76982569694519,-6.74890871855947,1.7658320933166183,4.632731603510015
24.771490573883057,-6.789571290798813,1.7676099995424333,4.693089316618398
24.7732412815094,-6.8341155695010745,1.7690387974044381,4.757841768398712
24.77488875389099,-6.864261692632824,1.7684286166620307,4.808264110863699
24.77643895149231,-6.889157196588858,1.7677631408854917,4.855969327975893
24.781988382339478,-6.895166759382369,1.750106274727681,5.050156229334644
24.783183574676514,-6.898602157586468,1.7471946421381248,5.07699815769315
24.784784078598022,-6.901764054593914,1.74112241212756,5.109028952227034
24.787153720855713,-6.896828596938439,1.72306867796063,5.160682504735862
24.788203239440918,-6.865034021661131,1.7058845177716535,5.217967939613457
24.78977370262146,-6.847229588643231,1.6900267852829254,5.25694729278625
24.79438281059265,-6.670966155667779,1.6142741159958298,5.501861335624409
24.795262813568115,-6.657828066308034,1.6051900093448708,5.51214535179469
24.796631574630737,-6.637510251828757,1.5909240446064363,5.527980144656038
24.798116445541382,-6.6141357325616,1.5764445861264158,5.542409348580338
24.79996633529663,-6.583471184396227,1.5576004944716981,5.553342680650085
24.807230710983276,-6.131336834382897,1.4247227103382036,5.9606179483107
24.808354377746582,-6.110289044914912,1.4125962437026214,5.966723303264288
24.809858798980713,-6.0850429963529,1.3936138753015719,5.980349569775351
24.81147003173828,-6.060549259534712,1.370247003803545,6.001977447525849
24.81318688392639,-5.930460094189608,1.326579674375915,6.118151375995981
24.819451570510864,-5.498823105810942,1.191371923403047,6.493120112894045
24.820773601531982,-5.478835662165035,1.177488729,6.505648632965035
24.8219575881958,-5.459304417503216,1.1626215182,6.519561312583217
24.823251247406006,-5.43355117276266,1.1492883782681638,6.524881595995597
24.8249990940094,-5.4020191586234585,1.1325536203885995,6.542609094794739
24.82644820213318,-5.258856917186289,1.1011508074873324,6.65229671423845
24.830063581466675,-4.953568552344794,1.0362472281630914,6.8467198142935075
24.832064390182495,-4.721371634940445,0.9977462828849434,6.985872168462743
24.833296298980713,-4.687671866442891,0.984234824207745,6.980162182713686
24.834880352020264,-4.6429576319920995,0.9740927702697517,6.9810229343058685
24.83713173866272,-4.552556663142529,0.9570036874643678,6.987466033170115
24.838122129440308,-4.407986789272414,0.9363225514318965,7.054070581014655
24.84434962272644,-3.732346581780488,0.847186323699187,7.2048605033577235
24.845264196395874,-3.6946307162691485,0.8441666131186707,7.182226919346313
24.846460342407227,-3.6361400472426766,0.8376383225802699,7.145036485464245
24.84812331199646,-3.5567074155611733,0.8303699158185444,7.091584517604329
24.849769353866577,-3.476499046469604,0.8251677168400725,7.032133258136224
24.857019901275635,-2.541435189741792,0.7169152210473118,6.930493371903656
24.858123779296875,-2.480265640389821,0.7115314968752688,6.868632332217635
24.859861373901367,-2.3828370116742668,0.7066821519167246,6.770823241033226
24.86157488822937,-2.286989706790451,0.7057990632979664,6.666165663559682
24.86314558982849,-2.077206462537786,0.6843773264853894,6.600715505839787
24.869591236114502,-1.3778032912411298,0.6263383162147318,6.2413784333847575
24.870832204818726,-1.3062598224158417,0.6261926689504951,6.151746856366336
24.871830463409424,-1.2475199896678146,0.6273672044601809,6.079284334490314
24.873268604278564,-1.1715253396847982,0.6251252498628685,5.970630654848268
24.874865293502808,-1.0819585128286369,0.6268591424826205,5.850626017496495
24.876912832260132,-0.8535711118830726,0.6159652439009957,5.713433204547937
24.881930828094482,-0.3835663888195832,0.6037930846968314,5.329158513387668
24.88330340385437,-0.3235596662088589,0.6110958404121273,5.21661548921789
24.884888410568237,-0.25488308657544684,0.6206694208597755,5.088259187852571
24.887116193771362,-0.15112644593067695,0.632538817024589,4.9057554591741965
24.888158559799194,-0.04641657188179529,0.6296560435291069,4.820166678989335
24.892058610916138,0.20904647233597068,0.6435486254294506,4.509975314953113
24.894312381744385,0.35741663721895023,0.6461315722479891,4.328176597185958
24.89522695541382,0.3849163867415133,0.6507906607022496,4.258928671246217
24.896600008010864,0.43146165242683454,0.6541942562551852,4.160879351348448
24.898209810256958,0.48852481017787897,0.6612195424139248,4.050661219766598
24.899810791015625,0.5395271897730163,0.6685059571636716,3.9518041377119157
24.907177209854126,0.9101805482735043,0.6880498689807691,3.475325284972222
24.90811800956726,0.9324322828558405,0.6909277829012821,3.4232488195537036
24.909929990768433,0.9686448502462728,0.6994613196997514,3.325169814171866
24.91154170036316,0.9981902121417288,0.7058726550770491,3.240036986636811
24.91324281692505,1.0656266995278618,0.7024456642717062,3.14622072127689
24.919444799423218,1.254888974952928,0.6894129308114277,2.849452666013753
24.920615911483765,1.269881554625,0.6860992939409966,2.8037139391577797
24.923272848129272,1.2936703786794397,0.6795528267410638,2.6976881694546755
24.924877643585205,1.310036321861477,0.6762604017670292,2.645908135483114
24.926453351974487,1.3497266971448345,0.665335823220605,2.5743845259600455
24.93199896812439,1.467022769499354,0.6181435550754988,2.3316695561639156
24.93311357498169,1.470549373564949,0.6145940826304004,2.29789002996182
24.934913158416748,1.4765804543574028,0.5996822026073328,2.2436237703733557
24.937139987945557,1.486447906062572,0.5830239542629458,2.1641341775663117
24.93840527534485,1.5141066869772728,0.5668153289090909,2.1120711082954546
24.93980121612549,1.5192584902444568,0.5582111469847999,2.0662932978426998
24.9443039894104,1.587844667461497,0.510649316675118,1.8826064797584625
24.94523572921753,1.5906397233465948,0.5064095440768712,1.862032831941335
24.94662594795227,1.5803779007881307,0.4939211949281899,1.8242942977210683
24.948205947875977,1.571742414151116,0.48703915455752717,1.7831816682437036
24.94999098777771,1.5673502870988256,0.4791776439054712,1.7380301529281008
24.953583002090454,1.6201617304996419,0.429242692506233,1.5825021471091847
24.954854011535645,1.616741031398577,0.42113235562960377,1.5533383559847935
24.956864833831787,1.640462830727926,0.3927574122217659,1.4673506957002052
24.95828890800476,1.6346213774259948,0.38253004645691385,1.4378807430294875
24.95985722541809,1.6273530318424667,0.3722290829377833,1.4040153268912237
24.961454153060913,1.614382330975763,0.36185939103321363,1.3700338758833035
24.963194370269775,1.6302307342012847,0.33685885334732335,1.3006607938552464
24.968448162078857,1.6808799384344537,0.25849566574957983,1.1050934817134455
24.96991777420044,1.67451330178864,0.2473400595608677,1.0799981687147138
24.971429586410522,1.6629980749647577,0.23274761600146843,1.0630413839353892
24.97312045097351,1.6487550521715513,0.2185253931452466,1.0423134081052179
24.97489047050476,1.634215522750173,0.20446912736471728,1.024035807956726
24.976431369781494,1.6420005288798416,0.18708593497139084,0.978640542465669
24.981898069381714,1.650208731604978,0.122945332831918,0.8186583109284041
24.983256816864014,1.6352769877464224,0.1168591119358901,0.8100273547567258
24.984891176223755,1.6198985361694538,0.1066208097051282,0.7983812126401896
24.987139225006104,1.5971437152165642,0.09033798355914748,0.7689661257920184
24.988123178482056,1.5965015531901017,0.07891991519954228,0.7327604854990702
24.994476556777954,1.5451911723854486,0.016437267870313802,0.5684492914515412
24.995360851287842,1.5316345590560803,0.009229328599763872,0.5620913956239669
24.99956727027893,1.472676449402706,-0.026204415822848375,0.5151832382717255
25.000484466552734,1.4632530891941151,-0.03349183904479578,0.498255301322354
25.001659631729126,1.4558727613350901,-0.04395118353886693,0.459779187465964
25.007028579711914,1.404559151558103,-0.07646624212165068,0.3336697344059321
25.008262395858765,1.388473233167216,-0.08310893040435592,0.3305589602656541
25.00986933708191,1.369923803219339,-0.09042425051625239,0.3251077754255668
25.012020349502563,1.3425411984285103,-0.1024009179085845,0.3131607596571918
25.013158798217773,1.3299153017994572,-0.10555971852278247,0.28338736196043424
25.01958680152893,1.2663295747431007,-0.13075511833603895,0.18423394987702923
25.020659685134888,1.2551653627667059,-0.13288651405136886,0.1805898368350015
25.02316117286682,1.228455153627201,-0.1407393737460272,0.1656194043773801
25.02499771118164,1.2085187297797655,-0.14559799360904407,0.156284705823984
25.03049921989441,1.159962493800264,-0.15434051691553013,0.08701809102287726
25.031998872756958,1.1507503401237114,-0.16037105672279495,0.062436547554410075
25.033150911331177,1.1415466503917524,-0.15846836193699887,0.06048460912600229
25.034757137298584,1.1282080715617673,-0.15958295593208466,0.06040136223577352
25.03709888458252,1.115051732412243,-0.1610175231780822,0.05557359797988014
25.0383083820343,1.1068739369708904,-0.16196274584931508,0.038177696803082195
25.044337272644043,1.05935753794734,-0.16178198529258464,-0.00568899448629769
25.045198440551758,1.0524218506598602,-0.1616572359153681,-0.006925834702310585
25.04667043685913,1.0352833757458433,-0.15709114762707838,-0.010452339045130642
25.04809808731079,1.02184626312103,-0.1554208802992847,-0.012581426925894135
25.04980993270874,1.0056049418707833,-0.1515389517355632,-0.012961878344482562
25.057135581970215,0.9328490184005587,-0.14510533264581008,-0.06325227775474859
25.058223009109497,0.921833516702514,-0.14611720960614524,-0.06319980459636872
25.059933185577393,0.8994425762186968,-0.14690091777847025,-0.07334918272634561
25.062050104141235,0.8762421332884643,-0.14413766468455594,-0.08047657824646347
25.06318759918213,0.8648553419832288,-0.14289412235554907,-0.08877760614846142
25.06937074661255,0.8111569908102046,-0.13943263907877768,-0.11594025884721054
25.0704288482666,0.8012695977980963,-0.13930797597317565,-0.11880115816815691
25.071648359298706,0.7922477587326219,-0.13868577686876263,-0.11928300311840208
25.073315620422363,0.7758765261987124,-0.13306287472373426,-0.1228898026055019
25.074979782104492,0.7602428566421903,-0.12762525103957087,-0.12484013990009753
25.077619314193726,0.7341702398682591,-0.1257631677934487,-0.13243755872879417
25.078457355499268,0.7248587409038765,-0.12486376119782577,-0.13518419963925046
25.081960439682007,0.6962455895032212,-0.12027423413958482,-0.13959155245297067
25.08310079574585,0.6842731584631353,-0.12074803873586257,-0.14178683783822477
25.08492684364319,0.6700860355484501,-0.11745489746411616,-0.14304016646886344
25.0870840549469,0.6475657637716895,-0.11668536075570776,-0.15052535866666666
25.08830451965332,0.6393295440468036,-0.11490944539882991,-0.15153849408333334
25.093085289001465,0.5998861477249576,-0.10657553979541597,-0.15415746654966045
25.09494400024414,0.5874294061307886,-0.10342702248638787,-0.15302648233960145
25.09673810005188,0.5768579886940146,-0.10305207475649635,-0.15366893164029197
25.098312377929688,0.5635431463674621,-0.09846302702892262,-0.1531871458692697
25.099912881851196,0.554419992903212,-0.09890364281541755,-0.1550571582359743
25.107002019882202,0.5107097532400514,-0.08770331594908001,-0.14541723872828413
25.108399629592896,0.5065952161925545,-0.08820833005006419,-0.14664590506546854
25.10982322692871,0.5005764635959737,-0.08693500988759961,-0.1488729164064029
25.112025499343872,0.48634997596782725,-0.08452873467915381,-0.14761244369501986
25.1131649017334,0.4837946460017629,-0.07993768270251213,-0.14438110603040988
25.119404792785645,0.4530179821091388,-0.060382374178338645,-0.12243748777118292
25.12045454978943,0.4447749508302806,-0.059402065865140324,-0.12300073057252585
25.121703147888184,0.4397972534977843,-0.05610750474889217,-0.12271438348005909
25.12310242652893,0.42880133585155467,-0.05076239035807422,-0.1219565396449348
25.12497878074646,0.41584670544975666,-0.04552590478184941,-0.12220937279530489
25.131980895996094,0.36734193350516375,-0.0178003270106226,-0.10474342058483328
25.133093118667603,0.354592035632635,-0.013240290887134847,-0.10325251053614636
25.134916305541992,0.34591189747982126,-0.0073547011693897504,-0.10693517800055859
25.13711404800415,0.33970172206646615,-0.002711413959891133,-0.11118843559131929
25.138335943222046,0.3367075937001862,0.0026870926294227182,-0.10434677202234638
25.144521951675415,0.31429220290320337,0.020842303291086352,-0.08376631104735376
25.145427942276,0.3113851680197878,0.024153125816461143,-0.08228248721264697
25.146583318710327,0.3142075148308001,0.02531779458388299,-0.07920788782664182
25.14819574356079,0.3124224418405179,0.027378615829042226,-0.07292202786037957
25.149760723114014,0.3131747618410227,0.030799431730467078,-0.0663588594490787
25.155755281448364,0.3269921202300885,0.04805613819354839,-0.0194121581915501
25.156705617904663,0.3248008431858407,0.05164334532258065,-0.006583969900371113
25.158106803894043,0.32808727361221485,0.05565678648859455,0.007099041542310523
25.15975832939148,0.3285218523149369,0.060139091068377296,0.02079746416341743
25.162015199661255,0.3369742390783167,0.07112344582838802,0.046115704574322396
25.163272380828857,0.3394999301049929,0.07819222728359486,0.06456713210328102
25.169407606124878,0.36127086433813943,0.12043770322334672,0.17992398484250657
25.170567274093628,0.3679657819640391,0.1284879319569908,0.20302551880911968
25.173280954360962,0.38582399404983875,0.14940495652022867,0.2576444106226913
25.174851179122925,0.38774481247280335,0.16210312463347282,0.2895946217251046
25.182024478912354,0.3608840412305381,0.2449163090699771,0.4855993411213509
25.18325901031494,0.3494167296526903,0.26046033384988554,0.5096150296067545
25.184885501861572,0.34698057639359514,0.2789911000799234,0.5445622985022581
25.18665313720703,0.3520586105533835,0.29918456418947365,0.580108903524812
25.188358545303345,0.33364409429319447,0.32066646489827366,0.6166268910923098
25.189778327941895,0.3376952477848747,0.3360038911724968,0.6457740055897182
25.194342851638794,0.298929611119041,0.39511667926707555,0.7468364362063006
25.195218324661255,0.2993048082375244,0.40530627196849733,0.7665421177418456
25.196569204330444,0.28553635007361605,0.42601958254063604,0.796303803098351
25.198164701461792,0.27996227446924177,0.4474734750314735,0.8343524976223176
25.199992418289185,0.2717084588057714,0.4713239507619312,0.8801302695457824
25.20202374458313,0.24300047979152617,0.49950536738586715,0.936188105376631
25.20695686340332,0.19304192210666854,0.5762284130486509,1.09915793766196
25.208287239074707,0.2067526568864812,0.5919764461592338,1.1575004986349784
25.20996069908142,0.22365775471306332,0.6092285066560182,1.2334695189977183
25.212034463882446,0.23809587028373355,0.6260410502710121,1.3431127616696683
25.213151693344116,0.23713082421769582,0.6331457255540309,1.4081609569243854
25.217002868652344,0.2556001945566691,0.6586435874129698,1.6657394377444361
25.219588041305542,0.2357822618828125,0.6856891628108259,1.8491392867371652
25.220661401748657,0.24181295777326864,0.6945315439156007,1.922817533427437
25.223174810409546,0.24732802656083977,0.7202777647552128,2.0845696233627535
25.22479009628296,0.2443550011492037,0.7330717225238894,2.183797534335289
25.232003211975098,0.07452127587527675,0.7881440547127675,2.5737473436881184
25.233153104782104,0.0634410082199262,0.7937649326792621,2.625964756624502
25.23502230644226,0.044245199496357523,0.800106063886943,2.713599053048613
25.237122774124146,0.0010245274210451197,0.8093787977057395,2.7965951087420047
25.238343238830566,-0.10787206409308965,0.8173874447018846,2.8423335089525983
25.24447274208069,-0.31482687212546123,0.8624564288776821,3.0280271070538474
25.24535083770752,-0.341045369357194,0.8706533601052254,3.0511927148797424
25.249581575393677,-0.4611159811826281,0.891815882395323,3.1407505204743873
25.2505464553833,-0.5056620398629815,0.8981294086508379,3.1528410324963243
25.251469135284424,-0.5817939065198471,0.9063241120307263,3.15412114679506
25.25691318511963,-0.9623074053825714,0.9409234944225714,3.1448242553717143
25.25810718536377,-0.9965620834819667,0.9399147547703518,3.148727748234801
25.259947299957275,-1.0496813356188752,0.9415033031103841,3.1536696526145604
25.262087106704712,-1.1279320681973553,0.9401138495458553,3.1526831661797243
25.263195991516113,-1.2263624628180008,0.9453363055427272,3.1210057289380067
25.26970362663269,-1.6320396809461883,0.9740014116251401,3.0182258323586044
25.27092671394348,-1.6593295068636686,0.9774045251750603,3.0332223677647896
25.2719087600708,-1.682827569766066,0.9798542684325436,3.047101486394524
25.2750084400177,-1.7472085740578052,1.0009711732658475,3.0964231907655684
25.280028820037842,-2.108772624554337,1.0582333935084747,3.0433281517896313
25.28209352493286,-2.2874035040265084,1.0806332453371543,2.992708492492334
25.283283233642578,-2.3161098636281703,1.0908483795139705,3.0278074081750965
25.28488564491272,-2.3588858012579976,1.105740807285833,3.0715851175704194
25.28709363937378,-2.435338913598448,1.1281245669925266,3.1294442732379992
25.28828001022339,-2.562469754269905,1.148878230077321,3.0913354156145445
25.29428768157959,-3.0028370784848923,1.218388757915108,3.019904078958273
25.295166015625,-3.026057983003453,1.2245124606765467,3.038294584695252
25.296518325805664,-3.0648941764351934,1.2293529742824034,3.0625855321570814
25.298264980316162,-3.1163238126494046,1.233358318075312,3.0844343058569788
25.299957275390625,-3.1660111588363864,1.2363156520280951,3.099976930635587
25.30698847770691,-3.685693666306837,1.2672922599994443,2.7381288644608115
25.30835270881653,-3.71747377278627,1.2676096934360757,2.74371170599333
25.30996012687683,-3.753083062418297,1.2690307154643268,2.7492657851098965
25.312070846557617,-3.804635077155941,1.2765871038400458,2.7497279284380105
25.31321883201599,-3.895666028245951,1.2870489725565428,2.67202416098495
25.319591283798218,-4.175381865746883,1.3220042123919977,2.4646672230977096
25.32067036628723,-4.193504339891493,1.3255075334290098,2.4741855488086473
25.32315731048584,-4.220140117817647,1.3284535192285294,2.493915026704559
25.32480216026306,-4.243394876731547,1.330147383447049,2.504631739090275
25.33188796043396,-4.445189402035832,1.362000518652716,2.248254224801634
25.333256006240845,-4.460153082699872,1.369499334334808,2.2490784031495648
25.334855794906616,-4.469250181584531,1.3760492559997264,2.261917475881588
25.33708357810974,-4.492720788076282,1.3901768668912513,2.2825178973953455
25.33829975128174,-4.532803970491021,1.4042024610024422,2.247134329814107
25.34158682823181,-4.611324930337002,1.4352530060281083,2.2409069455963713
25.344380140304565,-4.695745629804545,1.4630401078136364,2.2364005275806815
25.34527564048767,-4.711059782938636,1.468669513115909,2.2544637093857953
25.346421003341675,-4.735799213152171,1.4752132710850754,2.2867864693480486
25.348238706588745,-4.778883651292012,1.48512878439301,2.331813429826819
25.349969625473022,-4.813726121944198,1.4943995074400442,2.3740351392614234
25.357081174850464,-5.031804591641118,1.5435400175966663,2.493097929286508
25.358206033706665,-5.06227745793945,1.548620467410315,2.533016003045163
25.35991883277893,-5.110807057219512,1.5593483155130559,2.5855167932420375
25.362043380737305,-5.164266066250444,1.5694034837694018,2.649960171195498
25.36327314376831,-5.197110304265551,1.5822264314290582,2.6818645218424173
25.36942768096924,-5.3121025528235055,1.6155717694111327,2.8584010521724994
25.37047553062439,-5.330242433726493,1.6202082725930267,2.8789309660228635
25.371429204940796,-5.345667423152043,1.6206584846536154,2.8980919428733922
25.373204708099365,-5.370198994053617,1.6226912508784397,2.934536544735319
25.374956130981445,-5.390035222981227,1.6301094636223825,2.9709350794584837
25.38199257850647,-5.366935799063787,1.6641287775600686,3.202217351381722
25.383102416992188,-5.373956640232266,1.6633232575057209,3.2182141583518304
25.38494372367859,-5.374529777765655,1.6548968969391873,3.2424955664080155
25.38715410232544,-5.361802882697335,1.6470088608521067,3.2889303746569216
25.388113498687744,-5.332540716845801,1.641439791326168,3.3412216820240754
25.394477128982544,-5.164161231455954,1.5984586632023232,3.579680513244918
25.39534878730774,-5.1540171636128385,1.5918377238128671,3.5825554324731335
25.396480798721313,-5.137596222280843,1.5789622084421837,3.5869336497426563
25.39828658103943,-5.1136730652583235,1.55974137539093,3.5942395550447763
25.399970769882202,-5.089843029968308,1.5459640520195574,3.6000308604493934
25.403236389160156,-4.915028285193437,1.5013197632328728,3.767248733475245
25.40695285797119,-4.735113352790085,1.4437487929623156,3.9036434024206907
25.4082932472229,-4.70699602058719,1.4213279154050724,3.9141190347631465
25.409964323043823,-4.673468405260259,1.3940676507725691,3.9207682646950897
25.41207003593445,-4.619351822633402,1.357734211323364,3.935333655675748
25.413185119628906,-4.531407334466983,1.3397815509782351,4.014945198589133
25.419148445129395,-4.176434914515117,1.2272272670096074,4.300652310925402
25.420035362243652,-4.15829203723905,1.2084448829463126,4.307999243652162
25.421576976776123,-4.127812110409078,1.18301666178653,4.326745332714788
25.423232316970825,-4.091617183843513,1.1522804398641109,4.342112848549993
25.424922943115234,-4.0584853356646615,1.1252473319076064,4.359521865878241
25.431845903396606,-3.55446097832752,1.0213760953509146,4.747535110843471
25.433170080184937,-3.516871180135221,1.0063002888419532,4.777291984521526
25.43493151664734,-3.4750725916679834,0.98802836012276,4.8039617612253425
25.43721318244934,-3.396641163197569,0.9652343583677219,4.861023792905738
25.438162088394165,-3.2709670059279254,0.9581025099731487,4.943277784135246
25.444478750228882,-2.773365912937569,0.9155774304779005,5.210055062741989
25.445356845855713,-2.746311039388364,0.9088005835772979,5.21817345017229
25.446481704711914,-2.7037435936093868,0.8981640142301693,5.223723093708951
25.448318004608154,-2.6349472713438615,0.884191575392454,5.229707841551665
25.449777603149414,-2.581794612245826,0.8787115107696161,5.228356303938231
25.45715045928955,-1.8455466243316625,0.851274535657597,5.309929877083775
25.45827341079712,-1.7962004858338823,0.8473802323839325,5.282218518901045
25.459752798080444,-1.7300821009387346,0.843212576868308,5.249115357285142
25.46150517463684,-1.648933047840229,0.8396684638534001,5.2011840621809595
25.463240146636963,-1.4616262878911215,0.837735394328203,5.180363862555793
25.46669602394104,-1.1654298661191382,0.8361400171954865,5.0855146160501175
25.469483137130737,-0.8976666208319696,0.8356266182679719,5.0008867668147285
25.47057271003723,-0.8440370778466275,0.8332592067481025,4.950964766515824
25.473129987716675,-0.7197890286043453,0.8325495929544026,4.839682356475557
25.474804878234863,-0.645437307454088,0.8353832863924529,4.76108248463522
25.481538772583008,-0.06992488763913947,0.8468756485822345,4.442160541209577
25.483120441436768,0.014220881047906846,0.8503512346308962,4.355863559485554
25.48482871055603,0.0810779461475222,0.8537911716797479,4.2613113463248355
25.487118005752563,0.17868272205492775,0.8526049376082105,4.14396931921356
25.488114595413208,0.26735061181318837,0.8526078500356172,4.092713580435131
25.494356870651245,0.6624573029346277,0.858436424138008,3.7645788205639055
25.495248079299927,0.6912334184784187,0.8590324108788937,3.724232431170136
25.49648118019104,0.7314833398629352,0.8628542622626708,3.6619552119237553
25.498230695724487,0.7820930516088449,0.8653640914413911,3.5775918787316447
25.49994444847107,0.8264525673820069,0.8699836200541177,3.50276501573564
25.507134437561035,1.1784203570275964,0.8615658378139434,3.107989450786492
25.50824737548828,1.199315226761801,0.8616783254270153,3.056205018211329
25.509954929351807,1.2322563614924709,0.8596638165364979,2.9818967918722215
25.5114324092865,1.257024124393818,0.8580423931745851,2.9302689373285635
25.513171195983887,1.3291636004086436,0.8477412998967337,2.8493823688105833
25.519466400146484,1.5235445553687397,0.8117682695286186,2.5804821442113375
25.520520448684692,1.5351448404492412,0.8072504598187712,2.5473841951162517
25.52326798439026,1.5636006956058008,0.7999366009501357,2.4529184647718245
25.524803638458252,1.5759661918759844,0.7895618616985536,2.400729455290992
25.532034158706665,1.7566052864018171,0.7382849710281361,2.057035629576202
25.53317952156067,1.7553466771210433,0.7330905094548652,2.0239071258985932
25.53477120399475,1.7523461278581787,0.723228988245433,1.9764099148351693
25.537091732025146,1.75390059007101,0.7135051566179453,1.9049326106643805
25.53832221031189,1.7920192899494212,0.7011426731594513,1.8319668085529361
25.543142557144165,1.8863063521742591,0.6698001508199911,1.5973726546399825
25.544846296310425,1.894919794019672,0.6566643108360656,1.5323225325868852
25.546621322631836,1.8841070955388255,0.6507961513768439,1.499645537197328
25.54823327064514,1.8717712508582365,0.644182096725011,1.464850574838363
25.54981517791748,1.8566049038167503,0.6391303242390838,1.4295998991610592
25.55715560913086,1.9656556832191663,0.5557121461009884,1.0282692026055005
25.558265924453735,1.9554592300836557,0.5484767351104426,1.0099197593827531
25.560134887695312,1.9377490277900442,0.5379508517027528,0.9776151955897875
25.56169819831848,1.9228539465995407,0.5330919549236399,0.9551718006522175
25.563120365142822,1.9401596440161475,0.5188099355340097,0.8760150527173478
25.56953525543213,1.9506029647128147,0.4609778060301934,0.5912079724157506
25.57066798210144,1.9359675699026802,0.45497928639830876,0.5793846576441164
25.573214292526245,1.9083212535694587,0.438315825282529,0.5551695396595276
25.574835777282715,1.8909329025721047,0.4290637114933185,0.5408043252299555
25.581957578659058,1.8780904174195905,0.34572246924015465,0.25458638500472575
25.583139896392822,1.8644343632722327,0.3355208617363597,0.24828494116654734
25.584795713424683,1.8501735206742633,0.32600972853140636,0.24222596164535853
25.587134838104248,1.8231209308277938,0.30865167423352435,0.2200788026008596
25.58833408355713,1.8142596367575932,0.29278094689111744,0.16309122231002865
25.590132474899292,1.8034318017244093,0.2803539827874016,0.1406992747590551
25.594404935836792,1.7555552401495087,0.2276782828564716,0.0007081793656557025
25.595362424850464,1.741545183747012,0.21988658578486056,-0.0019372492729083667
25.596537590026855,1.733624001614684,0.21138508754297097,-0.010552699430278884
25.598196506500244,1.7112472084304284,0.19939194748419498,-0.023052994285967507
25.59979009628296,1.6917859255754206,0.18759253740404905,-0.031158974504704874
25.605115175247192,1.6272297411226377,0.14383922420999581,-0.13000365738849223
25.607038736343384,1.61389086928553,0.12881133430071634,-0.16722350941303726
25.6083505153656,1.5976627179207736,0.1240403758969914,-0.16929481298524357
25.609787225723267,1.5828099536959979,0.118341008160221,-0.16967467353240803
25.612057209014893,1.557995055508419,0.10161448141952055,-0.17594527442665525
25.613176822662354,1.5447960944821633,0.09427033143321917,-0.1970455858079338
25.619599103927612,1.4524613214810942,0.04514744282053853,-0.2646252729308221
25.62073850631714,1.4357934632776586,0.03951509036281666,-0.26522291811607274
25.623251914978027,1.413487235938878,0.02858650329458918,-0.26231225568737476
25.62478733062744,1.3953054993927694,0.019947463042974078,-0.2653215168785812
25.631897687911987,1.3128004835102274,-0.012946166617508224,-0.29963528138549567
25.633255004882812,1.3075331924385087,-0.01418385216811884,-0.29122871668247396
25.634875535964966,1.2913185272931058,-0.01635549521465529,-0.29035537622388474
25.6371328830719,1.270145606238516,-0.020983955130153123,-0.28461402542461717
25.638354301452637,1.2583995832398411,-0.026580204323468786,-0.28966847512882804
25.644495248794556,1.2165575651645992,-0.03953191320905923,-0.28805103034982577
25.645355939865112,1.2114155271149711,-0.04074829924407478,-0.2888736257170617
25.646456718444824,1.201254074920948,-0.04342340929824819,-0.28677707544678344
25.64828133583069,1.1884746123078136,-0.049055188739982825,-0.28308701133958214
25.64998197555542,1.1816146536722152,-0.049702816591482867,-0.28249606779373004
25.656975507736206,1.1369243603512895,-0.06013369161719198,-0.2458674391504298
25.65837287902832,1.129763600472493,-0.06087282753323782,-0.23746625404083094
25.65979838371277,1.1191919978621747,-0.06168237756355283,-0.23201846005819296
25.66209602355957,1.1006242312799257,-0.0647677745898131,-0.2192168623879298
25.663220405578613,1.092921838577971,-0.06571756312911971,-0.20559003926223426
25.666592121124268,1.0720714227814143,-0.06925320293834016,-0.17734518572895966
25.66961431503296,1.050398520131175,-0.07649908948618477,-0.1585355192023444
25.67076802253723,1.0432264138771654,-0.07868352923707946,-0.1561154309195419
25.671783208847046,1.0378082731622047,-0.07966019983378668,-0.1530473319151038
25.673223733901978,1.0325450938049199,-0.08366499594679633,-0.14962281551830664
25.674816608428955,1.0285713128606626,-0.0885964183358853,-0.14956955945044545
25.68150019645691,0.9988720309903198,-0.10313464448148148,-0.09600782307281144
25.683165311813354,0.9902185036285294,-0.10918802495367647,-0.0899178880717647
25.68476438522339,0.9766393008996096,-0.11383308510122699,-0.08910986208951478
25.687232971191406,0.9634194885715542,-0.1143747153202346,-0.08302890501348974
25.688309907913208,0.9563026821970675,-0.11548623112785923,-0.06650503815190616
25.689778566360474,0.9482969696775941,-0.11493725584233921,-0.05604019507362134
25.694541692733765,0.9384018081033797,-0.11271137226341948,-0.0001935583439363817
25.69541358947754,0.9373076546753418,-0.11398854129333923,0.0016388590754300837
25.6965970993042,0.9368881218613438,-0.11676193926069696,0.004471741105131598
25.69820213317871,0.932078199178643,-0.11572642737417693,0.005610257143286573
25.699817180633545,0.9338152139786342,-0.11821601237494762,0.009887341481776288
25.707192420959473,0.9255648962927356,-0.10957978373940616,0.09658468514528683
25.708309650421143,0.9277553149185644,-0.10881632911040645,0.10108428662871144
25.70979952812195,0.9278162738437098,-0.10712105254186345,0.1035187905702018
25.711480379104614,0.9271848158252757,-0.1038625641547922,0.10971386040500425
25.71316123008728,0.927886861962851,-0.10003743747473001,0.12684721872224622
25.719571590423584,0.9344749093244048,-0.08611477323214285,0.19806897545535715
25.720722198486328,0.9379559507974157,-0.08453411592060302,0.20249762011514716
25.72168231010437,0.9400918802700646,-0.08092229759698492,0.20890768076712132
25.723127603530884,0.9536223074918478,-0.07706657053532608,0.21930006901358698
25.724815607070923,0.964055173802809,-0.07406877895341399,0.22768821677527465
25.72683882713318,0.9748627306845503,-0.06702363825304834,0.2655825890407402
25.73201274871826,0.9768980884574818,-0.03844502113262827,0.35145971502815493
25.733184576034546,0.9877907329522653,-0.03597852282621123,0.3587105334803487
25.734817266464233,0.996108243682085,-0.0318971797128284,0.36783152600013974
25.73709750175476,1.0101173350802795,-0.022793983887066875,0.38448041339868816
25.73832678794861,1.0048587892762013,-0.010280159412519608,0.4147210253770141
25.74157452583313,1.006868146625673,0.0019446546224712556,0.45740430637898416
25.7443425655365,1.003806590474909,0.021750628849018183,0.5022412103338182
25.745275259017944,1.0038677542392727,0.029216982144145455,0.5182092659905455
25.746443271636963,1.0148278423601582,0.032366580873350925,0.5276465284155673
25.748261213302612,1.0348053063205254,0.04329366250286433,0.5492998776940058
25.749852180480957,1.0467287813651294,0.05358844577423961,0.5727052673574182
25.75711989402771,1.0499985793526092,0.12007640314118477,0.7755149047944994
25.758274793624878,1.0568911814231312,0.12854760058942172,0.7958403158133992
25.75977349281311,1.0689163064516316,0.14016855878328038,0.8297189181775917
25.761470794677734,1.078087198732996,0.1521032999994379,0.8690157381349073
25.76325035095215,1.0711733642676922,0.16634435352410257,0.9319978432594872
25.769506692886353,1.0618007327861223,0.23807329856567677,1.167358117741719
25.770599603652954,1.065806578362011,0.2509703045126777,1.204826207264986
25.77317237854004,1.0755488259122608,0.27979473845003544,1.2937451719404676
25.774810314178467,1.0805601835268157,0.2959488146223464,1.3487958792159218
25.781838417053223,0.9766538950844407,0.3882765827681097,1.6638908886806687
25.783194541931152,0.9687522669535382,0.40385943850607575,1.7116672397798427
25.784777402877808,0.9661569333531016,0.42121919255923657,1.7588940258305386
25.78718614578247,0.9562582842767857,0.4523110936875,1.8382680950982144
25.788164854049683,0.9330863626602823,0.46750976928729837,1.8776140725917339
25.79452085494995,0.8541492192350937,0.5597800349021863,2.1098852064701874
25.795408964157104,0.8565999600474516,0.573978679,2.141753930906854
25.799556493759155,0.8619944350966499,0.6372298569335902,2.2995795138618442
25.800471782684326,0.857013354388881,0.6528373346003361,2.3381761738626246
25.804121732711792,0.7595183619112418,0.736349266231431,2.5437333846135646
25.805034399032593,0.7613680702834815,0.7522514478844279,2.590674307067823
25.806962490081787,0.6987747092152806,0.8016609807437595,2.7188323297769963
25.808322429656982,0.6892758356182923,0.8340516109804328,2.8100176561010968
25.809805631637573,0.6799944246822559,0.8645374070938101,2.9000052202071527
25.812088012695312,0.6537539381732378,0.9124009823809737,3.034901810338411
25.81330370903015,0.5805897456881721,0.9392870232392473,3.1085040279408602
25.819605588912964,0.2882158192325277,1.0486919658417297,3.3938024532163658
25.82079553604126,0.25897055305860545,1.0638508980998147,3.436783253458149
25.82314896583557,0.19802375569457364,1.0927180637209302,3.522866695869767
25.82477569580078,0.15383659690743098,1.1117270787983016,3.580140645312951
25.831873178482056,-0.3756714605064121,1.2217718237190083,3.838866445800513
25.833223581314087,-0.422852353631098,1.2385025215005159,3.9066284223865884
25.834803104400635,-0.47063321590985996,1.259700844070032,3.992674480385661
25.8371844291687,-0.56865640015935,1.3026224572651084,4.152807856922463
25.838194131851196,-0.6892087155947834,1.3262212233383694,4.207643040140821
25.84447979927063,-1.2642773344790148,1.4311477171506812,4.554703088988991
25.84536361694336,-1.2975841876873122,1.4403783971443285,4.618593051860964
25.849529266357422,-1.472225902597428,1.487900752837853,4.959693308064859
25.85043478012085,-1.5285178105961539,1.498605797969114,5.028223524199883
25.85168766975403,-1.7294197197067307,1.5145059312434441,5.077518070839599
25.856937646865845,-2.402166564786091,1.5651501104179621,5.258838489714048
25.858142375946045,-2.4619761587004443,1.5678953448559134,5.335476428873403
25.85974931716919,-2.542118058839771,1.5697709602412018,5.440646595473248
25.862013578414917,-2.6575992590791517,1.5787932578262898,5.596558754147986
25.863110780715942,-2.8510240900360424,1.5884878967226854,5.597708748090601
25.867664575576782,-3.4514588645983952,1.618866970677024,5.683737619376659
25.86857318878174,-3.616092858436304,1.6293715969874247,5.666733107262985
25.869820833206177,-3.687554099877529,1.6339525420123018,5.727605463329689
25.871445894241333,-3.773527371084623,1.6354450658194015,5.810115638179567
25.87316608428955,-3.864323128346369,1.636457715253259,5.9003845860372435
25.87487530708313,-3.9552706092588457,1.6349840395244235,5.980382788935397
25.881855010986328,-4.876851346045811,1.6618237626093906,5.8689064271225915
25.88326096534729,-4.968637151701553,1.6595038117070156,5.924232864244968
25.884884119033813,-5.0682836402694935,1.657903334988562,5.990115965578323
25.887170791625977,-5.232214301473308,1.659873930702161,6.065885300730643
25.888176441192627,-5.38623347818606,1.6632583411323887,6.014691914062545
25.894366025924683,-6.015317382034883,1.6738925881511628,5.883614346430233
25.89522957801819,-6.0478334908298885,1.6712859601640828,5.910521568284668
25.896618366241455,-6.094974702686827,1.671511622833501,5.952080090719581
25.898227214813232,-6.150793361651412,1.6711026611694255,5.994630103193768
25.899784564971924,-6.203368837556226,1.6722052360753985,6.034912115265834
25.907018423080444,-6.783208827574359,1.7139769723230769,5.8695590248923075
25.908132791519165,-6.824684044931722,1.7140807412865933,5.912301417409231
25.909837245941162,-6.884979563427717,1.7130900380532388,5.9724685186862665
25.91205883026123,-6.97643288089251,1.7066065819845626,6.032509326578616
25.913236379623413,-7.080828404582761,1.7007797204892796,5.986810794198113
25.91959834098816,-7.40294134163203,1.6516154987290494,5.927884860620782
25.92075514793396,-7.429965870037345,1.6406986522270899,5.950124273819305
25.923102140426636,-7.481235445644617,1.6176854623594896,5.992726913415518
25.92492127418518,-7.520607845736113,1.6039734654396687,6.024730199399972
25.92649483680725,-7.587598492479456,1.5972373488039977,6.0099962952112715
25.929009199142456,-7.672290006714858,1.5796913366585472,5.992761399138558
25.929845809936523,-7.684551118917037,1.5718517323895973,6.005043166122224
25.932047367095947,-7.7248499685644845,1.5594162761449815,6.020258167919073
25.933266401290894,-7.737719974408636,1.552513697633829,6.032465804132399
25.93490242958069,-7.750558865702011,1.5438900925590948,6.052321427045683
25.937102556228638,-7.754674908387208,1.5288131973843517,6.073231582047116
25.938310861587524,-7.757722978984581,1.5197188768829242,6.087131849177328
25.94435453414917,-7.684928608158473,1.46758303836484,6.218384818075785
25.94542360305786,-7.677358453563573,1.4591032646445374,6.228730451882667
25.946470737457275,-7.6636528717941985,1.4471798511280127,6.239069259815702
25.948238849639893,-7.6333139801369745,1.4252439421810124,6.25395938452588
25.9498507976532,-7.604460959476521,1.4071277496218395,6.266383615475271
25.951486587524414,-7.525567182706611,1.3799450313719008,6.312638150161157
25.957069635391235,-7.181838843072037,1.2877052949399692,6.429206433809717
25.95835518836975,-7.134181766620271,1.2697448959831077,6.40469202234413
25.959766387939453,-7.080492178372543,1.246258061021414,6.3724819017641545
25.96206831932068,-6.995258285371944,1.2104520392044902,6.326832108403547
25.963229656219482,-6.8949856033423425,1.1869545657637637,6.36268890046947
25.969608783721924,-6.417089826454087,1.08848877193785,6.437087948770716
25.970683336257935,-6.3749303099499635,1.0756827550371615,6.411284871723189
25.97163200378418,-6.339243567687198,1.0640257276065836,6.388720778316313
25.973312377929688,-6.277792449427329,1.042626259530167,6.354559396681072
25.974764585494995,-6.227681476902145,1.0280756555168933,6.327650697805832
25.977034091949463,-6.0333353850228635,0.9933530611426121,6.401645757597885
25.982043981552124,-5.643278211405153,0.9237249237430208,6.531187635540444
25.983323574066162,-5.604639056192699,0.9074034856473873,6.514504449351039
25.984995126724243,-5.55342743946326,0.887456891448895,6.49412028548453
25.987295150756836,-5.449825750782879,0.8547551270252027,6.4817836627851975
25.988290309906006,-5.33903457654215,0.8375979762019119,6.530807471135429
25.989803791046143,-5.270172308394224,0.8143611111526876,6.525922601546635
25.99305033683777,-4.926904041615226,0.7562414701893004,6.646599243419753
25.993855714797974,-4.8494913819860335,0.7421834998486034,6.667949432748603
25.996764421463013,-4.736905122258487,0.6962818891262308,6.604685348612785
25.998175144195557,-4.682365296951331,0.6690196476830805,6.576343415039794
25.999767303466797,-4.614321704480152,0.6387298583335671,6.537188548365128
26.00701880455017,-3.815443681719035,0.47745869741953517,6.593928869597528
26.00812554359436,-3.7546700065701675,0.4546488462868491,6.551614851752869
26.00982403755188,-3.6656821117175062,0.41906228655580297,6.4783433495783465
26.012049674987793,-3.5220690756143305,0.3777393566841279,6.380171543411077
26.01318883895874,-3.3597343091570084,0.3498822929476163,6.381012071766771
26.019596815109253,-2.6577919652138613,0.2315886257671853,6.194847753541726
26.02067470550537,-2.5944020130970777,0.21916132178545975,6.133769186581896
26.021610736846924,-2.538632081690378,0.20944605841553815,6.082380445633072
26.023266315460205,-2.436125379584772,0.19223284694687914,5.9814476449738825
26.0248384475708,-2.33910902438944,0.17880868682511525,5.890057196952368
26.03203010559082,-1.5485643880638298,0.10722587863829787,5.5832977437872335
26.03316831588745,-1.4862259745146003,0.10550751253910491,5.512868004781218
26.03490400314331,-1.3936480811129144,0.10295220326920386,5.407347147647405
26.037213802337646,-1.2571346699145551,0.10194041699823217,5.273489855391278
26.038126468658447,-1.146513838730112,0.09999302914614025,5.233094775987626
26.03984522819519,-1.031559403962999,0.09953324690944498,5.1365370322609545
26.044493675231934,-0.6008644056140616,0.10461485532980187,4.886843104257568
26.04538130760193,-0.5602252820832023,0.1094101005691208,4.836428183159113
26.0464985370636,-0.512364998273624,0.1187695806757684,4.772543933770693
26.0483136177063,-0.43273816490769684,0.13520464946210559,4.663270727211737
26.04974913597107,-0.3700492775427509,0.14423403297054618,4.580203182042037
26.054792404174805,0.01135540578157566,0.17533409285869112,4.290630917923301
26.055744409561157,0.06851440021187066,0.18359576026664698,4.232096162579063
26.05814003944397,0.22099121152792095,0.20744767496291525,4.08551789538803
26.05978751182556,0.27561472025691536,0.2261488482296731,3.9899202441630344
26.062103986740112,0.35170052506932864,0.2488590031935059,3.8595563500592363
26.063259601593018,0.4378403988345766,0.25701639430832235,3.7901761935569693
26.069623231887817,0.7638949764403413,0.31722763439767804,3.4604603879690865
26.07071042060852,0.7834131753026433,0.33401224803593704,3.4171768453439264
26.073192834854126,0.8288705359762416,0.3692254750479462,3.323696420618148
26.07481551170349,0.8645246416902175,0.38770045015932497,3.2691640073232264
26.081982851028442,1.1783022943669212,0.441829452789953,2.9865026940276147
26.083103895187378,1.2030936577420681,0.444437901793772,2.949907029408931
26.0850613117218,1.236334957062143,0.45604096441507597,2.8993998578617806
26.087154388427734,1.2723545455712395,0.46768950029216955,2.8403162811714746
26.088338375091553,1.3305098534108037,0.4699848148759199,2.794980603655137
26.094475984573364,1.5070790773262273,0.473828899115568,2.5751628792100982
26.095369577407837,1.5211422408763782,0.4731643290336616,2.5497233557218877
26.0995876789093,1.5475663921737677,0.47969481013868004,2.4336330106594266
26.100568532943726,1.5621569062335294,0.4796931879754412,2.4013260501061766
26.107107400894165,1.745561040207861,0.45196350899870896,2.125195971080046
26.10812520980835,1.7546044154632046,0.44590485981078753,2.101608147731172
26.109835624694824,1.7561595568046473,0.44222640917378603,2.0593883854778072
26.112043142318726,1.7546648877155528,0.4397713355615968,2.0020519171120332
26.113154888153076,1.7873644277474603,0.43459017478179995,1.9470407260456433
26.116034746170044,1.8226994656100484,0.42419242194890094,1.8458183152240937
26.11682391166687,1.8441595647764772,0.4237181664150728,1.8037944904981444
26.11949610710144,1.8936907467030568,0.4247268803618632,1.6891885057481806
26.120586395263672,1.8851382434719828,0.4206279185323276,1.6634124438866378
26.123314142227173,1.8625258943894616,0.41496063542038947,1.6014334162130583
26.124783754348755,1.8536419033023588,0.4100072345626876,1.5667069066886348
26.131526708602905,1.9164734124427976,0.4032064723786156,1.2686903374325804
26.133142709732056,1.9143240145011697,0.3935978375573099,1.2175141476818714
26.135037899017334,1.8977675202649191,0.38970162119129953,1.1882519496872561
26.136481761932373,1.8870935224147498,0.38515762930506037,1.1691351242182288
26.138284921646118,1.9050980415619425,0.37719353592716104,1.0879615752780458
26.144561290740967,1.9625455809753398,0.3469245417033768,0.8714221982519266
26.1455237865448,1.9561179298672047,0.3448680025248716,0.8672707060757153
26.148133993148804,1.9387044106210314,0.34248966265579656,0.8578363998606522
26.149831295013428,1.9270176470611735,0.3416679768988764,0.8494222392259676
26.157139778137207,1.9733241221561904,0.3133917812539194,0.6222426023834432
26.15819239616394,1.96847903388,0.31342045967076926,0.6242075147907692
26.1598641872406,1.9553202145581297,0.3111527433766624,0.623540849978693
26.16202449798584,1.9550248114501076,0.3065922238262742,0.6170653315039483
26.16317057609558,1.9577942701200286,0.29900105428700646,0.5626631349343862
26.16961359977722,1.9454785043493426,0.26248898339446364,0.3935978077111419
26.170673608779907,1.9393565148349217,0.2601706539448761,0.38954840541943997
26.17317843437195,1.9253530089854451,0.2517525129355023,0.378043153283105
26.174784421920776,1.9138300838004731,0.24637803843968276,0.37017461791150685
26.17802119255066,1.9109895988646832,0.2245693704950651,0.2740729829560864
26.178824186325073,1.9091761067365554,0.2188890307854449,0.2548370307816734
26.181960582733154,1.8958307824655616,0.20242738427922263,0.19281900620062875
26.183082342147827,1.8921423256242833,0.19968295146317802,0.1888871082582684
26.184954166412354,1.8852393412686568,0.19928743981882255,0.18674473593200663
26.1871120929718,1.8680244263343364,0.19198580282731442,0.18275774858225854
26.18835759162903,1.8633940360872743,0.18179575897635425,0.14491298965649183
26.193068027496338,1.845034708736319,0.15529898728355493,0.07139327770286914
26.194780826568604,1.8389446574395525,0.15117743103923278,0.05614451200988085
26.196744441986084,1.8223721545581362,0.14401703939238317,0.057446703318090014
26.198106050491333,1.8161453773047334,0.13920223335120835,0.05634574878678679
26.199790477752686,1.8086490314675971,0.13518372327802305,0.05220150327474719
26.20726728439331,1.7668129655657547,0.10050277342453663,-0.021036077170785525
26.208401203155518,1.7620704821765225,0.100367063014416,-0.019263462520005884
26.20990252494812,1.7526908041849791,0.09795473182197496,-0.020633128866481224
26.21152138710022,1.747446091968957,0.0959261396677946,-0.021754393471090188
26.213276863098145,1.7423649863906585,0.0881799862682474,-0.03443444803856592
26.21957564353943,1.7215364614317008,0.05449814068034045,-0.0638147083823078
26.220646142959595,1.7219418605939154,0.05012330581481482,-0.061655783469576717
26.221609354019165,1.7200620202117873,0.04821903602057613,-0.05903143711449148
26.22329020500183,1.722398187228359,0.04211137801087423,-0.05640181757118329
26.22479820251465,1.7228568313135375,0.03892936413981111,-0.05452377996451059
26.232013940811157,1.7284313827765738,0.004201164282869692,-0.061040858769838946
26.233114004135132,1.7301894539130307,0.0019723651651537334,-0.05907856848052709
26.234872817993164,1.7296160026513283,-0.0015223112414407013,-0.051980880507669136
26.237140417099,1.7320991880373136,-0.009409914798507462,-0.04558423913432836
26.238290071487427,1.7339344162594381,-0.015129486281387182,-0.0439530046555458
26.24444603919983,1.7331696031834203,-0.03914872169053997,-0.02471210311574792
26.245341539382935,1.7319704497648583,-0.04414425961015973,-0.023558989825874226
26.246471643447876,1.7341690778581091,-0.044777333027917685,-0.01748184326090085
26.248281002044678,1.737501762956983,-0.04929754779638658,-0.00959560075824491
26.24980878829956,1.7386195822858366,-0.05351164513679111,-0.005668310226275292
26.255606412887573,1.7490881417464248,-0.07240425076794929,0.027862812199321838
26.256571292877197,1.7531424064186938,-0.07442073310408374,0.040406811182515115
26.25825309753418,1.7605522667519313,-0.07928932404320459,0.04371356303490701
26.259780406951904,1.7607696754206859,-0.08214320497072763,0.05054245886980764
26.26212763786316,1.7699378814985673,-0.08516798724355301,0.060481305627507156
26.26308798789978,1.7730402072802292,-0.08835848756103153,0.06842484305959885
26.269607543945312,1.7856387248441805,-0.09280612993014054,0.13658664315991267
26.270748376846313,1.7905013215961,-0.0929084748551532,0.13911561722562674
26.271703004837036,1.795680716018619,-0.09216442176674974,0.14011417526110542
26.27311658859253,1.8019919798529371,-0.09017785787554067,0.14577695654164924
26.274824380874634,1.8103487984538682,-0.08736144244068768,0.1505782511713467
26.282020807266235,1.8310461106238005,-0.07705972784404984,0.260077938074753
26.28312659263611,1.8381765384817415,-0.07500115987956466,0.26232131934698555
26.284870386123657,1.8467454407340487,-0.07400616021387696,0.2698708874397711
26.287127256393433,1.8658492736320524,-0.06637877135194972,0.2835554881635481
26.28832244873047,1.8737853782058276,-0.06034545006399086,0.3120146743933724
26.29451322555542,1.933705453862292,-0.033977380469665704,0.4137286717635163
26.295374870300293,1.9503828113947137,-0.029469051074889868,0.4209987867092511
26.296471118927002,1.9768887541295155,-0.022800597331864902,0.4338366997900147
26.298290014266968,2.0176386210571833,-0.013988639796443814,0.45516011065889045
26.29978084564209,2.0536614374593096,-0.00761427132295193,0.47158205629072447
26.30212163925171,2.103495175650143,0.0177469432769341,0.5547653539803725
26.3031964302063,2.1230071572169056,0.026172690428223497,0.5986741439339541
26.307031393051147,2.210817595616544,0.055085325244155485,0.7091910607360631
26.308360815048218,2.2436041223438927,0.06322537969373357,0.723633743808134
26.30975580215454,2.286878460816344,0.0744872122315911,0.7518098484123592
26.312092542648315,2.3628886315321154,0.09476644239637454,0.8076768551694262
26.313188552856445,2.3920310013599773,0.10976209589180702,0.8739971514813017
26.31699538230896,2.4965585303606876,0.14722851126129463,1.04589176521108
26.31963038444519,2.567182133644905,0.17353953106639755,1.183002687681793
26.32070255279541,2.6007648151464293,0.18024601500833565,1.2160388487590998
26.321643114089966,2.6285219897018615,0.18464505063767714,1.2454439245711308
26.32330560684204,2.68460119813826,0.19640317043980932,1.3030886642061978
26.32490849494934,2.7305732275168495,0.20095818351671232,1.3523771682765755
26.32649278640747,2.75248656440484,0.2167691658733194,1.4541791574744547
26.332024812698364,2.808763312275502,0.25373820447115386,1.7732666386392142
26.333268880844116,2.840196703520485,0.2637177130929487,1.8195765522470737
26.334954738616943,2.8848565439422527,0.27150480220068607,1.8801156162098343
26.33713150024414,2.9408439932780244,0.28752294068088763,1.9765508332221904
26.338098764419556,2.938522804396278,0.29752020414659985,2.0534789574649963
26.344330310821533,2.9787890177838223,0.3524664910971233,2.445501553957277
26.34521722793579,3.0007753387636,0.35825740746852747,2.483609286403874
26.346567630767822,3.032364703949093,0.3646361592302516,2.5389490916237567
26.348276376724243,3.0754640019843706,0.37579167812976766,2.6112089057745913
26.349913120269775,3.1187892318562924,0.38770156613166273,2.682938176749135
26.35162878036499,3.1180289114173396,0.41434872222922675,2.816746560819244
26.357134580612183,3.1702012851654264,0.5154340806004579,3.321443183040641
26.358163595199585,3.2104989408941043,0.5314613075775615,3.4021621910085864
26.35989260673523,3.2726895771217714,0.5592771362890528,3.534230372678967
26.362073183059692,3.345087078143287,0.5913592016432866,3.6999536369415975
26.363170385360718,3.331932464037074,0.6127587045370742,3.822637715957916
26.369650840759277,3.3474699872572455,0.7361523471093017,4.432732745664367
26.37077569961548,3.375419106474581,0.7572241002271525,4.5228698996141645
26.37332034111023,3.4418922911268894,0.8067284416348731,4.728126177233105
26.37483859062195,3.4759397604375177,0.8342715381997484,4.851107597324853
26.379574060440063,3.3610790277784304,0.9477846445086027,5.3440293631145614
26.380359649658203,3.364958257730994,0.9625897033145058,5.4031724653642845
26.382063388824463,3.2919165263020007,1.0033850270398648,5.56833484397058
26.38322687149048,3.300380613515887,1.0284309278459842,5.65379798964872
26.38488483428955,3.310626693287769,1.0610482040791673,5.7561398415804685
26.387219667434692,3.309295585911583,1.110651093448256,5.919530675555906
26.388118982315063,3.255292949061863,1.1391778225873403,6.005922822924358
26.39448571205139,3.0122287015208187,1.3420064527738884,6.555130978408045
26.395394563674927,3.0036279998679385,1.3662138990785033,6.615526534611152
26.399589776992798,2.9548151004715226,1.4777131607800515,6.871817658085718
26.400497674942017,2.9256810628905225,1.4993727852466459,6.922562904960748
26.401737928390503,2.8333053687903225,1.5337843657096775,7.009029614145161
26.407028913497925,2.499874297817963,1.665763734978042,7.270887722614393
26.408203601837158,2.4660583068934696,1.683093843609718,7.302866554662275
26.409831762313843,2.424950806167121,1.7117181876534213,7.35925632565586
26.412121772766113,2.3481352150445143,1.7594623393438436,7.459688318155942
26.413265228271484,2.251454485553859,1.789338588547439,7.5382656913441295
26.419593811035156,1.8110182148666667,1.951271815541772,7.990071035211814
26.420687675476074,1.7724346061597873,1.967166928263915,8.051821735093197
26.423173189163208,1.6809127613724453,1.9968299119569182,8.184223037836347
26.424804210662842,1.62260720974304,2.0105893027377504,8.254031555393652
26.432015657424927,0.8433670978100215,2.08446967620272,8.54895164047058
26.433165788650513,0.8041292660768791,2.09232093613801,8.600242676475734
26.434810876846313,0.7404668556705588,2.10700900559633,8.68288761862302
26.437260389328003,0.5885112388207547,2.1387976136084905,8.833765945026729
26.438238382339478,0.40680753759433963,2.1576801802885934,8.896428452932104
26.442498207092285,-0.19489670036652978,2.20503690499516,9.105864643232033
26.443325757980347,-0.3766523118583162,2.2106439053476095,9.128383479154005
26.44499111175537,-0.5015560495806138,2.2097661073446746,9.177422181918345
26.44674324989319,-0.5920985043524992,2.201263017016036,9.228183691821439
26.448105335235596,-0.6499964622046088,2.1944791612109205,9.269239385936299
26.44981360435486,-0.7196975728004738,2.1868860793139198,9.31433379828466
26.45712924003601,-1.977378030099368,2.2161798211605173,9.324673227938556
26.458225965499878,-2.0332332890439515,2.209810024070998,9.351269032318976
26.459980010986328,-2.0983346498003352,2.2052964249597315,9.390093077911073
26.461440086364746,-2.1593923313220533,2.206722858452251,9.419749396025523
26.46325159072876,-2.4949930515356202,2.2187944789120495,9.390277671542364
26.469629764556885,-3.4352069776266907,2.264822265554789,9.300396330426993
26.470730543136597,-3.475127619544371,2.267105181881236,9.329101985964092
26.473226308822632,-3.569430737570263,2.2758469280493703,9.397380638575559
26.474867582321167,-3.6088580868072975,2.275558175385547,9.451038491105617
26.481885194778442,-4.706589819494013,2.3283619273384986,9.23385095480758
26.48323130607605,-4.762871494455279,2.323310175302933,9.25733145242522
26.485034704208374,-4.799846009774931,2.3218070305064735,9.299939223351927
26.487187147140503,-4.872756743455117,2.339039621457976,9.345659677229847
26.4880952835083,-5.061113414839051,2.346582080102487,9.263498619480274
26.49453377723694,-5.795641741768175,2.350655086660608,8.96526934080964
26.495401620864868,-5.806666095154749,2.3485171650341905,8.976399738981865
26.496572017669678,-5.829153042696298,2.3440322896447157,8.985565258666716
26.498159646987915,-5.861746103709549,2.3360673573141795,8.997831334243854
26.49991250038147,-5.888391719759967,2.3274575528031893,8.997609183714646
26.501485109329224,-6.0652742684169345,2.323563098378102,8.889205682017664
26.503600120544434,-6.334092027401004,2.314614344642947,8.69594016729845
26.507052183151245,-6.501691104973306,2.28977205576593,8.521265019469288
26.508368492126465,-6.501530091125143,2.2767341754414465,8.50303883089667
26.50981640815735,-6.494029152042713,2.261675883795226,8.476054919634421
26.512102127075195,-6.4947903053976805,2.238605205418445,8.41821785264342
26.51322603225708,-6.580843194703709,2.2297898100717455,8.31991551316268
26.519163608551025,-6.732569619895991,2.1727562288132884,7.990419705955424
26.520083904266357,-6.716465197241099,2.1649783888721617,7.969749741960471
26.52165198326111,-6.683791759282253,2.149837680886325,7.929653292948825
26.52326798439026,-6.647203278296689,2.1314275102656364,7.879270769909787
26.524900436401367,-6.6113490225901685,2.1142083914952843,7.8330808545633035
26.526432037353516,-6.6298397757440695,2.0974241122330666,7.747798244557731
26.53201961517334,-6.599644974021649,2.012749609694767,7.461697232964157
26.533143281936646,-6.570781571447025,1.9971369535846595,7.416807360716846
26.53509521484375,-6.51491521693038,1.9712142391389462,7.3435793978541355
26.53706169128418,-6.46159737168595,1.94716660996281,7.270042079396695
26.538239240646362,-6.441326391206326,1.9254952751932173,7.214895909249359
26.544543981552124,-6.26187478697668,1.822934897417414,7.003304171098938
26.54542875289917,-6.239718546156209,1.8139593889710186,6.974915946956093
26.546546697616577,-6.21243598253572,1.80235233784495,6.935864248815099
26.548122882843018,-6.171805338209422,1.788222180126975,6.885246264572106
26.549818515777588,-6.132673314889663,1.7703120894345221,6.834450383261215
26.557063579559326,-5.812174955084957,1.6524084986286534,6.759342065411891
26.558117389678955,-5.788156579466046,1.6447746672361032,6.731358611643983
26.55979633331299,-5.748766968934181,1.6306988709350372,6.6863445786432045
26.56208324432373,-5.687172319005424,1.608771009334142,6.637644078699401
26.5632164478302,-5.60417288215187,1.5868229843559805,6.660469767583215
26.56971001625061,-5.229306114735553,1.4855823839534947,6.702598999602917
26.57095432281494,-5.1987360961297355,1.4712476616592953,6.672231527718709
26.571930408477783,-5.172238331968263,1.459369214115897,6.644704742396146
26.57311201095581,-5.141849090020402,1.4466198198540663,6.61773308445962
26.574942111968994,-5.088306836216122,1.4233451971071578,6.57132901849187
26.58025598526001,-4.630623537002658,1.325750681593116,6.629792785857423
26.582127332687378,-4.401752679010267,1.2827148876427104,6.679883238361396
26.583118200302124,-4.363402506299795,1.2674267545385745,6.64194995609563
26.584864377975464,-4.29527223501472,1.2420931869198721,6.575430962957367
26.586548805236816,-4.2265031398802115,1.2145265015900988,6.5002383180604095
26.588294744491577,-4.021506635117563,1.1796372456212814,6.512023834930206
26.5944344997406,-3.3741959753922637,1.065492214346908,6.410836589272542
26.595338106155396,-3.3363402773552515,1.0510528565565467,6.357738327431223
26.59649920463562,-3.283880280689065,1.0344002608356835,6.2832017042240285
26.59814429283142,-3.2102951081220694,1.008520459748095,6.172739124225088
26.599828720092773,-3.1305217376391634,0.9812575036609211,6.0594649670293865
26.607223749160767,-2.270516415784937,0.8316401055283906,5.776850970552221
26.60828399658203,-2.2264279092486023,0.8148915816388643,5.696973240897911
26.60995841026306,-2.157934486685877,0.789296975562283,5.572833017249132
26.611512899398804,-2.086642960686014,0.7645361093684833,5.454939895246788
26.613085985183716,-1.9080467909465226,0.7349017310320012,5.37870029864941
26.619609117507935,-1.299372801309066,0.6048617405123626,5.013573785895055
26.620673179626465,-1.2579480515228871,0.58571021745645,4.939353600707132
26.62320590019226,-1.151550005919362,0.5447366633068931,4.752320817301186
26.62498688697815,-1.081468724696058,0.5167705323382087,4.622776513504806
26.631861209869385,-0.5005454023975764,0.4155591338747836,4.191631293539527
26.63322615623474,-0.4495837988045146,0.40291555584921807,4.093726282318236
26.635058879852295,-0.39591841324566035,0.3858854355215942,3.96892002271254
26.63702964782715,-0.3334271763084193,0.367957476279496,3.835001528853379
26.638217210769653,-0.22934089033977664,0.35525337301775484,3.7605198113923253
26.64168953895569,-0.03764306442132269,0.32934624604703533,3.535131591987742
26.64455533027649,0.1056052494069863,0.3195969319889041,3.357712514451507
26.645424842834473,0.13641707962324184,0.31579983717684007,3.3047711097346717
26.64958620071411,0.2346038378226164,0.31382945223572617,3.0578869304879435
26.650472164154053,0.2609145081798731,0.31301885079327135,3.006143132027446
26.657026767730713,0.5692378672356223,0.308079160616309,2.637675938196996
26.65812110900879,0.5875161777120173,0.3113166721356223,2.5837832687592273
26.65981149673462,0.6213923060079343,0.3161724466630011,2.504964454781598
26.66212558746338,0.6755413080466753,0.3245674461522332,2.401903190366078
26.66331958770752,0.7277409427880224,0.3252502250624731,2.342523559485136
26.669649124145508,0.9502535450645339,0.3264144222862659,2.086767603634308
26.670812845230103,0.9710734204514699,0.33171468783764224,2.0523744441167087
26.67349362373352,1.0250610075165403,0.3428692506365459,1.9773793481641129
26.674856185913086,1.0416471864890755,0.35188014985490196,1.9466034728168067
26.68201780319214,1.2522473975408028,0.36922241454962507,1.7445523701320396
26.68319058418274,1.270863202237759,0.3760114482351125,1.7242592876937215
26.684820890426636,1.2955323476780705,0.3818626121597481,1.696539721848411
26.687206506729126,1.331954649862689,0.38492662510077075,1.6532108769437626
26.688194036483765,1.362790391404225,0.38452305087382244,1.6285707657248074
26.689776182174683,1.3971871011987098,0.3838758843647312,1.6000452031053765
26.694523096084595,1.5122402402648731,0.37406338179267784,1.504529285107752
26.69544291496277,1.5292405280799541,0.37243618416721597,1.4946110826488037
26.69821572303772,1.5788661660190952,0.3693539303992362,1.4611348782392775
26.6998291015625,1.598609975762423,0.3727684326329658,1.4455932163827867
26.70372724533081,1.6885463204425815,0.3547939040543892,1.3521159670061997
26.70707893371582,1.7465048023905914,0.34546332729261975,1.293862663432024
26.708106994628906,1.7563574060159688,0.34389264081527837,1.2868905241933535
26.709808349609375,1.7680073723913772,0.34522316214455145,1.2764986738555881
26.712038040161133,1.78461740861998,0.3399717684313277,1.256951966352151
26.713167905807495,1.812456438920966,0.33164725674446194,1.224268781996141
26.719070434570312,1.9091260331310171,0.3099425603214734,1.1139563041028324
26.719988584518433,1.9231656378551694,0.30093665105357886,1.0986888714060277
26.72152590751648,1.9384398279814197,0.29326862431397877,1.0867038336596022
26.723156452178955,1.951414173586613,0.2872628305992531,1.0807364610445274
26.72501564025879,1.9575660777940924,0.28107592267049036,1.0751801841052482
26.72650408744812,1.9955826770582525,0.27118732419902913,1.0327146548779473
26.732032299041748,2.0898986120659435,0.22713515063181627,0.8790713714400451
26.73314642906189,2.098308940772298,0.22313442393800198,0.8750706947882203
26.73494553565979,2.101306671003962,0.21555562582481957,0.8658010132968728
26.73718571662903,2.1192302183087577,0.2027391692881258,0.854061680558361
26.73811364173889,2.1432297053772906,0.19487955914413504,0.8191038949112682
26.74453377723694,2.227700738614155,0.1535775695890411,0.6593429680479452
26.745413780212402,2.2325061128377355,0.15353681480827286,0.65783127605791
26.749647617340088,2.243909337527566,0.15700769781655324,0.6599510737201778
26.75066900253296,2.250543177788886,0.15357333151205527,0.6453848498259336
26.751771211624146,2.268376717686857,0.14553466649838281,0.6019240567306674
26.75323724746704,2.29357943153254,0.1376897467776663,0.5441796565278096
26.757066011428833,2.314281100378491,0.1356403347834725,0.48496062207731067
26.758215188980103,2.317181297709329,0.1354884124915059,0.48449042781586527
26.759791135787964,2.318026035566754,0.1351815282657068,0.4859494560287958
26.762081146240234,2.319193549125976,0.1350922509624282,0.4753233725286577
26.763173580169678,2.328704023128628,0.13105989180374245,0.4321055164555768
26.76604127883911,2.333747993253249,0.12407847197945493,0.37950880220810623
26.766880750656128,2.339908984429769,0.11911831896016771,0.3484259215667366
26.76969599723816,2.3374267721719635,0.114327821192395,0.28139589128887627
26.770826816558838,2.334208630171387,0.11407595796310821,0.27568438228409586
26.77312970161438,2.324869445201575,0.10921321549935577,0.2599545370463851
26.774818420410156,2.318928775316233,0.10688860752775826,0.25036749400281094
26.781628131866455,2.304041405472137,0.07287300603115401,0.10746299268977622
26.78320813179016,2.2966933149571984,0.06891133625680934,0.0948511867081712
26.785049200057983,2.2873385862746085,0.06648338255719775,0.09017259412710613
26.787293672561646,2.2787297718193718,0.06173582934584061,0.07617644949723676
26.78830337524414,2.2757450613350785,0.05398481236649215,0.05678515623298429
26.789851188659668,2.272002849861607,0.05257843762109375,0.04907253950083705
26.79454207420349,2.257252914047157,0.03219042836823856,-0.011946306954923717
26.79542875289917,2.2564635399705755,0.030940905183470358,-0.011591713879705754
26.796663284301758,2.2521595942873214,0.029455642973171787,-0.008312579762873215
26.7981219291687,2.251346231303523,0.028684350017828902,-0.007733208595542775
26.799832344055176,2.2462900060280147,0.02331372936028881,-0.010579507135595669
26.807150840759277,2.241458048162162,-0.000285151945945946,-0.05386203367567568
26.808233976364136,2.2435291858158157,-0.003948400937937939,-0.05254475922022022
26.809930324554443,2.2465336821452557,-0.008837997248530648,-0.04881970501595298
26.812025785446167,2.2499543706904523,-0.01387035776383071,-0.04307110115383504
26.813190698623657,2.256106198277914,-0.016187350766864075,-0.04073070927112524
26.819698810577393,2.269421775293518,-0.02947193977034923,-0.01661442895393396
26.82085084915161,2.2723830466153507,-0.03184026216350536,-0.01333527492545214
26.821828603744507,2.2763299705800617,-0.032609999542420234,-0.012182586395677106
26.823264837265015,2.278325380753864,-0.03280032877847739,-0.00599282944419004
26.82486128807068,2.282475892563626,-0.033557779620531886,-0.003054373630540463
26.832021713256836,2.2972214260416846,-0.03183455304598195,0.05870742908465836
26.8331561088562,2.3017342612483884,-0.03234854586162441,0.06137989838074775
26.83478879928589,2.3026353998702245,-0.03268233914756585,0.06642792550903323
26.83715558052063,2.315783543243857,-0.031852406064285715,0.07802245593
26.838097095489502,2.316420967694,-0.0310161489,0.09099101142
26.841876983642578,2.3263141394921907,-0.02513951546625591,0.13693094560982946
26.844517946243286,2.333595370543543,-0.022594958915737474,0.17871210827282993
26.845420837402344,2.336946872224839,-0.023817156723768735,0.18307679287152034
26.846539974212646,2.3443032098511063,-0.02222805110292648,0.18758599535174875
26.848138093948364,2.3502247006357204,-0.022121786368700266,0.19282428133156498
26.84987235069275,2.3586852492046786,-0.02161112776023392,0.20244590102729046
26.85702395439148,2.39186798342851,0.003173546196650923,0.3484688904704451
26.858278036117554,2.3989470513288964,0.007201337557750108,0.3516447771399742
26.859981775283813,2.4026827943964215,0.008928613858261113,0.35464553555772993
26.861478805541992,2.4126072397496694,0.013053471396209784,0.36060440869913324
26.863194465637207,2.4202642621173283,0.0237557341201827,0.4015504558882386
26.86968684196472,2.4420097732729125,0.06047176497148676,0.5316677320346231
26.870832920074463,2.4511414175975,0.0656516364925,0.5371740258875
26.87179160118103,2.461087993222353,0.07131869611411765,0.5438171347705882
26.87317204475403,2.4675496096669005,0.0739581839688246,0.5494942497281281
26.874841690063477,2.4802409352745958,0.07954226681504153,0.5556894027586358
26.876463651657104,2.487478596982862,0.09291394144558697,0.6009371348206227
26.882079601287842,2.5172222792770618,0.1400041599660653,0.7772076418427835
26.883324146270752,2.5297209661069586,0.1458897137031787,0.7898614016881443
26.884782314300537,2.5488770136421834,0.15231991879994283,0.8068164274952844
26.886545181274414,2.5695387165646246,0.15662301860220915,0.8210537163110028
26.888193368911743,2.5744507929582676,0.17010430116864372,0.8755712261906532
26.894526720046997,2.6065371066168326,0.2201058908258082,1.0813644873744372
26.895394802093506,2.6163918919636258,0.2234020135500501,1.0922288837632823
26.8965060710907,2.6311681216754974,0.22771163168666764,1.1064601809669197
26.898136377334595,2.655187906608265,0.23665485772879896,1.1313458658786053
26.899871587753296,2.6812724453981205,0.24470160266125587,1.156922584132422
26.90294337272644,2.6867719778042853,0.2729064490737705,1.2963599639188956
26.903926849365234,2.6909614340177184,0.27970014216491756,1.33417946124356
26.90483069419861,2.703620379763255,0.28163076148875565,1.3488253647995094
26.907018423080444,2.715165759989682,0.30249342130954426,1.4536695983817713
26.908365726470947,2.739603766206076,0.3104310258177128,1.4852397715418457
26.909811973571777,2.7675779089698063,0.31866954759788507,1.518960543518158
26.912094354629517,2.8188546886010895,0.3354394098801262,1.594427212769716
26.913110494613647,2.817816502313163,0.3477823635520505,1.6620508475078866
26.918086051940918,2.8448234060002946,0.4003721749640542,1.9508123795925163
26.919020414352417,2.851492691910609,0.4094644773511491,2.002105598297568
26.921855688095093,2.8987086706791527,0.4226675959065811,2.1050773894224744
26.92310380935669,2.926184987347664,0.42790748784064203,2.154373518959157
26.92481255531311,2.956995123557035,0.43698058925175326,2.222672695018892
26.932045221328735,2.901268708216034,0.510478131119742,2.683118925038839
26.933149576187134,2.920749455558845,0.5201563940363476,2.7263213921635643
26.934884309768677,2.9371503015840426,0.5347502727465476,2.7969481569241177
26.937175989151,2.9545557868241934,0.5629868645167155,2.923877557079179
26.938088417053223,2.936429367983871,0.581277235516129,3.0051658091290325
26.944522857666016,2.859040818246283,0.6938307411018723,3.4786242177403635
26.945387601852417,2.8624517739631146,0.7049192589590164,3.525605262536885
26.949582815170288,2.8584292259999997,0.765759163,3.7667801532
26.95049524307251,2.8477113363380653,0.7808219141824634,3.8261205386392487
26.95710849761963,2.6144001435283206,0.92625673478228,4.340227418060494
26.958332538604736,2.599623504136111,0.9424448183768013,4.399808288668569
26.959951639175415,2.5776140795746687,0.9635660773843888,4.474161253044477
26.962084770202637,2.53497035550415,0.9892263121552661,4.572501650687464
26.963184356689453,2.459803976204207,1.015018480622925,4.644442419759016
26.969647645950317,2.1353901716701773,1.1576473224994457,5.0624042268353655
26.97075891494751,2.1030313837909875,1.1745981065212094,5.119211556201379
26.97324013710022,2.026827551119937,1.2088730447110667,5.228414948570165
26.97483229637146,1.9604170405181818,1.2313339733243358,5.296585345475385
26.97968077659607,1.5344142994433567,1.3072283340804196,5.526830657165035
26.98045325279236,1.485272846278201,1.3157545490593319,5.554722612544095
26.982045650482178,1.2948102256503937,1.3437838561070867,5.638575644338583
26.984927892684937,1.1519283686947879,1.3814841657488535,5.743325918070465
26.987240076065063,1.006722717427061,1.4114795450864408,5.84768563486298
26.98812699317932,0.875453010406058,1.4278208104100585,5.895844398754965
26.99448561668396,0.10314717175962197,1.558851180295302,6.210707103346528
26.995471000671387,0.0584098436864019,1.5697100433333826,6.256326720491363
26.99821925163269,-0.06832447300862317,1.5872244207476287,6.399457846655649
26.999948501586914,-0.15125512256417112,1.6006695645213904,6.497972246898396
27.00149893760681,-0.42619852148201853,1.637874665400812,6.575135404190835
27.00707721710205,-1.315276980545161,1.7269892797694228,6.762494543133647
27.008339405059814,-1.3646933131161698,1.7267144458296373,6.809579891506389
27.0099835395813,-1.4452471279377432,1.7292998277370761,6.862206864164536
27.01208734512329,-1.563589998534446,1.7328044374598488,6.939930486497076
27.01323962211609,-1.8230860071711597,1.752678366968193,6.924853109233918
27.01963520050049,-2.74172628516242,1.815894877318434,6.895134862297652
27.020723581314087,-2.780124226442553,1.818935705855319,6.932941248314894
27.02320170402527,-2.8738067149305317,1.8246373970574614,7.016962481003574
27.024847507476807,-2.9286119286194894,1.82673313478656,7.068677419189756
27.032050371170044,-4.095779912450765,1.9187719149485494,6.790791581942118
27.033181190490723,-4.135826985900815,1.920974113505931,6.822695813069172
27.034897327423096,-4.188137701268609,1.9231643717819904,6.86434027004349
27.03708529472351,-4.286223863136572,1.9253998830837145,6.8960743952214285
27.038212299346924,-4.5061595285097145,1.9433033186011428,6.799280662914286
27.040110111236572,-4.632164422207055,1.9499422403811224,6.79083855745609
27.04444694519043,-5.224207792218927,2.00508509165113,6.513693215709039
27.045314073562622,-5.246785134931065,2.0079291610732626,6.531251797026824
27.046424865722656,-5.281887236924718,2.0079942271595037,6.54508799632218
27.048245191574097,-5.336535223977226,2.008801521757126,6.5647334949947105
27.049866437911987,-5.378302988216402,2.006092325238872,6.582657332347073
27.05540680885315,-5.9250127297083095,2.052847763890634,6.268103089177898
27.0570707321167,-6.126901456982416,2.069949436630729,6.120162022196887
27.058300733566284,-6.155123092793456,2.0638270331625828,6.130867470681465
27.059948444366455,-6.198483278599141,2.0604439339537204,6.147890078103783
27.062106132507324,-6.27167559742191,2.053503108735412,6.145055231980264
27.063199996948242,-6.404463935062071,2.061214083300057,6.043906116361843
27.069621801376343,-6.841368000746376,2.0648807182318842,5.738141200594202
27.070711612701416,-6.86218627106757,2.0584417081607382,5.745621049523292
27.071657180786133,-6.881947752352582,2.051623292371781,5.7504140192548
27.073322296142578,-6.917337147401401,2.0461393623103104,5.76830114786987
27.07477879524231,-6.946861476117093,2.0378593608501663,5.7827065193831855
27.082014560699463,-7.373426557841928,2.0227386818560307,5.436311015397385
27.08310604095459,-7.385930591753783,2.0136425213668283,5.4422627314925816
27.084812879562378,-7.408374475381297,1.998580955078625,5.444960552059421
27.08708620071411,-7.438636525853147,1.9790708631678322,5.440781172174255
27.088226795196533,-7.505890098216783,1.978205527895105,5.370122851521193
27.094467639923096,-7.668833845587004,1.9502939929756498,5.1720307320829
27.095322847366333,-7.668490797141596,1.941438988011775,5.167640029587872
27.096471786499023,-7.663964870932293,1.9331585699652636,5.163700468715779
27.098297119140625,-7.651659189198473,1.9140468893206106,5.150756126992366
27.099832773208618,-7.638215403643047,1.9018092869923429,5.145641721097314
27.107163190841675,-7.634666717885547,1.8571955778169318,4.936526677952585
27.108241319656372,-7.611051471002292,1.8452142463541041,4.925896493013465
27.109931707382202,-7.579674729420753,1.8316759663849147,4.917066950097096
27.112072467803955,-7.528964196869639,1.8096949875282378,4.900824210149045
27.113212823867798,-7.511388240476999,1.8071210639759379,4.879708753870489
27.116889238357544,-7.420760392116827,1.7818112824221897,4.85046098504673
27.119602918624878,-7.334873389270099,1.762580663318282,4.852938443593337
27.1206955909729,-7.308135062493223,1.7533395762477901,4.848021615553772
27.121665239334106,-7.284456851888038,1.747657048572186,4.845209175410136
27.123096466064453,-7.249133101329992,1.7364322775279288,4.835905986587798
27.124786853790283,-7.20448376037178,1.7223365781808815,4.822123298150544
27.131550073623657,-6.960986503915652,1.6611231027645712,4.914920022336961
27.133244037628174,-6.911358570661571,1.644616974541857,4.919392396954572
27.134841680526733,-6.871601369210685,1.6300400093109337,4.91130002994189
27.137168407440186,-6.79843283794334,1.6034736304459343,4.915280935654412
27.138117790222168,-6.734440170669117,1.587130377772059,4.962199816875
27.144451379776,-6.366650471875499,1.4664945087185184,5.187981782094302
27.145328998565674,-6.342946523214592,1.455138758918741,5.184091699662089
27.146467685699463,-6.310731193841201,1.4356588234921317,5.174791783638055
27.148273944854736,-6.259339089500215,1.407248213366853,5.163748918747314
27.14981770515442,-6.216220234907101,1.3830844356585297,5.149436016274934
27.157145977020264,-5.600411346255045,1.198760536428081,5.521612825127093
27.158179998397827,-5.564818705179333,1.1845200090322026,5.51102957865951
27.159831285476685,-5.507052298459317,1.1574098712492493,5.482561928431003
27.16212797164917,-5.411620857343575,1.121719888790842,5.4606807158688335
27.16325879096985,-5.2533382291911375,1.0840413209425406,5.553562171667356
27.169624090194702,-4.5837935913731656,0.9377799757274633,5.76709351899371
27.17068576812744,-4.533135033613498,0.9236519555755427,5.738923370420026
27.17169713973999,-4.480014790031753,0.9086851834479397,5.711327639915817
27.173118829727173,-4.410256669873318,0.8845877494561981,5.668932260948182
27.174826860427856,-4.322150567989424,0.8593012833728082,5.614282227450041
27.182027578353882,-3.3250854332549507,0.6925257557052955,5.7143098800208305
27.183137893676758,-3.256674293852428,0.6745921009473375,5.6532934260753995
27.184842109680176,-3.1498383583412117,0.6500234691940983,5.564950544632718
27.18715500831604,-2.985691339316268,0.6207685072283996,5.4515790892543645
27.188310384750366,-2.783269855273141,0.5966461784245269,5.457693194401496
27.191431999206543,-2.4421493618929198,0.5472210441778818,5.3487132395886485
27.194489002227783,-2.047770638017014,0.507799913327662,5.25508472743304
27.195393323898315,-1.9955227075544482,0.5024539572786374,5.199404131672567
27.19652485847473,-1.929362848357483,0.4962916151777745,5.123551687960875
27.198139190673828,-1.835892424166643,0.49008733265871085,5.017419801374017
27.199867010116577,-1.7361970685560166,0.48641894467277147,4.910940235923451
27.207285404205322,-0.9375065997952072,0.4423990007822699,4.540591762243016
27.208958387374878,-0.8566637097098115,0.4471930755792683,4.430464375963138
27.210177898406982,-0.7958031054948725,0.4495667006859756,4.353117909842711
27.211634397506714,-0.7332267440622321,0.4538066073617147,4.2535980185998525
27.2132351398468,-0.5767547435475344,0.45129589481000426,4.166299020783715
27.219631671905518,-0.11418644414133369,0.4611624969401998,3.7799123227074785
27.220759630203247,-0.06122141155040989,0.46668387331856753,3.712637846094923
27.22335720062256,0.025217987289801905,0.4776402429369039,3.5490139885531917
27.224860191345215,0.07404055782029306,0.48995026730771357,3.460206388742466
27.2320396900177,0.4969434577815451,0.5040227465793992,3.0360672136188844
27.233195543289185,0.5262110148012876,0.5135466529828326,2.9785388564824036
27.234893798828125,0.567451066074007,0.5246109147701742,2.898960714035122
27.237048149108887,0.6201817428313837,0.541729987079458,2.79591648612311
27.23835039138794,0.6912411364136947,0.5396912889564907,2.726478189986448
27.244513988494873,0.9258967821397271,0.5575056151947085,2.4601031838863165
27.245383501052856,0.9505905411587094,0.5638636980570023,2.430848822049479
27.249627113342285,1.0178530526563592,0.5794250499812509,2.3044211216328527
27.25052499771118,1.036698048913553,0.5816452333702564,2.2787662707197067
27.257100820541382,1.2333357952480961,0.5753786638427065,2.0602651012135325
27.258347272872925,1.2507452197747508,0.5751611620448155,2.0275037542240772
27.259747743606567,1.2627772995581008,0.5751554717659308,1.99339851322685
27.262056350708008,1.2899150082531827,0.5715990327152053,1.9331503659802602
27.263183116912842,1.3245211287189242,0.5643612695110857,1.893409681428694
27.26837420463562,1.4299040166858956,0.5347970641297952,1.7383483864736082
27.269787788391113,1.443176569594187,0.5324976457611735,1.7079653729465314
27.271755695343018,1.4613339748543113,0.5271769568809317,1.6753730577782118
27.273152828216553,1.4664308125024226,0.5223071534213772,1.6473387143538394
27.274848699569702,1.4753279143087454,0.5100493134178541,1.6162409343544286
27.28200602531433,1.5729044096345925,0.45759303450118066,1.4468233903353012
27.283128023147583,1.5785787184448052,0.4546298081201299,1.4352996131168831
27.28487277030945,1.585230839477315,0.4535614973568055,1.412254315384285
27.287147283554077,1.5875815357035845,0.4433209659641551,1.3832748066934895
27.28827953338623,1.5989643738522312,0.4355187584776884,1.3544407442479884
27.29447650909424,1.6590283681434257,0.3802073224845771,1.2034318399859274
27.295357942581177,1.660385824855034,0.3758839371668143,1.1895980960546206
27.29960036277771,1.6533884540122974,0.34914295302291787,1.1324615839470376
27.30053687095642,1.656610136615869,0.33956487516073786,1.1166634795434052
27.30157470703125,1.675403401313717,0.32273068286034257,1.0841894444586444
27.30703115463257,1.707114063963672,0.2554829061059103,0.9344366981359509
27.308194398880005,1.70242380838885,0.2501216867971217,0.9179513158794188
27.309794425964355,1.695879573452149,0.24050254973868196,0.9000549030813754
27.312096118927002,1.6807124183187223,0.2253684294020914,0.8677342266189657
27.31322693824768,1.6944291960600202,0.2060638520901017,0.8298238705979086
27.31968593597412,1.6982419417783732,0.1347155110335257,0.6716792042201154
27.320820808410645,1.6886024940392328,0.12972430909851787,0.6637356209054054
27.323155641555786,1.6681860220284115,0.1156954977962405,0.6461584803362032
27.324798107147217,1.6550979806249642,0.10651411089693673,0.6361820565376467
27.330098152160645,1.6419117061129236,0.04943842559612435,0.5001309776693155
27.332019805908203,1.6402821586758571,0.02825247044057143,0.43045931511271424
27.333153247833252,1.6298830777447142,0.023854756933142856,0.4273708633924286
27.33487057685852,1.6132224742813936,0.012372416832891987,0.41962994408989546
27.337063789367676,1.5902708795964113,-0.0021375865810310452,0.40102160939732273
27.338238954544067,1.5905444278654228,-0.015867608788664198,0.36189187389960126
27.34450650215149,1.5569879554556718,-0.06719921442855176,0.23576728481539097
27.34540557861328,1.5481742537505694,-0.07104149229441914,0.233124229011959
27.346527099609375,1.537878401878132,-0.07950647624430524,0.2290555656907745
27.348111152648926,1.5273880919310345,-0.08556804836781609,0.22748762888505747
27.349834442138672,1.5152585616472727,-0.09161291836727273,0.22589865964
27.357146978378296,1.477169411043528,-0.13238313192439863,0.1045494237766323
27.358141899108887,1.4713121060263459,-0.13669210038187285,0.10213216871348797
27.359780311584473,1.461323634551951,-0.1388426339565528,0.10618442012519652
27.36212682723999,1.4464653355780983,-0.1484878674842947,0.10152526092275842
27.363239288330078,1.4448087596823245,-0.15449607129697315,0.07680027548329527
27.36955690383911,1.423854699551154,-0.18311199237180714,0.012446369302827482
27.370617628097534,1.4243262123017066,-0.18494156358518946,0.015404052281457912
27.37154722213745,1.4241922077207114,-0.18689327136433323,0.0181260832461672
27.373189210891724,1.4229971684260285,-0.19369632324336156,0.025164954017216225
27.374807357788086,1.4212185163209363,-0.19605223499483057,0.029821504798535323
27.38205361366272,1.4231797620884838,-0.20759837839706538,-0.010506673585890025
27.383206844329834,1.4252718796527346,-0.2092817210698088,-0.0043236469619089965
27.384926795959473,1.430726265919611,-0.2122799810934058,0.008153450775711628
27.387133598327637,1.4360350884471325,-0.2171114125056212,0.013759290139319766
27.38827657699585,1.4380702216086523,-0.22007360238750534,0.007388059363739861
27.391565322875977,1.4462550697931338,-0.23688208462764085,0.001962454972711268
27.394510984420776,1.4544989648856983,-0.24820301411555618,-0.0030993685805687206
27.395396947860718,1.4570973260850244,-0.25219776863057325,0.0014529708794252705
27.396525621414185,1.4569638105957634,-0.25931318170063694,0.0030580745662864765
27.39811110496521,1.4597332098003146,-0.26403722784623085,0.01479508082606208
27.39984917640686,1.4638848702928082,-0.2718846701304224,0.021108482654109587
27.407134771347046,1.473653338443299,-0.2968585377170676,0.0230768880836197
27.408387899398804,1.4745884729587628,-0.3010281720366552,0.028041872454753723
27.409851789474487,1.4747239650833335,-0.30888873362,0.03464886940333334
27.411458492279053,1.4745042739812573,-0.3157644499679752,0.045824692560212515
27.413172721862793,1.474864130976939,-0.3192132371136268,0.051842727210761705
27.419687509536743,1.4711325543567777,-0.33776459931104047,0.08122310940707475
27.420787572860718,1.470478097492723,-0.3422149675125053,0.08609311811855305
27.42324137687683,1.4707227244141745,-0.3527323769777213,0.09491810522966507
27.424861669540405,1.4684663590148221,-0.3589238865809669,0.098659957792215
27.426555633544922,1.464541918643761,-0.36279492166259564,0.10309282053560918
27.432084798812866,1.4574653208442916,-0.37454091838289644,0.1237178454707062
27.433241605758667,1.4564836148016043,-0.37853521947958746,0.12252283839091821
27.434999227523804,1.4516895513068413,-0.3819318981683736,0.12400774587423187
27.43712568283081,1.4514603034050886,-0.38851427112064035,0.13261446090308748
27.438276052474976,1.4519208005498856,-0.38870369444110925,0.1468358773589194
27.444522380828857,1.4667506920596483,-0.39544483519433754,0.1951201276779824
27.44538164138794,1.4692185800885202,-0.39611893100190837,0.19727178334527304
27.446508169174194,1.4729727694638872,-0.3977837450763359,0.2014688374263065
27.448315620422363,1.480235198566972,-0.4004429080422152,0.21286422979851172
27.44986391067505,1.485355779875,-0.4080851348842282,0.22014826471630314
27.45290780067444,1.4951388967250765,-0.41060776967864937,0.26885502586828697
27.453805685043335,1.4969953947729044,-0.4122970677880813,0.2830096611648566
27.457045555114746,1.5074947441313582,-0.4178603837406372,0.3293485187562884
27.45826482772827,1.5157780977501396,-0.42233391169759643,0.3362224601210173
27.45990490913391,1.523005195413793,-0.42870462515203767,0.3447231450438872
27.462093591690063,1.5361656791966276,-0.4337101480368677,0.3616418789531295
27.463219165802002,1.5417235192850816,-0.43310417145970276,0.3858175950977422
27.46835160255432,1.5533450068571428,-0.43551608757142857,0.4740079667142857
27.46987509727478,1.559314835854219,-0.43713063722236145,0.48539332649860767
27.471503973007202,1.568289324161148,-0.4390699056428256,0.4972179805013981
27.473247528076172,1.5783735926461968,-0.4407544174897418,0.511052992036148
27.474985599517822,1.590705263405993,-0.4435693784553466,0.5193695663516451
27.47643780708313,1.588427533105683,-0.44101454046859423,0.554980936556331
27.482003927230835,1.592527017446599,-0.4242354428432496,0.6883944786281769
27.483230352401733,1.5997400148034375,-0.4230710677999119,0.6977183477840458
27.48502802848816,1.6082571943963075,-0.42228416146243025,0.7087478377612709
27.48716640472412,1.6072786859754005,-0.4199331943615561,0.7255447301407323
27.488332748413086,1.6011740555881007,-0.4124582575423341,0.7604120109610983
27.49447202682495,1.6019383082787666,-0.38739584285409956,0.8761670159304835
27.495346069335938,1.6062388121442888,-0.38688450665851143,0.8817778685824613
27.496456384658813,1.6151782424617538,-0.3834774420266765,0.889932677793515
27.498274087905884,1.6288742834599343,-0.3762892842278246,0.9065245493793744
27.499893188476562,1.646439755259238,-0.3727141951526783,0.9207053909295331
27.501598834991455,1.6476285138467122,-0.35691839225129135,0.9806993034565127
27.507086038589478,1.694663392118649,-0.310276246459873,1.1849360575034642
27.508368015289307,1.7314991367729504,-0.304147775784209,1.2273340439988452
27.509756326675415,1.7715385809914936,-0.29668671234221167,1.2757844378948542
27.512073755264282,1.8430004982734018,-0.28190828789041095,1.3771435632998004
27.513190031051636,1.853877022114726,-0.27150045843835613,1.4550549261237158
27.5150249004364,1.9026988191013439,-0.26322680439151735,1.5439685279962205
27.51967191696167,1.9375630892639404,-0.22487973067905823,1.872459659229244
27.52081298828125,1.9635698513592736,-0.21897608307450642,1.9396224886191094
27.52315926551819,2.0194713423158275,-0.20230474610747598,2.1009219726744153
27.524827003479004,2.0593659090146006,-0.19211480792985972,2.2268362954703695
27.53057289123535,2.047225389068232,-0.11776804550623625,2.8206660577153335
27.531453609466553,2.0261850914013206,-0.10451488196463683,2.919703449284813
27.53323769569397,2.0222901641044713,-0.08699369595699077,3.0712656727403833
27.53485083580017,2.0212212632131603,-0.0707478388162554,3.1856441339344763
27.537159204483032,1.9962158295895294,-0.047422605230532336,3.341304024015398
27.538111925125122,1.9528764717523097,-0.030727375831500217,3.424246518952486
27.544517993927002,1.7055675105221897,0.06753988013397733,3.8338464424915304
27.545381784439087,1.6832158960329107,0.08078422054494942,3.8720058055500783
27.549607276916504,1.5938804100698745,0.13713646719037656,4.021190434883961
27.550527334213257,1.5596203689411259,0.15147240491877956,4.058732206640309
27.551636695861816,1.4922490407241082,0.17393618377997422,4.091569072168458
27.557020902633667,1.1765033121505963,0.2839518590080966,4.232798203668629
27.55817699432373,1.140566094693508,0.2996301714673929,4.250674772052702
27.559753894805908,1.08786637578887,0.3257245126571793,4.273219351101246
27.561575174331665,1.0241885536052517,0.3571974627045159,4.295509050018468
27.563274383544922,0.9179354720739149,0.39419933989471423,4.333822649139665
27.56969976425171,0.5762838697240839,0.5187015992428348,4.4578941020222445
27.570780038833618,0.5327243469387215,0.5384194795362234,4.47413617340191
27.573258876800537,0.4473251286214498,0.5842692502802035,4.50880671681122
27.57480525970459,0.3924991786574958,0.6148656552257159,4.540098396439641
27.57701349258423,0.2346839793771504,0.6526043850930745,4.587000540660785
27.582000017166138,-0.08232534490323042,0.7224469818146083,4.686597877449257
27.5832359790802,-0.10163017484491138,0.7204213886482276,4.718894481250286
27.584962844848633,-0.1275103123040986,0.7128373503915162,4.760749588854114
27.586527585983276,-0.15216639268571427,0.7105817858428571,4.801642547042857
27.588263511657715,-0.27512105063720393,0.7217596605176199,4.846071573033507
27.592034339904785,-0.5101879993404075,0.7454876515254669,4.951980185264007
27.594528436660767,-0.7018241789616033,0.7663045442628692,5.004783397097047
27.595455408096313,-0.7182539558121409,0.7697411978393989,5.02895944880168
27.596614599227905,-0.7389410859774569,0.7712037163807278,5.061162681936202
27.5982027053833,-0.782692212068299,0.7681381678814433,5.106081110059708
27.599812984466553,-0.8389526040422018,0.7784679216371208,5.112194355696401
27.60713815689087,-1.5174941850499928,0.8446752164953445,5.085306393907463
27.60843563079834,-1.550592637967913,0.8547317791433892,5.109289275434751
27.609898805618286,-1.5839319273979877,0.8632753973088317,5.145172769405394
27.6114718914032,-1.624820713241536,0.8741875734813133,5.1856246670954125
27.613139152526855,-1.8097151278742873,0.8947037655923603,5.181422542036773
27.619648694992065,-2.430063909165521,0.9393352854284077,5.100562748912944
27.620747566223145,-2.466868347723559,0.9389532542105484,5.10042453065207
27.623344898223877,-2.551738972651957,0.934243486039437,5.087791938702829
27.624844789505005,-2.6020495242800448,0.9325168490213062,5.073140690418048
27.63204288482666,-3.2908202592714777,0.9722531290701604,4.714563326700602
27.633152961730957,-3.326337459271478,0.9790217784034937,4.711864552700601
27.634843349456787,-3.381807301226452,0.9894961931619894,4.711447785014449
27.637216806411743,-3.4762874003546664,1.0039956712346667,4.705635173349333
27.638145685195923,-3.5852713731143706,1.0131544878877037,4.6444338189931855
27.64453125,-4.077440570591014,1.0740194512695853,4.417533005576037
27.645395755767822,-4.096748011168671,1.0794735898241694,4.422002626507732
27.646528720855713,-4.124576392014032,1.0858171111025199,4.4253662280541235
27.648099184036255,-4.176194492072727,1.0971821308,4.427180640090909
27.649847269058228,-4.225325242294117,1.1025179719117646,4.4273440877941175
27.65268039703369,-4.447898558595463,1.124294090184218,4.271154252817066
27.653553009033203,-4.5260940716006,1.1339057917681221,4.213947192080765
27.657100439071655,-4.686380574564949,1.145755933318362,4.098772098528841
27.658321380615234,-4.712833228221488,1.144848911990753,4.08048630563056
27.659950017929077,-4.7402451266507155,1.1432678511299428,4.0663044587382515
27.662116527557373,-4.773423582341003,1.1380576415388022,4.0415027018179215
27.66323161125183,-4.840632288912105,1.1424767882416749,3.976948860173503
27.66802453994751,-5.0103913144566015,1.1584157314229573,3.8243007905606445
27.66894006729126,-5.040162086850902,1.1617545402429539,3.7988177169509583
27.67183017730713,-5.070478376854761,1.1661676792123497,3.7969005585728364
27.673086166381836,-5.074004719624835,1.1706820551928665,3.7978131128797887
27.674808502197266,-5.098420998199584,1.178489042590007,3.79494991426204
27.682013511657715,-5.242015254080653,1.2152202852225649,3.6568471039960335
27.683117628097534,-5.247417871749669,1.2203509814840605,3.6502540383511093
27.684937000274658,-5.2539631633302335,1.2294339254751754,3.63459067843826
27.68712329864502,-5.262642768857756,1.2333534351836004,3.608466522478964
27.688288927078247,-5.267940988232398,1.238511852805667,3.5876639219287347
27.694510459899902,-5.228594837945739,1.2607789005961907,3.477293087113182
27.695370197296143,-5.215876663175706,1.2609178907043004,3.461170183549579
27.69652771949768,-5.197541644829319,1.2635288238970002,3.4405923194997783
27.698121547698975,-5.173317839799857,1.2674540392508935,3.404676714045747
27.699902772903442,-5.140566968989393,1.2649958172671318,3.3588435411704114
27.701563358306885,-5.095752778982461,1.2630176788403975,3.321793274786612
27.707127571105957,-4.904195969773672,1.2571259046001733,3.2341048619389436
27.708127737045288,-4.873553703688222,1.2549334781928407,3.209144753023672
27.70978879928589,-4.822378463345059,1.2513090677728922,3.163503587175042
27.712090969085693,-4.744883310836098,1.2428192317580091,3.1078311026699086
27.713213205337524,-4.6890479659992845,1.242398705200515,3.115214181619851
27.715067148208618,-4.618002257628718,1.2279977443602688,3.087970399734697
27.71968650817871,-4.373442947409228,1.189186967109036,3.1246055786638287
27.720839262008667,-4.333644402994223,1.180419839723137,3.109143904028596
27.721806526184082,-4.297958670059503,1.1736301918266896,3.0981560890554594
27.723224401474,-4.253182802516841,1.1648942955925183,3.0781036099191628
27.724827766418457,-4.208369680843162,1.1498062322584692,3.0615158106223337
27.73007869720459,-3.9517655335234267,1.1125431260876075,3.1387059953981145
27.732041120529175,-3.822412132225396,1.1042546690562782,3.187279819390272
27.733253955841064,-3.781956982829327,1.096430773141827,3.1780924700865385
27.735023260116577,-3.7233531491504848,1.088625739521568,3.1620023002531967
27.737204551696777,-3.638964015310965,1.0760111836466306,3.162665806799829
27.738171577453613,-3.567525361858081,1.0711810418430896,3.2059367725725303
27.744553804397583,-3.1992738583263423,1.0301221993691276,3.3390085801392617
27.745527505874634,-3.1704294827660986,1.0267920322708635,3.3351633186609875
27.74642038345337,-3.141802216662287,1.020272818351574,3.3289960601228703
27.748250722885132,-3.0852692486849014,1.0097017336323852,3.3164874845623635
27.74982738494873,-3.033015249049132,0.9961422101346887,3.301154137035296
27.75715398788452,-2.535056477740189,0.9498552717731309,3.4258791766253225
27.758151531219482,-2.5048292416508167,0.942164559020338,3.407135739927528
27.759785175323486,-2.4520955316273683,0.9279970718652631,3.376582187430316
27.762157201766968,-2.3663528855533507,0.905907288036382,3.337651732539689
27.763169527053833,-2.2738747063672706,0.8962426672733679,3.3586599568891287
27.769686460494995,-1.8330291187205239,0.8252039361877729,3.318494822720524
27.770817756652832,-1.7910588444760884,0.812124888404711,3.2831047961448965
27.771788835525513,-1.7546022506121342,0.8023319102394004,3.2526023514906495
27.77324676513672,-1.69838095425164,0.7873720463926029,3.2051934778161897
27.77485156059265,-1.6374789711040068,0.769405933398977,3.14969114901023
27.78207015991211,-1.107815099332999,0.6791630214332999,2.992332729744233
27.783209800720215,-1.0695992397370684,0.6674593520451354,2.9504260074287147
27.784928560256958,-1.0056749804107041,0.6464530044109903,2.8857395487475674
27.78716015815735,-0.917918978064861,0.6212167419764276,2.8103271779338215
27.788365602493286,-0.8251424892004392,0.6060049798165447,2.777578263745827
27.792269706726074,-0.6084633682965856,0.5716282338614005,2.657636362642361
27.793182849884033,-0.5431804719453125,0.5630904401953125,2.63090630059375
27.79480290412903,-0.4797888043249655,0.5538324089451034,2.582128605308138
27.796792030334473,-0.4178176862184774,0.5386068814387288,2.5122279378867702
27.79814910888672,-0.3805681706521739,0.5319395953043479,2.4677795260434783
27.79988431930542,-0.33266690519317865,0.5273845126656416,2.4131900709519147
27.80716109275818,0.03239051733294135,0.4994640325537263,2.2202902809848597
27.80825924873352,0.06351213068352199,0.4974490141897692,2.1872153336510363
27.80999517440796,0.1052703552000836,0.5012584820973944,2.1397505333948725
27.811471223831177,0.14037502360753717,0.5041370559830708,2.101324268641837
27.813196182250977,0.21286993929016135,0.5037036592443238,2.0514797671443668
27.81970238685608,0.44487736478291623,0.5168194866509793,1.8783526717249728
27.82085394859314,0.4689071802010339,0.5219055538012636,1.8537654342601952
27.82316517829895,0.5113264678325022,0.5326817417585803,1.8028742998547962
27.824869394302368,0.5418641596304037,0.5393243019361581,1.7693337683913541
27.832059383392334,0.7691494923232717,0.5695424343718181,1.5997637856025873
27.833184003829956,0.7881400883933788,0.5750056133801642,1.5799362248417026
27.834899187088013,0.8206445661477516,0.5860203047373305,1.553279943292648
27.837100982666016,0.8586546075938425,0.5963130271936057,1.513458968268206
27.838273286819458,0.9020024159868265,0.6066364018805507,1.48635176560746
27.844547271728516,1.059430451615037,0.6489568746281841,1.3821471073781155
27.84541940689087,1.0680608493486938,0.6557864735912827,1.375194712724244
27.84961199760437,1.1338142253875,0.6777480693675,1.3509100312775
27.85053849220276,1.1452525361205832,0.6838924540157538,1.3462869358773557
27.85157608985901,1.1790812568555655,0.6847964391276502,1.3276500693520317
27.855659246444702,1.2643663377965908,0.6935408086453231,1.2731468339984244
27.85656237602234,1.2947919694401948,0.6909939806774101,1.2517868760858044
27.858104705810547,1.3198479544518311,0.6928773196802471,1.2372366238480659
27.859819650650024,1.3348330524203929,0.6911527804187213,1.232085099652737
27.862131595611572,1.378092145764563,0.6815621814337521,1.2084123056530554
27.86322832107544,1.4058862054733008,0.6790036921704741,1.1828364567095944
27.869706392288208,1.538829998434687,0.6508637439168616,1.0649135591697179
27.87101459503174,1.5483892503942207,0.643216793127564,1.0660241291116934
27.871996879577637,1.5612278245751503,0.6358340532084169,1.068378716663613
27.874964475631714,1.5800562301322374,0.6205603370443173,1.0694838813802716
27.876534938812256,1.6216370828933562,0.6088604335804106,1.0316288244746221
27.882049322128296,1.7470349107586207,0.5602270505517242,0.921484517137931
27.883160829544067,1.75448759934748,0.5527054720848806,0.920742078867374
27.88490629196167,1.7622503527543558,0.5450350802116538,0.9258227167709225
27.886480808258057,1.7679609073313287,0.5371430385048683,0.9319913040670103
27.888295650482178,1.8080398738067371,0.515269221750785,0.8788012815406794
27.89452600479126,1.895310411841584,0.4624018120444847,0.7424570450458792
27.895408868789673,1.9000901499340948,0.4543682075123023,0.7430585829562097
27.89976739883423,1.9009114253503931,0.4214631137096498,0.7290731411112223
27.901649951934814,1.9288301561573034,0.40327849961672907,0.6759263055118602
27.907142400741577,2.0056877736009446,0.34903175589935065,0.546123416227863
27.908164024353027,2.0107759303246753,0.3453614447142857,0.552610122077922
27.90987753868103,2.0201105841917295,0.34027129953383456,0.5605417439887218
27.912133932113647,2.0270931914710753,0.33385683885973433,0.571027156867876
27.91326403617859,2.0437629664632198,0.3284906023278103,0.5447132611529781
27.917266845703125,2.076746183642542,0.3164022220714916,0.5078372104686673
27.918127298355103,2.0876384652391877,0.3117223678521624,0.49040586947528686
27.919999599456787,2.092580333093737,0.30295558144008927,0.48276802420365467
27.92157483100891,2.0965749931314592,0.29587706645966916,0.49132847022368614
27.923103094100952,2.096450992700933,0.2881814473026561,0.49988633816238337
27.924869537353516,2.09992110476811,0.2801222609966694,0.5073568189034138
27.93201756477356,2.120173381913152,0.2169537373945628,0.39731459754121967
27.933161735534668,2.116233505874798,0.2118698862439383,0.3980207324858192
27.93489694595337,2.1119082626176837,0.20080597103572917,0.3986400290222438
27.93716597557068,2.1086197854664097,0.19025737197903295,0.39802874785494224
27.938108444213867,2.110044862546142,0.18219354178676367,0.3811612850145486
27.944512844085693,2.105777879111821,0.14638235542891373,0.3371744799848243
27.945398807525635,2.0998455096551054,0.14159183152339663,0.3385507517612498
27.946510791778564,2.0977571874437135,0.1351973620158469,0.33752656343892956
27.9480984210968,2.0917540964012034,0.13045487829689068,0.339362567891675
27.94989323616028,2.086153156770947,0.12421728833743209,0.3455022350895053
27.951570510864258,2.0863492581674983,0.11589732444362082,0.33407303756935136
27.957047939300537,2.0723563685205146,0.0932601253095068,0.3157325469401001
27.958208084106445,2.065349106611437,0.08766837132237312,0.31491909782444605
27.95981526374817,2.0558336508331014,0.0833795259388409,0.3151194055493174
27.96213960647583,2.04691833775635,0.07681917125484287,0.31544308506112784
27.96323299407959,2.04287953132702,0.07190953350365906,0.31170975269062995
27.969741582870483,2.0177177127540333,0.04353007987857345,0.30754111865326916
27.97089457511902,2.0126915929256928,0.04059331514461275,0.3091674133843955
27.97325563430786,2.0076050845196387,0.03724499832525803,0.3080419328870413
27.974974870681763,2.0048269978119464,0.035809765110888826,0.310406545110603
27.98069477081299,1.9828474899130744,0.02142508991535069,0.3144750865605349
27.98151993751526,1.9797853198163324,0.018582102698392375,0.3198373952072841
27.983306884765625,1.9746721882406668,0.01773240759790468,0.3283805128207171
27.984923362731934,1.9656267865545844,0.01802058698581662,0.32870333037607447
27.98725128173828,1.9567821652094817,0.016746630081822075,0.33658233055062114
27.988133192062378,1.948238722823076,0.012773105440097101,0.3411674731954876
27.99451971054077,1.909839295796123,0.005607526520536804,0.3804878387543717
27.9953932762146,1.9050054087758324,0.004501037520952928,0.3798239497735362
27.996615648269653,1.8978588556628875,0.0015039373890642941,0.378168313592853
27.998117923736572,1.8884197509677891,0.000207776841874085,0.38131375640263543
27.999897956848145,1.8796926310578823,0.00032995822137192154,0.38172850069166553
28.001527309417725,1.8672132110652624,0.00066845691543901,0.3968744189286977
28.00702738761902,1.8248286851675257,-0.0015168679768041236,0.45641176227835056
28.008199214935303,1.8223140637750572,0.002082080954324169,0.45872245972966785
28.009779930114746,1.8130828587836298,0.004461097963173986,0.45803932848540857
28.01210856437683,1.7961101756799587,0.0026139896087404354,0.45291837806665686
28.013134479522705,1.783543862522366,0.0030313850409064156,0.46920752702913476
28.019752025604248,1.7089751299941842,0.011579614365804014,0.528798022752399
28.02088737487793,1.7008405310500214,0.015125287663322344,0.5286019297250967
28.023218393325806,1.683860795377719,0.022102586197295035,0.5271037428480201
28.024954557418823,1.6688396504307783,0.022938005242754158,0.5257993670314844
28.02648687362671,1.6470529412150507,0.023059461961159503,0.5427859514526631
28.032058715820312,1.578856889149919,0.03324487115094895,0.6037081755873179
28.033284425735474,1.5714148132502574,0.03420927797425335,0.6037874273130793
28.03487277030945,1.5645365788272891,0.036598988134917326,0.6038201709794359
28.03715968132019,1.5489967972170475,0.04290755228207382,0.6113694352596661
28.03828191757202,1.5322446462601054,0.04563849329349736,0.627175758410369
28.04359006881714,1.4820836186696122,0.05446142976254276,0.6884025527066705
28.044947147369385,1.4767313792887837,0.05763833532258989,0.6876553948299671
28.046737909317017,1.4732856154898955,0.0648020503654866,0.6910284042118389
28.048314094543457,1.46481521780862,0.06746805852975596,0.6920821775731412
28.04985737800598,1.4614532849603241,0.06789958622380553,0.6935372545448449
28.057130813598633,1.3968415413228852,0.0910679607891799,0.7747867417337914
28.058096408843994,1.3945253076603692,0.09448208702361528,0.7743010141683125
28.059836387634277,1.3914455583597307,0.10053088227180296,0.7751154309387083
28.062154293060303,1.38187727402,0.10937717065399999,0.779059696318
28.063291311264038,1.3689288531142856,0.11573668529428571,0.7996019771457143
28.06961727142334,1.3093205793726905,0.15420133956493956,0.8644765000715378
28.070701122283936,1.3056913155128014,0.1595256679659612,0.8657173363266243
28.07165217399597,1.3012118650996003,0.1642143876831434,0.8643452248187066
28.073304891586304,1.299696098217578,0.17448935582021186,0.8711068759561982
28.07485055923462,1.2982464904030342,0.18477855054544154,0.880579212707743
28.082035779953003,1.2539301345007154,0.24073612826431026,1.0152246601750143
28.083144187927246,1.256692491398111,0.24892260146222095,1.0298386459779623
28.08490562438965,1.2621023667852234,0.2637483607714777,1.0575341245214775
28.087148427963257,1.2733061425641503,0.28592913310546597,1.1074891353663479
28.08828639984131,1.2640612216603397,0.2994375125884116,1.1482811994295703
28.094552516937256,1.2298462902229665,0.3711079445904306,1.3514130995923446
28.09546446800232,1.232561719100981,0.3804856712605309,1.3748799625057704
28.098148345947266,1.2434550532126276,0.4144702558590862,1.4567961279269557
28.09987497329712,1.2485325864921384,0.43736497067610064,1.5163102664528303
28.101584434509277,1.2290768562868162,0.4628915199890016,1.5919412721568347
28.105315923690796,1.190634687356128,0.5128906649547069,1.7426932779325046
28.10707974433899,1.1618761651977676,0.5422341630176016,1.82585635878091
28.10827875137329,1.16427098392158,0.5575450765798512,1.865945585701202
28.10990571975708,1.168413844228966,0.57942861405916,1.9206456862635692
28.112116813659668,1.1579959802183795,0.6158169808605116,2.0159766382486777
28.11324119567871,1.1370349178396455,0.6333787649977133,2.0691155469221094
28.1196448802948,1.0326221421094266,0.7385533135170893,2.3463612192254684
28.1207377910614,1.0286005113689376,0.7597112472185334,2.3978896226812934
28.123095273971558,1.0248711731350755,0.8119449050042578,2.535807651888416
28.124914407730103,1.0157406315552215,0.8542885613598962,2.64343503493193
28.126481294631958,0.9725601185528954,0.8936225945279066,2.7619019490770613
28.132044076919556,0.8202973219150902,1.002534305626045,3.110287058718874
28.13314723968506,0.8013639737949846,1.02556662544596,3.166503096153688
28.134918451309204,0.7822914724700124,1.0567637734292017,3.25894122072246
28.137125253677368,0.7463382021284457,1.1020495031219941,3.3996539772821115
28.138273239135742,0.6933398409561584,1.1298438675222875,3.48549377667654
28.144529104232788,0.4207626919604408,1.2696104426142978,3.9714211844179146
28.145404815673828,0.399420726947638,1.2874407486494024,4.036787139016363
28.149636030197144,0.2907106660090278,1.3692048774395833,4.371118657834028
28.150582790374756,0.24971339515420835,1.3884869078263684,4.453982028278399
28.157097578048706,-0.350756196993879,1.5474617515659788,5.099514103350747
28.15834140777588,-0.40337167606690394,1.5695052489765124,5.211857503422064
28.1599600315094,-0.4520275788799658,1.595810709661256,5.359785577551047
28.162076473236084,-0.5465034370125235,1.6227344338540377,5.526086396118901
28.163201093673706,-0.7154031677187276,1.6376400411403482,5.596641131731826
28.166980743408203,-1.142791926904044,1.690939599825482,5.856539374948543
28.16962957382202,-1.476082513602493,1.7281887050761773,6.020090281209141
28.170647621154785,-1.52237925433542,1.7369249241093319,6.098252993520017
28.17331099510193,-1.6413858378040607,1.754003795679966,6.293798814326139
28.17488694190979,-1.7076887879314742,1.7572179697696189,6.400135401473936
28.182024478912354,-2.834864286631579,1.8048913270526317,6.5931034306315786
28.183336973190308,-2.905035693362128,1.8119946627040904,6.67887666556865
28.184948444366455,-2.988886883802009,1.8189747015093256,6.787612634579627
28.186441898345947,-3.0584466294605432,1.8215834990730841,6.889105790106498
28.18817639350891,-3.3513674913029776,1.8295162549216537,6.894556691348077
28.19453740119934,-4.207598255300028,1.8166011795242094,6.911343748315561
28.195408821105957,-4.232259871556701,1.8093167170206186,6.9608091047525775
28.199646472930908,-4.437848525867395,1.8153338142055027,7.118792802786839
28.20059847831726,-4.527062414787047,1.8144243717209936,7.132157795530299
28.201605796813965,-4.714466892755887,1.813858400695003,7.085417474145319
28.207049131393433,-5.427305325647784,1.8065053477015631,6.997702983429657
28.208181381225586,-5.468011865080883,1.8039765389138105,7.047017456878531
28.20978355407715,-5.525689486110863,1.799135243720752,7.111474120594707
28.212161779403687,-5.629490090295534,1.7817817010681556,7.175728241937645
28.213278770446777,-5.793547683122535,1.7709087855424885,7.105002395610064
28.219858407974243,-6.305044816331399,1.7060429921351925,6.997823536774631
28.22157859802246,-6.34764175453138,1.7022356370443774,7.044899306411029
28.22319722175598,-6.384549414405869,1.6964436165662133,7.077965842400859
28.224839210510254,-6.419300090643879,1.6879985549799772,7.110577922890446
28.229783296585083,-6.719065675714488,1.6254561500091091,6.989643123214916
28.23101019859314,-6.764594700606277,1.611177913938659,6.976803360774608
28.233184814453125,-6.824497677461945,1.5932480637460658,6.963190284258799
28.235082864761353,-6.839320413597194,1.5863759481254645,6.976856678377219
28.23662233352661,-6.848059699092473,1.5811305309049828,6.981594026309292
28.23829960823059,-6.884761711578992,1.5474566076073697,6.95412689669575
28.244645595550537,-6.879079062333663,1.4306941268884974,6.904706722458697
28.24572777748108,-6.863580500858904,1.4237229845296817,6.895165375672211
28.246687650680542,-6.847584511846287,1.4177622011542874,6.885751068252652
28.248122453689575,-6.81951592611334,1.4016906508208913,6.868430880834074
28.249817609786987,-6.78611195178001,1.3836003082486041,6.845200042551507
28.25714612007141,-6.491886207734106,1.2008983631701031,6.819666602354667
28.258173942565918,-6.46134647449055,1.1903676345876288,6.794924503634307
28.259814500808716,-6.412508340696063,1.1734516011135883,6.759097694049527
28.262175798416138,-6.327893328323555,1.1462411519292492,6.712659934910268
28.26330041885376,-6.249983794493385,1.112478749609002,6.73263667139028
28.269768953323364,-5.866090305723047,0.9770830933511375,6.7858550338813055
28.270869255065918,-5.834917587493976,0.9635931045404476,6.766647329857143
28.273326873779297,-5.766338855404728,0.9360710142198805,6.725673354254344
28.274901390075684,-5.724830993402533,0.9166304555938877,6.7017742146657495
28.282088041305542,-5.175344751366782,0.758285047282353,6.907612166358063
28.283296585083008,-5.146173445657439,0.7463960954117647,6.889529543355017
28.284891366958618,-5.107584111189137,0.7282414133036851,6.86615132451073
28.286447286605835,-5.074257676590973,0.7129087194269992,6.846503161949011
28.288168907165527,-4.918670847216102,0.6804803588698547,6.906871237455206
28.291510343551636,-4.687126231052292,0.6314106395941261,6.977534570474498
28.29452419281006,-4.406568477121951,0.584127056902439,7.083181934617887
28.295426845550537,-4.387158418011427,0.5752168879288673,7.071303605232824
28.296594381332397,-4.36120677035852,0.5635803065182117,7.06057649905485
28.298200130462646,-4.320825742588438,0.545679143855401,7.042796377541099
28.299850702285767,-4.283145117099363,0.5260604627533906,7.0253935378867975
28.30151605606079,-4.107527040303994,0.49735152960532547,7.087981576793491
28.307075262069702,-3.548326102385363,0.41282195820640366,7.246647936593481
28.308191537857056,-3.520975272488565,0.39933447275500283,7.231526684776157
28.30985403060913,-3.4851720365279477,0.3809987965414349,7.2057467248516405
28.31215763092041,-3.403198585967213,0.3501620967120456,7.17593916475196
28.313297986984253,-3.240628618734426,0.3322095626936565,7.213043784643051
28.319762706756592,-2.6526010017849275,0.2472492904457971,7.222073894931595
28.320844411849976,-2.624542187446845,0.2347805829978538,7.1857234356979545
28.323296785354614,-2.5532574784434896,0.20987467348861194,7.102049329771809
28.324973583221436,-2.503320104363611,0.19692247022061482,7.037922285955626
28.3265163898468,-2.309380995703704,0.18244342807407407,7.020253735814815
28.33200240135193,-1.6958862458891106,0.141614509763683,6.871048636633409
28.33311653137207,-1.6585378641931299,0.13489516536530788,6.809307454030502
28.334893941879272,-1.5970552492244612,0.1257136193688777,6.708852461248531
28.337128162384033,-1.497137471677864,0.11110626804421475,6.5753203257605515
28.33841323852539,-1.31193710881826,0.1070737502994545,6.524456451014642
28.33983087539673,-1.243348914930807,0.1015012365845614,6.437912835049825
28.344546794891357,-0.7457493232490894,0.09220914648192771,6.179434733765761
28.345438480377197,-0.7179903323595838,0.0912942805211644,6.12041913864365
28.346551179885864,-0.6827992024711012,0.08900439081732527,6.046230624354802
28.348156452178955,-0.6285768184491971,0.08438682998525547,5.934350365508613
28.349891185760498,-0.567639650315185,0.08155458153055437,5.816334819761945
28.351546049118042,-0.402813426479753,0.07801842931662838,5.705439320226307
28.35358452796936,-0.16892757960417867,0.0839532910831412,5.568951842653458
28.35706353187561,0.061098837199656995,0.08656755063570101,5.317074555847077
28.358243703842163,0.0979596315686723,0.08602025339402601,5.230547078699728
28.35986089706421,0.14572348342394642,0.08610421978244488,5.112291566214206
28.362136602401733,0.23035272080452412,0.08661608577166026,4.943487217711054
28.36323118209839,0.32804007301607624,0.09061574877350974,4.866283174036136
28.368764877319336,0.6712302488723254,0.10599979062958764,4.444762277095366
28.370027780532837,0.6949535430426527,0.11022382424472155,4.355971688770582
28.371501684188843,0.7326120566675045,0.11144998021200474,4.2512873682602015
28.37318992614746,0.769715914574225,0.11608498080911558,4.133899566415773
28.375003337860107,0.8043993090388579,0.11877478240724235,4.005442901446936
28.376447200775146,0.8800330370715105,0.12710834513442246,3.902000051285182
28.38202738761902,1.1179608021159102,0.1464375443206993,3.504962825561334
28.383137226104736,1.1320018413049802,0.14948582118348758,3.4320146146189217
28.3849995136261,1.1539953070861553,0.15687403180111445,3.318207241683669
28.387174606323242,1.186396133542911,0.15915144700826328,3.1892288702013625
28.388303995132446,1.2405249061565673,0.16152973071933896,3.116716936423891
28.394482851028442,1.398583538142216,0.17407133618723702,2.7505147261419354
28.39538049697876,1.4047213429827359,0.1764915122797698,2.7115124896626823
28.399584531784058,1.435099531811635,0.18271303244224796,2.519926591252189
28.40056037902832,1.4446774711665944,0.182889777259436,2.474399525349241
28.40171718597412,1.4763383169302966,0.18336490909631237,2.4108023160014462
28.403268575668335,1.5194551235678075,0.19107977532808249,2.3279760303239296
28.407102346420288,1.573034940227598,0.19631731890724308,2.15131459698225
28.4081072807312,1.5720332339536216,0.1932905591434297,2.113301674990409
28.409746885299683,1.5740400692009195,0.19442152155482792,2.0591198997482234
28.41213631629944,1.5829209903276513,0.1968082704602487,1.9777574956891155
28.413250207901,1.6090852915801312,0.19746191700936144,1.9206561732981695
28.419702768325806,1.700164332754959,0.1920229946653623,1.636143506026717
28.42083477973938,1.6966597834504358,0.18891117015260747,1.6027953906696706
28.423269748687744,1.6858639963079896,0.1819529719742268,1.5320059702242268
28.42486333847046,1.6805555159373013,0.17864957590305205,1.4908088628156333
28.429917573928833,1.7292216557229287,0.16288690063881514,1.2554239938171021
28.432047367095947,1.7583785441387125,0.15543647124924012,1.1486503417059961
28.433212757110596,1.7446557954633877,0.1510217158206687,1.1225019100696325
28.43480920791626,1.7293073816703075,0.1455877016654211,1.0889402089269904
28.437129974365234,1.717091930623533,0.13541564616430937,1.0291010226313573
28.438241720199585,1.723981774829672,0.1266152320767379,0.9606812439047547
28.444523334503174,1.7186033352599264,0.08023860945292116,0.7284797610150312
28.445472955703735,1.7069594426180106,0.0727658270029429,0.7124984361642143
28.44813084602356,1.68249950297471,0.04825923732625401,0.6703835067479391
28.449869394302368,1.6605429021624127,0.03424036784956509,0.6446037484681306
28.451523303985596,1.6552209468236558,0.0200071153427957,0.5831316138967741
28.45709252357483,1.6278487427503228,-0.044398129356005164,0.38881600594403787
28.458263397216797,1.6159816752238485,-0.057993145163581575,0.37212863653293154
28.4598331451416,1.5996788424628277,-0.07151068624853173,0.35673465203566823
28.46216320991516,1.5712076066989002,-0.09603398003013855,0.31970758460434223
28.463330030441284,1.5642793769068706,-0.10829714796757606,0.277041947055992
28.469693183898926,1.5038442423863636,-0.17009746950426136,0.13177156753480113
28.47075843811035,1.4923869281061335,-0.17764920721424532,0.12519220633959863
28.473249197006226,1.4569040393509127,-0.1979052595763547,0.11094023917936831
28.474876880645752,1.439517844112688,-0.20804872148066222,0.09853477797551474
28.482070207595825,1.3540877056969958,-0.26786845291584793,-0.01812598939000427
28.483235120773315,1.3400159415155917,-0.2735142415694148,-0.016650183630072618
28.484824419021606,1.3223473520331088,-0.2832016341881898,-0.018581463410778272
28.48717713356018,1.2977524079030296,-0.3024107008106972,-0.02690007085055805
28.488303184509277,1.2847658385763154,-0.3093385422072764,-0.041598977895637046
28.492539405822754,1.2366220081401789,-0.3457110175979233,-0.07520461030660514
28.49337601661682,1.2268195032833862,-0.35339574227357945,-0.08476471228958754
28.494861364364624,1.2133691814358576,-0.3673274027548743,-0.08327255985476123
28.496764421463013,1.2005139744969113,-0.38035223964645887,-0.07882394249260163
28.49813199043274,1.1879920041284915,-0.38955092958473,-0.07646606542458101
28.499905586242676,1.1711299099552281,-0.3999354571293091,-0.0727191922589043
28.50149440765381,1.1572069713254456,-0.4130776280510335,-0.0803558649843193
28.507117748260498,1.1093919353679393,-0.45292929496425,-0.09505698053210354
28.50837802886963,1.1037294380715001,-0.45979593293164595,-0.09074404295338195
28.509798049926758,1.0935885582883256,-0.46632541118529286,-0.08833283262359784
28.512145519256592,1.079575849625987,-0.4740491551959799,-0.08362293995333812
28.51326560974121,1.0774006999085428,-0.4808030377688442,-0.084775193759799
28.51974081993103,1.0519028036862055,-0.5040948263714246,-0.07189373972312245
28.520894527435303,1.049669780988377,-0.5064335701386468,-0.06754228495599834
28.523242473602295,1.045800278299509,-0.5069082919067103,-0.056361091027823246
28.525032997131348,1.0416441802756322,-0.507777926873576,-0.052947991793553764
28.526603937149048,1.037002206442045,-0.5115546366415454,-0.051340074053621274
28.532058715820312,1.036228802915058,-0.5185082477876448,-0.02971219727027027
28.53319215774536,1.0344043689076219,-0.5206227471764622,-0.029219637186186184
28.534985542297363,1.03816340702614,-0.5242343738631813,-0.020128619674638484
28.537171602249146,1.047922625900302,-0.5253979008675012,-0.012470727277370162
28.538337230682373,1.0533325481117823,-0.5270014675468279,-0.004669300531722055
28.544538021087646,1.0686084961169178,-0.5275382741752359,0.03452852961205803
28.545421600341797,1.0714741462750716,-0.529237280934957,0.036780506653008596
28.546530723571777,1.0781520722808022,-0.5296766743315187,0.041641704693696276
28.54811930656433,1.0881681098206195,-0.5313187250689705,0.05001129355291081
28.54990243911743,1.1014455952133788,-0.5304336883443161,0.05752184567722151
28.551559686660767,1.1091439317872036,-0.5315595461436733,0.07150191044701515
28.55416202545166,1.1288812831377646,-0.5324136703857406,0.10329839954935378
28.5549373626709,1.1329270533380202,-0.5335825789464564,0.10701103581181651
28.55706238746643,1.1471932165311696,-0.5334571401785816,0.13364102148770374
28.55825138092041,1.1510039070148699,-0.5334738032044609,0.13727945582899628
28.55987858772278,1.163640001522463,-0.5346469102669729,0.14228537138969427
28.56210494041443,1.1803734131267767,-0.5378411436393395,0.15161081185025124
28.563231229782104,1.1860831379560661,-0.5365241914636038,0.16794938543015075
28.56923794746399,1.2111379927195598,-0.5352078413108441,0.22435715690545824
28.57015037536621,1.2182440119753872,-0.5349268418827277,0.2284562141078616
28.571665287017822,1.224046821846388,-0.5308533497780238,0.23119237337199006
28.573254346847534,1.2334359941622903,-0.5301962611621421,0.2356691266067349
28.575013637542725,1.2408001373966044,-0.5280505283459505,0.23791028870498193
28.576443910598755,1.2458043401367045,-0.5219661484173159,0.2560683844108481
28.582027196884155,1.2560460577092807,-0.5060736693971114,0.31635636387244387
28.583144426345825,1.2651362557547547,-0.5016033024584584,0.32082352974974976
28.585245370864868,1.2784685717583262,-0.4927573617779676,0.32786964160973525
28.586655139923096,1.2865480816891484,-0.48710094814958926,0.3284099723886727
28.588231801986694,1.2925082935039427,-0.4818455110688172,0.35315327698494625
28.594534873962402,1.3195283454612339,-0.45034721341652517,0.43148267064063384
28.595428705215454,1.326922058067192,-0.44773176634598855,0.4340532538055874
28.596569776535034,1.3329245859001433,-0.4421086243216332,0.4371709440287965
28.598138093948364,1.3434905123477514,-0.434848464842452,0.44062690959510165
28.59983777999878,1.3653965204100378,-0.4287408813960576,0.4463572055037047
28.601537704467773,1.3790718478107633,-0.4197854420156479,0.47448809413307985
28.607165098190308,1.4440032475889746,-0.386370925952585,0.5880736181338189
28.608290433883667,1.4662375349354468,-0.37877710386746644,0.6039283738379034
28.609819173812866,1.4931070310829402,-0.3679778690008322,0.6201973434646325
28.61151361465454,1.5219904004179832,-0.35814343505462864,0.6429652257986121
28.613264083862305,1.5423760274948082,-0.34309100786212865,0.6931414495920104
28.619783401489258,1.6116238379313959,-0.2822130329808579,0.8863874600767081
28.620938301086426,1.6314873793586957,-0.2705858801471682,0.9124990843526888
28.62190842628479,1.6480366657826087,-0.26048763415961096,0.9336899789393593
28.62485671043396,1.677287976583691,-0.23716920464291846,1.0045668215944206
28.62970757484436,1.6987981017110985,-0.19554797832584908,1.1947637068117096
28.630481243133545,1.703913177088336,-0.19086360155917667,1.2186305921106346
28.6332585811615,1.7099059961907084,-0.1673163096412389,1.3238116913232003
28.635003328323364,1.7257741546824004,-0.15299857440309106,1.370786043898914
28.63715958595276,1.7431807302662221,-0.12938768934237038,1.4393585184082962
28.63834524154663,1.7323005643724443,-0.11559629093807408,1.501051450803259
28.64450693130493,1.7298408928697917,-0.039810890640625,1.7875985166041666
28.645503520965576,1.7325552378370785,-0.02273251326404494,1.8308679783258428
28.648334503173828,1.7541200936363637,0.0179659096969697,1.9434613576363637
28.64987349510193,1.763879589484536,0.042802674072164947,1.9995610773505157
28.651581525802612,1.7509673381809046,0.07122625664824121,2.0853403646482414
28.65710163116455,1.7108648516126879,0.16920940362103506,2.3825149759866444
28.658270359039307,1.7155063752362272,0.18902336945742906,2.4323696451460766
28.659875631332397,1.726903124861294,0.21457117435757228,2.4985483960333523
28.662151098251343,1.7288298657028378,0.25658981315277163,2.6000857459185416
28.663283586502075,1.7067306419122188,0.276499616600794,2.659155974157036
28.669612407684326,1.6131525135339393,0.381544764944476,2.937801266784294
28.670700550079346,1.6118933056808356,0.39501630099941165,2.9674741277662893
28.673226833343506,1.5893772831350672,0.42688957243456377,3.0237833742307045
28.674877643585205,1.5821742955892375,0.45144121646670454,3.075519487813716
28.67695641517639,1.5296192335387744,0.48362720671681675,3.1549989426610514
28.68202257156372,1.423859704917192,0.571131148387106,3.406159638188252
28.68320870399475,1.4230976297130373,0.5991143951027221,3.4848464826402576
28.685038805007935,1.4223939870200193,0.6409249147507299,3.610137641295148
28.687216997146606,1.4076725897010869,0.6871402319904524,3.7670464006104583
28.68815279006958,1.374633880869565,0.7101186423349001,3.8454772426639248
28.692216396331787,1.2526491562786295,0.7907263153020739,4.135021191300872
28.693137407302856,1.1991915759179441,0.8095446794531109,4.206381645451308
28.694852113723755,1.1565487867829751,0.83838664569486,4.319324247156786
28.6967716217041,1.1353210293457117,0.8611141524768642,4.4358697142292955
28.698136806488037,1.1105265897312473,0.8782580499801649,4.52279830415952
28.699888706207275,1.085897016139966,0.8983623207204959,4.6247338462595495
28.70159888267517,0.9694307379680457,0.9229361657346647,4.738459685021969
28.70701813697815,0.5755721613888889,0.998588004388889,5.074890568222222
28.708376169204712,0.5493224801203238,1.0098272626982134,5.160159891764378
28.709831714630127,0.5282406921469329,1.0245467917902995,5.250026740270328
28.711448431015015,0.49760739779536395,1.0409807283809243,5.356743010336188
28.713255643844604,0.31749124532133677,1.0714265754704368,5.484398310005998
28.719695806503296,-0.2993197397650311,1.149596618771251,5.899503914860401
28.720848560333252,-0.33737198611663066,1.1587727140064796,5.973167581898488
28.723288774490356,-0.4146872233847656,1.1753730769796318,6.130686634620257
28.724847316741943,-0.4670433932156694,1.1849790354653467,6.229610476733248
28.73208522796631,-1.511730469797251,1.286093793983677,6.509686473118986
28.73326086997986,-1.5595940205372278,1.2935378261689576,6.57557629482102
28.734839916229248,-1.6205811331869187,1.2999573643312041,6.669020262100542
28.737223386764526,-1.761455874491223,1.3278375102775795,6.8079430972193515
28.73812437057495,-1.9518595566106751,1.344920805255887,6.818339153185243
28.744544506072998,-2.8498672540448533,1.4244686718785347,6.914149031261597
28.745415210723877,-2.872542785791728,1.4196258515635085,6.953709144672631
28.746561765670776,-2.898374701710619,1.4168956754752127,6.983649778356409
28.74814009666443,-2.9555373342855096,1.4138020996302387,7.027837816798741
28.749898433685303,-3.012989837615223,1.4210664881075976,7.092314817645306
28.751498699188232,-3.2642327238085844,1.4477558287969838,7.058311383136891
28.757042407989502,-4.055923805432494,1.5337132722149667,6.965265887933845
28.75825810432434,-4.0927127581886475,1.5395704860431072,7.012821410020487
28.759861946105957,-4.150924709777586,1.546589982550549,7.077273424853264
28.762147188186646,-4.266309191840792,1.5629261924922548,7.151017509417383
28.763249397277832,-4.463507795629518,1.5820952975481928,7.094383106430723
28.76767921447754,-4.998122035206072,1.6390456227511947,7.003583068734889
28.768612146377563,-5.144680844656311,1.6546555208733482,6.952574073101771
28.76986527442932,-5.188473409651712,1.6602732634986161,6.988685957974509
28.77154803276062,-5.240431170180412,1.6684585684536082,7.028062788603092
28.773277759552002,-5.2893120688854225,1.6759619683220597,7.0718150202581445
28.774888038635254,-5.330526940130072,1.6794512805077697,7.10435004084964
28.782039403915405,-6.022583083873652,1.7383949827600977,6.7934342500063245
28.78318977355957,-6.050507389576541,1.7411057623597814,6.803469275574098
28.785061597824097,-6.085210117056914,1.7458739271359636,6.822415758735634
28.78718590736389,-6.143436684311706,1.7506548273864597,6.82375715457828
28.788320302963257,-6.245256432081523,1.7588813979779971,6.744809317489704
28.794580698013306,-6.536670060908655,1.7695117089577108,6.5299003623479
28.79544234275818,-6.541223861593193,1.7676235188152352,6.525823167387358
28.796576023101807,-6.541639904826581,1.7663600802149697,6.516224978846766
28.798216581344604,-6.539975363669722,1.7642342934147808,6.5001784314538815
28.79989528656006,-6.528329127353348,1.7581290788483674,6.479353658330105
28.80157208442688,-6.5732352452762655,1.7523289263737793,6.392145253895531
28.807084321975708,-6.601374061148361,1.7182003615549166,6.143649889696377
28.80827522277832,-6.573368818116447,1.7105540944006612,6.113466807994249
28.80986762046814,-6.539148131488699,1.6997827053594268,6.072709272457277
28.81215190887451,-6.480627721454874,1.6777784346165765,6.005006580574609
28.813290119171143,-6.454937655498195,1.6703139315879965,5.962526060756318
28.819718599319458,-6.2936173360406205,1.589949141119605,5.766276521062341
28.820874452590942,-6.257516955496728,1.5806200630005949,5.736119270407942
28.82188844680786,-6.225069758409281,1.571510716380131,5.707808829924747
28.823323726654053,-6.179649524994423,1.5548283640587732,5.6668527444345775
28.8249351978302,-6.131494065224677,1.5399587847669862,5.628615686179658
28.827696800231934,-6.016736846584488,1.4965836066576204,5.60571668680717
28.828698873519897,-5.971107188414011,1.478581684647651,5.606309746661493
28.832093000411987,-5.824926980733113,1.4238483954002583,5.592743674131221
28.83325719833374,-5.78967486285573,1.408170701430231,5.571350658700703
28.834907293319702,-5.742954176936614,1.3920614411780652,5.542957916030025
28.83660054206848,-5.690948379915817,1.3763067721788536,5.51773721542264
28.838109970092773,-5.599056795468732,1.3463261125178259,5.542625634060929
28.843528985977173,-5.2445433955218625,1.248108508796897,5.6621745935
28.844914436340332,-5.202673894944072,1.2314505724809843,5.651159907646533
28.84655261039734,-5.15775390897584,1.2130635577548616,5.632204915534473
28.848131895065308,-5.111024055599369,1.1931991694898985,5.614791915179969
28.849945306777954,-5.06147288070733,1.1675841808628986,5.595718546461108
28.851588487625122,-4.936342192407922,1.129296603641738,5.6493058391779485
28.857083320617676,-4.5180906532936875,1.0178417997260627,5.780738380553027
28.858238458633423,-4.4848421025637615,1.0022045140326319,5.757386615699012
28.8598849773407,-4.440746807519984,0.9809329149079934,5.727196727225645
28.8621928691864,-4.348743277289493,0.9420282423369581,5.691802711207935
28.86332082748413,-4.219163241676708,0.9112616288602498,5.7356108813210875
28.869679927825928,-3.6696557735443434,0.7619668427521319,5.7630114974272315
28.870823621749878,-3.6244264447997354,0.739997391747243,5.718391766288928
28.871781587600708,-3.5844474239663286,0.7219772631770328,5.680541053646964
28.873204946517944,-3.5241720482110748,0.6947964905778508,5.623008782794491
28.874805212020874,-3.459434813623077,0.6607843836923077,5.556964390638462
28.87655234336853,-3.2669944334658,0.6149065618203627,5.544350254392118
28.882089614868164,-2.6607644956045537,0.48294598482748985,5.4342631292302
28.883236408233643,-2.6083813333793824,0.4627373809037575,5.369593729381059
28.884862184524536,-2.533939277504717,0.43222072682075474,5.276457182754717
28.8864905834198,-2.4564283258815864,0.40310964292697593,5.178006112421678
28.888238430023193,-2.2549596740607374,0.3625924787813759,5.121785144371287
28.894659996032715,-1.6521443806537697,0.24080415159174964,4.829333778271977
28.89575457572937,-1.5926219665745596,0.22876705998624838,4.759624641242802
28.89836287498474,-1.4798355946307957,0.20052340435346308,4.581346204372067
28.899895906448364,-1.422056369216727,0.18674644190969714,4.482102467766602
28.90151357650757,-1.2561919182294792,0.16173651122903793,4.395393708332745
28.9050612449646,-0.9749517287852736,0.12067220688235294,4.201845397682847
28.907104969024658,-0.7808256756658575,0.10586956612794517,4.093525362784521
28.908342361450195,-0.7379523685289162,0.09789912460431244,4.013251322259031
28.909972190856934,-0.6858908704110297,0.08822465767801235,3.9131590413086315
28.912166357040405,-0.6019597035328047,0.07236754618413843,3.7855566025453498
28.91329550743103,-0.4949816994607066,0.061492601621196824,3.7259789490566693
28.919807195663452,-0.1141474196032081,0.024147165802307583,3.3699544823060363
28.92099928855896,-0.0863132848063729,0.021142615314195493,3.3069353515890625
28.921957969665527,-0.0625337437728055,0.019254611958261617,3.2571414343347675
28.925057649612427,0.010049886250660736,0.00916552142175546,3.099926539886354
28.92652726173401,0.10280211634375,0.003841843422975353,3.023388702934419
28.932058334350586,0.37845259515599533,-0.0012675664511059372,2.747776743723516
28.933170795440674,0.39741063735040744,-0.0030748925282305,2.694380213692375
28.934996366500854,0.4255331669878117,6.057364752031381e-05,2.6102018133830205
28.93655800819397,0.44945451652532914,0.002620098932598741,2.5454733347550085
28.93813920021057,0.5160882067013044,0.0030918413297669647,2.466864854081489
28.944555282592773,0.7102913642586651,0.02000693479604698,2.185200324803208
28.94542670249939,0.7283767986567977,0.018094927045514804,2.1518388039709824
28.949637174606323,0.7782734039974979,0.027951689219349457,2.0039535362894076
28.950698852539062,0.8005303334482758,0.030188910622605362,1.9655162208601533
28.951719284057617,0.839329714137931,0.03184692875994695,1.9190258157732096
28.95706844329834,0.9651052155690545,0.04804466322492837,1.7270936754269341
28.958211660385132,0.9824154073799427,0.05166690446060172,1.6943529208137535
28.95980167388916,0.998136896,0.05498662214285714,1.6512889822857142
28.962185382843018,1.0284278420782123,0.06262965252513966,1.5894437672327748
28.96331524848938,1.0537293162380748,0.06354610018091963,1.5522835751993984
28.966513633728027,1.1106290706165733,0.06617805691610244,1.46326704759214
28.96956515312195,1.1600629612924411,0.07322472600371747,1.384697757567534
28.970574855804443,1.1697423786979935,0.07318293341413397,1.3640240299914428
28.97152328491211,1.1794606074613454,0.07196944093405135,1.3437781838645617
28.973214387893677,1.1924577189654486,0.07714201151030856,1.3101031050406655
28.97484564781189,1.1945330438131823,0.08291617203610412,1.288898584970193
28.981585264205933,1.2883306138817268,0.07191502223551154,1.1373479379716145
28.983234882354736,1.294759709832,0.074912209504,1.1128586031440002
28.984933376312256,1.3006605120834724,0.07185042418196995,1.093186112245409
28.987308025360107,1.322980545684233,0.06864747759982862,1.058662611666238
28.98826551437378,1.3362678751398172,0.06640811080405598,1.0310502675656954
28.98976445198059,1.34304701105247,0.0656472389935808,1.011822989390455
28.9946768283844,1.3986878028374805,0.05749598051756007,0.9095302705188397
28.995537757873535,1.3991487662357827,0.05661185824165592,0.9020124859263716
28.998144149780273,1.3967456683126254,0.05521307143744632,0.8824543579476095
28.999974012374878,1.3922623488105172,0.05492873718719634,0.8688545644464132
29.001620531082153,1.407473438267429,0.050271689008365865,0.8242738945599554
29.007079601287842,1.4363750997269986,0.0380150345205971,0.6960135715468637
29.00821590423584,1.4300910538200087,0.035650771529352664,0.6883951653542414
29.009798049926758,1.4220431189693747,0.03432311146413089,0.6764880709756677
29.012152433395386,1.4158214185475395,0.017063476014225577,0.6549430799886776
29.013102293014526,1.424564603511395,0.014983862134707504,0.6285096193621715
29.019649982452393,1.429544026413061,-0.003923801821389941,0.504156607368172
29.020734786987305,1.428130128935884,-0.008061623110651499,0.4811022714384695
29.021692037582397,1.4222651261932338,-0.010696497555916678,0.47535362065548825
29.023096799850464,1.4157837856070612,-0.012086140770011435,0.46999146378330475
29.02486300468445,1.4053686080621477,-0.01289450577890829,0.4620593444076722
29.02763843536377,1.4037620149523742,-0.027679567017214173,0.3829858984685124
29.02849841117859,1.4018455663343854,-0.032316709349017356,0.35478770484908906
29.032134294509888,1.3858236156574364,-0.04229296023294319,0.2909468256066229
29.033130407333374,1.379740691562946,-0.04248088793719669,0.28825728491978303
29.034847497940063,1.3676278043588421,-0.044021238705646316,0.28279641339237604
29.036515712738037,1.3543457515209916,-0.04641471995944978,0.27342965800272245
29.038241624832153,1.3457840491357143,-0.05261791275214286,0.2315574959557143
29.042502880096436,1.3201230401488813,-0.06158793975157774,0.16578386842742399
29.043365001678467,1.3143389696359724,-0.062342894372346525,0.14973621187205965
29.044782161712646,1.3058537520566365,-0.07227679677129269,0.13358949620276697
29.04671049118042,1.2891504288036661,-0.07708358448732636,0.12300020005427467
29.048105001449585,1.2807960982770619,-0.08215442553350516,0.11649122325128866
29.049930334091187,1.2716486358603516,-0.08709647357910157,0.11088298097265625
29.051568031311035,1.261076729806376,-0.09596576812459784,0.0792173146069026
29.05709719657898,1.2358754029853374,-0.12972146442563887,-0.0001744264461667365
29.058305978775024,1.2265484218416423,-0.13286431076832844,-0.0018711283900293254
29.059901237487793,1.2207153146884306,-0.14025049568041237,-0.004279332560423826
29.0622456073761,1.2107901035565862,-0.14761995634593977,-0.013643388506065363
29.063095808029175,1.20482067248423,-0.15241632507635222,-0.02464865027258456
29.069570779800415,1.1640548657922434,-0.1751282625990133,-0.07592728169165411
29.07064723968506,1.1586547161904897,-0.17770900379997193,-0.07739182480263711
29.07158660888672,1.1574752877741619,-0.17917992147426007,-0.07336136341955393
29.073274850845337,1.1463365648681156,-0.18472873761301217,-0.07547514211161697
29.074872732162476,1.1379230779744578,-0.19017335010459474,-0.07509508438441781
29.08207082748413,1.0815916049002865,-0.22187098478739256,-0.12506278543495702
29.08318281173706,1.0742673434928367,-0.22491753631518627,-0.1237288921260745
29.084799766540527,1.061028361366408,-0.22835603932538803,-0.1254757108691796
29.08717679977417,1.0484076863969662,-0.2320487478374356,-0.1275154574722381
29.088315725326538,1.0356613850525185,-0.2393580295217516,-0.13724334765512305
29.094566583633423,0.9895224764487749,-0.2543169749560109,-0.15455376952457373
29.095462322235107,0.9861337433659935,-0.2546248446087953,-0.15482890438461538
29.096601963043213,0.978476583239937,-0.2575426754754333,-0.15589116746153847
29.098187685012817,0.965829503905736,-0.25704776395866114,-0.15803786886940352
29.09992480278015,0.9590025496452421,-0.25948255256844743,-0.16093266564023373
29.10151171684265,0.9509209560822803,-0.2629271902062886,-0.16488488035968263
29.105021238327026,0.9345426515986258,-0.2692772648150587,-0.16794973839707986
29.107115507125854,0.9210461796630854,-0.27276916668629136,-0.16923224784400515
29.108285188674927,0.9218742135138233,-0.273659997477582,-0.16579083326214009
29.109912872314453,0.9127865752781955,-0.2742069553609023,-0.16976625711278195
29.112157583236694,0.9077122315901639,-0.27418798129274,-0.17319102609133488
29.11325740814209,0.9026370477469262,-0.27276237185933844,-0.1720832578946136
29.119636297225952,0.8797549376302156,-0.2748752641690003,-0.1652360788056567
29.120906591415405,0.875889040164689,-0.2751298275985704,-0.16481798122315938
29.121880769729614,0.8746087395253752,-0.2736451276568978,-0.16473199355825588
29.123109579086304,0.869095492353696,-0.2711360771470014,-0.16383097624546722
29.124934911727905,0.8621513786659023,-0.26816465217629354,-0.16433002519019635
29.13209080696106,0.8378829384925968,-0.26834222095387245,-0.15294097021469247
29.133196115493774,0.8346984770888383,-0.2670215305535308,-0.15056470142369022
29.134814500808716,0.8322930648759451,-0.26363377422710726,-0.15048794601204143
29.13718557357788,0.81999494221875,-0.2642237828333333,-0.15027288482291665
29.138315677642822,0.816997095890625,-0.26208603186111107,-0.14545865431076388
29.144549131393433,0.7973520871746209,-0.25514126700946155,-0.13246248015931544
29.145408868789673,0.7935178457535653,-0.25372013888106104,-0.1334133816902453
29.146531105041504,0.7917204403462635,-0.25126139728864805,-0.13465932163662295
29.14810037612915,0.7826909881211688,-0.2513127733488972,-0.13525889464050414
29.149970293045044,0.7766000993148071,-0.24527789838306172,-0.1358361608988717
29.15152883529663,0.775419557433441,-0.24433868485174845,-0.12796499798031147
29.157196521759033,0.7733881365546483,-0.24405083134078212,-0.09893085502965192
29.158121347427368,0.7734100030905314,-0.24348768288826816,-0.09821167309368285
29.159954071044922,0.7757951341823881,-0.2435527400937589,-0.10178327794115133
29.162139654159546,0.774676924877551,-0.23821885359740258,-0.09820410678107606
29.163244485855103,0.7775023990753532,-0.23886021123376622,-0.08907960404381333
29.166173696517944,0.7834695653683231,-0.2381359438426178,-0.0786491370813404
29.167054414749146,0.7871187980531528,-0.23736889248813164,-0.0699238724581331
29.16954207420349,0.7994947713693086,-0.23925871338842047,-0.05140391099044407
29.170519590377808,0.8028159305614789,-0.23912773808627114,-0.04815717188822012
29.173278093338013,0.8067684558364998,-0.23870313219955622,-0.042259157543197895
29.174936056137085,0.8140055107336442,-0.23981817910126765,-0.039276068004516974
29.17643117904663,0.821558941532929,-0.23498006291204507,-0.021712807853119583
29.181517601013184,0.8532573917207774,-0.23049229218776793,0.03139480043269506
29.18333649635315,0.8695153573190606,-0.2291325309445797,0.045772485701560936
29.18498158454895,0.8779668814035625,-0.2296083322541052,0.054197962687726135
29.187172889709473,0.901990634345977,-0.2221415119942529,0.07732814006954022
29.18831157684326,0.9113666167873563,-0.22094799233908047,0.09715036949712644
29.194525241851807,0.9732291231617022,-0.20843143844397163,0.199050138729078
29.195404529571533,0.9837301538418944,-0.20605274704521392,0.20961151131835742
29.199723958969116,1.0515132752264957,-0.1963022476880342,0.27842192059829063
29.20086359977722,1.0683663203992448,-0.19354294863571528,0.3067130199594462
29.20710563659668,1.1546529394029765,-0.1798152257378363,0.5037787677767602
29.208345651626587,1.1818349909015455,-0.177037750325415,0.547873156884087
29.209969997406006,1.2173483301748427,-0.17303080100503146,0.6051746954092243
29.212119579315186,1.2679239420574815,-0.1679266326760275,0.6913573943517625
29.213148593902588,1.2866280391842915,-0.1637253036890449,0.7533575663669738
29.219590425491333,1.390488334788148,-0.1366506108284175,1.0917938908311111
29.22068214416504,1.4112913487252159,-0.13502324021613576,1.1396658325043167
29.223156929016113,1.4661792540618557,-0.1273612612242268,1.2532447249779497
29.224921226501465,1.5000537093273274,-0.11932941948248249,1.331975451108108
29.228238582611084,1.5210782981452722,-0.10024206883037248,1.5456436413865329
29.23210859298706,1.5613240752646722,-0.07947793450747986,1.7714132805857308
29.233254194259644,1.575014038640679,-0.07152521715995397,1.8272713254102415
29.23484444618225,1.6074093531908196,-0.05981326060587991,1.9117031898602135
29.237171173095703,1.6441030880257326,-0.037889146528234455,2.053456255833453
29.238297939300537,1.6406038150687634,-0.025641653006004288,2.1420578897493927
29.243552207946777,1.6624434732370938,0.02068251092662413,2.5159710248932714
29.244813680648804,1.6846350114331403,0.02873632976840364,2.5829902392770885
29.246881246566772,1.7114220534808462,0.04456231707261292,2.698501769390509
29.24825358390808,1.7274210160789125,0.055675713416752384,2.772774480488611
29.249884605407715,1.7524761541786107,0.07053634754189636,2.863865999590959
29.25155758857727,1.7358174797079002,0.09131329617641817,2.9862464954377783
29.2571120262146,1.686219109048417,0.15181070024480733,3.346520560157141
29.25812005996704,1.6832637685418994,0.16316654196776964,3.3968102205960466
29.259948015213013,1.6762338620431274,0.18061770229660545,3.4838526912273236
29.26145839691162,1.672852432387182,0.1962348687505512,3.564531163240776
29.263163805007935,1.6272191896759778,0.22113255951138805,3.6747402274546626
29.269625186920166,1.4569964169243017,0.30405449318435757,4.088844079963268
29.270715713500977,1.4405915156863818,0.3147288819421854,4.150874326828626
29.27169442176819,1.4258816151052787,0.3253969010712701,4.212039285704865
29.273115634918213,1.40166965045922,0.337930009294815,4.2881311687704615
29.27493190765381,1.3679858230526691,0.35558545013516984,4.389684771881102
29.2765212059021,1.2886543304852838,0.37174590085130427,4.4894753270364065
29.28210687637329,0.9688943105376467,0.43183975880790154,4.823073709624678
29.283273696899414,0.9352440226023475,0.4392632079264243,4.884677024994846
29.284855604171753,0.9022883389247465,0.44602900988176497,4.9624087600631155
29.287166833877563,0.8280790475409696,0.4657767076310596,5.094407084824539
29.28830122947693,0.7190227815752896,0.4771987598455599,5.1764999709498065
29.29118013381958,0.5580197196668624,0.500728996188142,5.370136809468153
29.292032957077026,0.456637879099684,0.5120314805601838,5.435292653278656
29.294592142105103,0.23342614833153974,0.5460705058522352,5.6206704867255795
29.29546284675598,0.20543109714315017,0.5507741335449085,5.677964536614213
29.29661273956299,0.17364193175648351,0.5554331190382418,5.7527412451608795
29.298189163208008,0.121245061785232,0.568609739967677,5.855681918216492
29.299894332885742,0.06907474690325821,0.5789958959157456,5.955271303475097
29.30148220062256,-0.11235831536769957,0.5930408757361131,6.034822025284021
29.306244373321533,-0.6270906494462689,0.6263677614011143,6.21368566578229
29.30698871612549,-0.7502666468731117,0.6368620979546827,6.231377052096246
29.308165788650513,-0.7819426278016113,0.6386801569053374,6.2812323916550135
29.30977773666382,-0.8176945339496952,0.6420278943856708,6.34180602366311
29.312176942825317,-0.9150795905597826,0.649493174083524,6.41615349991762
29.313270330429077,-1.1057820449619566,0.6671627539851258,6.4221253744256295
29.31954288482666,-1.8420845248207751,0.7339114901458003,6.499041856338568
29.32060718536377,-1.8776126316057997,0.7407050793672122,6.545702662779788
29.32154083251953,-1.9145105136741316,0.7460120952977318,6.5890000308980765
29.323246717453003,-1.9782405571671202,0.7550694680150366,6.666285379708148
29.324835777282715,-2.036121738806742,0.7625613654796457,6.736078860495501
29.33207416534424,-3.045827628282233,0.8466949519696798,6.621852362533579
29.33318018913269,-3.0804652180198357,0.8488699212890337,6.638543134866818
29.334997177124023,-3.1208439886496073,0.8488960134209198,6.661359604412928
29.3371798992157,-3.198609812262136,0.85234295637158,6.66920674757105
29.338336944580078,-3.3915551271213595,0.8728287850642836,6.598535285589291
29.34459352493286,-3.9382183973106906,0.9291123817343595,6.391208433802429
29.345452547073364,-3.9649725164158927,0.9376415784643963,6.392273098003096
29.346587896347046,-3.9987614625771783,0.945062482550199,6.3974325912627155
29.348207235336304,-4.02859592156,0.94258643112,6.400233014306667
29.350101947784424,-4.044822137375645,0.9428376603375358,6.4146102769074504
29.351476430892944,-4.200640667136227,0.9583220027135514,6.328665394058261
29.357145309448242,-4.621466489601876,0.9956355529987212,6.103259229762575
29.358100175857544,-4.630683436583973,0.9953741234654732,6.110290299756181
29.35996127128601,-4.643895653954215,0.9908788363359008,6.11850765871288
29.362253665924072,-4.68265883222434,0.9782771165870127,6.120669853425602
29.363133907318115,-4.749848991399226,0.9750608685749713,6.082137833396359
29.3682119846344,-4.951064036169449,0.9661854077160585,5.981766130850643
29.370075225830078,-4.99494263236219,0.9460089502419093,5.962428371430421
29.37159299850464,-5.002015078493088,0.9371772667235023,5.960146402253456
29.373312950134277,-4.999928108900191,0.9304125800679584,5.965102914154557
29.374903202056885,-4.985554605716262,0.9215572470289187,5.970781955854988
29.38209819793701,-5.023057617388395,0.8745654540114612,5.851939634309312
29.383265495300293,-5.006376048256017,0.8665071009570201,5.837002253252579
29.38488483428955,-4.980614595472758,0.8606377178963398,5.816209879918972
29.387272596359253,-4.93720458407441,0.8516450011122828,5.7748588911817915
29.38813829421997,-4.920962571543888,0.8503402080302985,5.760022826334769
29.39458131790161,-4.780893680009562,0.7910275645072422,5.678616098906201
29.395452737808228,-4.766846862201561,0.7866465415808375,5.663014179278069
29.39656352996826,-4.752758519045423,0.7791108626970901,5.642909077871114
29.3981351852417,-4.730220231686532,0.7682486854702758,5.61835396256675
29.399846076965332,-4.701920119392396,0.754675436894548,5.5904004351111904
29.40157961845398,-4.63370649771922,0.7316003073493036,5.596618117419498
29.407224416732788,-4.377723711238893,0.6639751017668386,5.64605427448051
29.408203601837158,-4.360099893270278,0.6541547073966753,5.630720071932359
29.4098539352417,-4.330014194967401,0.6416890581638339,5.610413902252995
29.412256717681885,-4.27207126197423,0.6240025045833929,5.605585238302791
29.41313910484314,-4.205940533991696,0.6126116759324266,5.636637739397567
29.41969060897827,-3.8348316781310325,0.5334066110265365,5.7729438673288875
29.420788049697876,-3.811967416924897,0.5282302443744856,5.76775513230144
29.42328643798828,-3.7745808358560544,0.5093054908569009,5.752305600244143
29.424869298934937,-3.7476203500727117,0.49621420935110083,5.739118031488123
29.4304301738739,-3.339263712516086,0.44065686542573823,5.890073567009255
29.43211030960083,-3.1520977215110926,0.4210052934206781,5.964681876149016
29.433287620544434,-3.1320200016056927,0.41009146527249896,5.954793806401004
29.434879302978516,-3.1031350172006285,0.394134937429673,5.947167940464944
29.43726658821106,-3.002424817620394,0.37262765364481576,5.948351232543702
29.43816041946411,-2.8428795551776633,0.36391279046043984,6.008733460190231
